-0.1 0.0 -1.2 -1.1 4771	
-0.1 0.0 -1.6 -1.5 8702	
-0.1 0.0 -10.5 -10.4 5	
-0.1 0.0 -2.7 -2.6 22890	
-0.1 0.0 -3.0 -2.9 24487	
-0.1 0.0 -3.3 -3.2 23987	
-0.1 0.0 -3.8 -3.7 20444	
-0.1 0.0 -4.4 -4.3 15943	
-0.1 0.0 -5.5 -5.4 21593	
-0.1 0.0 -5.9 -5.8 24063	
-0.1 0.0 -6.1 -6.0 24086	
-0.1 0.0 -7.2 -7.1 12353	
-0.1 0.0 -7.6 -7.5 7308	
-0.1 0.0 -8.7 -8.6 748	
-0.1 0.0 -9.0 -8.9 304	
-0.1 0.0 -9.3 -9.2 117	
-0.1 0.0 0.5 0.6 1752	
-0.1 0.0 1.1 1.2 4737	
-0.1 0.0 1.8 1.9 12841	
-0.1 0.0 2.4 2.5 20840	
-0.1 0.0 3.7 3.8 20119	
-0.1 0.0 4.1 4.2 16930	
-0.1 0.0 4.8 4.9 16840	
-0.1 0.0 5.4 5.5 21661	
-0.1 0.0 6.0 6.1 24107	
-0.1 0.0 6.7 6.8 17915	
-0.1 0.0 7.3 7.4 9561	
-0.1 0.0 8.6 8.7 695	
-0.1 0.0 8.9 9.0 316	
-0.1 0.0 9.0 9.1 213	
-0.1 0.0 9.7 9.8 26	
-0.2 -0.1 -0.4 -0.3 1420	
-0.2 -0.1 -0.8 -0.7 2388	
-0.2 -0.1 -1.9 -1.8 12672	
-0.2 -0.1 -10.2 -10.1 4	
-0.2 -0.1 -2.1 -2.0 15321	
-0.2 -0.1 -2.5 -2.4 20765	
-0.2 -0.1 -3.6 -3.5 22103	
-0.2 -0.1 -4.2 -4.1 16532	
-0.2 -0.1 -5.0 -4.9 16939	
-0.2 -0.1 -5.3 -5.2 19723	
-0.2 -0.1 -6.4 -6.3 22217	
-0.2 -0.1 -6.8 -6.7 17845	
-0.2 -0.1 -7.9 -7.8 4302	
-0.2 -0.1 -8.1 -8.0 2847	
-0.2 -0.1 -8.5 -8.4 1174	
-0.2 -0.1 -9.6 -9.5 43	
-0.2 -0.1 0.6 0.7 2022	
-0.2 -0.1 0.9 1.0 3324	
-0.2 -0.1 1.0 1.1 4025	
-0.2 -0.1 1.7 1.8 11296	
-0.2 -0.1 10.0 10.1 10	
-0.2 -0.1 2.3 2.4 19436	
-0.2 -0.1 3.6 3.7 21050	
-0.2 -0.1 3.9 4.0 18353	
-0.2 -0.1 4.2 4.3 16281	
-0.2 -0.1 5.5 5.6 22396	
-0.2 -0.1 6.6 6.7 19362	
-0.2 -0.1 6.8 6.9 16555	
-0.2 -0.1 7.2 7.3 10790	
-0.2 -0.1 8.5 8.6 917	
-0.2 -0.1 9.1 9.2 171	
-0.2 -0.1 9.8 9.9 16	
-0.3 -0.2 -0.6 -0.5 1795	
-0.3 -0.2 -1.7 -1.6 9729	
-0.3 -0.2 -10.0 -9.9 4	
-0.3 -0.2 -10.3 -10.2 5	
-0.3 -0.2 -2.0 -1.9 13848	
-0.3 -0.2 -2.3 -2.2 17978	
-0.3 -0.2 -3.4 -3.3 22918	
-0.3 -0.2 -3.8 -3.7 19696	
-0.3 -0.2 -4.9 -4.8 16319	
-0.3 -0.2 -5.1 -5.0 17634	
-0.3 -0.2 -6.6 -6.5 20000	
-0.3 -0.2 -7.7 -7.6 5902	
-0.3 -0.2 -8.0 -7.9 3491	
-0.3 -0.2 -8.3 -8.2 1896	
-0.3 -0.2 -9.4 -9.3 80	
-0.3 -0.2 -9.8 -9.7 23	
-0.3 -0.2 0.4 0.5 1591	
-0.3 -0.2 1.0 1.1 4061	
-0.3 -0.2 1.7 1.8 11049	
-0.3 -0.2 10.2 10.3 2	
-0.3 -0.2 2.3 2.4 19324	
-0.3 -0.2 3.6 3.7 20657	
-0.3 -0.2 3.9 4.0 17743	
-0.3 -0.2 4.0 4.1 17231	
-0.3 -0.2 4.7 4.8 15836	
-0.3 -0.2 5.3 5.4 20194	
-0.3 -0.2 6.6 6.7 18684	
-0.3 -0.2 6.9 7.0 14630	
-0.3 -0.2 7.2 7.3 10546	
-0.3 -0.2 8.5 8.6 886	
-0.3 -0.2 9.8 9.9 16	
-0.4 -0.3 -0.4 -0.3 1574	
-0.4 -0.3 -1.5 -1.4 7053	
-0.4 -0.3 -1.9 -1.8 12168	
-0.4 -0.3 -2.1 -2.0 14936	
-0.4 -0.3 -3.2 -3.1 23222	
-0.4 -0.3 -3.6 -3.5 21037	
-0.4 -0.3 -4.7 -4.6 14931	
-0.4 -0.3 -5.0 -4.9 16583	
-0.4 -0.3 -5.3 -5.2 18961	
-0.4 -0.3 -6.4 -6.3 21037	
-0.4 -0.3 -7.5 -7.4 7931	
-0.4 -0.3 -7.9 -7.8 4030	
-0.4 -0.3 -8.1 -8.0 2763	
-0.4 -0.3 -9.2 -9.1 160	
-0.4 -0.3 -9.6 -9.5 38	
-0.4 -0.3 0.4 0.5 1752	
-0.4 -0.3 1.0 1.1 4060	
-0.4 -0.3 1.7 1.8 10620	
-0.4 -0.3 10.0 10.1 6	
-0.4 -0.3 2.1 2.2 16545	
-0.4 -0.3 2.8 2.9 23117	
-0.4 -0.3 3.4 3.5 21968	
-0.4 -0.3 4.0 4.1 17005	
-0.4 -0.3 4.7 4.8 15441	
-0.4 -0.3 5.3 5.4 19617	
-0.4 -0.3 6.6 6.7 18305	
-0.4 -0.3 6.9 7.0 14455	
-0.4 -0.3 7.0 7.1 12863	
-0.4 -0.3 8.3 8.4 1366	
-0.4 -0.3 9.6 9.7 33	
-0.5 -0.4 -0.2 -0.1 1527	
-0.5 -0.4 -1.7 -1.6 9354	
-0.5 -0.4 -2.0 -1.9 13241	
-0.5 -0.4 -2.8 -2.7 22060	
-0.5 -0.4 -3.4 -3.3 21892	
-0.5 -0.4 -4.5 -4.4 14469	
-0.5 -0.4 -4.9 -4.8 15084	
-0.5 -0.4 -5.1 -5.0 16468	
-0.5 -0.4 -6.2 -6.1 21638	
-0.5 -0.4 -6.6 -6.5 18570	
-0.5 -0.4 -7.7 -7.6 5589	
-0.5 -0.4 -8.0 -7.9 3215	
-0.5 -0.4 -8.8 -8.7 475	
-0.5 -0.4 -9.4 -9.3 87	
-0.5 -0.4 0.2 0.3 1562	
-0.5 -0.4 1.5 1.6 8199	
-0.5 -0.4 2.1 2.2 15679	
-0.5 -0.4 2.8 2.9 22547	
-0.5 -0.4 3.4 3.5 21307	
-0.5 -0.4 4.0 4.1 16036	
-0.5 -0.4 4.7 4.8 14836	
-0.5 -0.4 5.1 5.2 17262	
-0.5 -0.4 6.4 6.5 19804	
-0.5 -0.4 7.0 7.1 12584	
-0.5 -0.4 7.7 7.8 4711	
-0.5 -0.4 8.3 8.4 1374	
-0.5 -0.4 9.6 9.7 22	
-0.6 -0.5 -0.4 -0.3 1898	
-0.6 -0.5 -1.5 -1.4 6847	
-0.6 -0.5 -10.0 -9.9 7	
-0.6 -0.5 -2.1 -2.0 13872	
-0.6 -0.5 -2.6 -2.5 19959	
-0.6 -0.5 -3.2 -3.1 21982	
-0.6 -0.5 -4.3 -4.2 14327	
-0.6 -0.5 -4.7 -4.6 13785	
-0.6 -0.5 -5.8 -5.7 20528	
-0.6 -0.5 -6.4 -6.3 19172	
-0.6 -0.5 -7.5 -7.4 7104	
-0.6 -0.5 -8.1 -8.0 2543	
-0.6 -0.5 -9.2 -9.1 139	
-0.6 -0.5 0.2 0.3 1850	
-0.6 -0.5 1.5 1.6 7921	
-0.6 -0.5 10.0 10.1 7	
-0.6 -0.5 2.1 2.2 15146	
-0.6 -0.5 2.8 2.9 21640	
-0.6 -0.5 3.2 3.3 21561	
-0.6 -0.5 4.5 4.6 13857	
-0.6 -0.5 5.1 5.2 16368	
-0.6 -0.5 5.8 5.9 20685	
-0.6 -0.5 6.4 6.5 18450	
-0.6 -0.5 7.0 7.1 11618	
-0.6 -0.5 7.7 7.8 4444	
-0.6 -0.5 8.1 8.2 2015	
-0.6 -0.5 8.3 8.4 1274	
-0.6 -0.5 9.4 9.5 57	
-0.7 -0.6 -0.2 -0.1 2041	
-0.7 -0.6 -1.0 -0.9 3504	
-0.7 -0.6 -1.3 -1.2 5146	
-0.7 -0.6 -1.7 -1.6 8932	
-0.7 -0.6 -10.4 -10.3 1	
-0.7 -0.6 -10.9 -10.8 1	
-0.7 -0.6 -2.8 -2.7 20443	
-0.7 -0.6 -3.9 -3.8 16341	
-0.7 -0.6 -4.5 -4.4 13060	
-0.7 -0.6 -5.6 -5.5 18144	
-0.7 -0.6 -6.2 -6.1 19098	
-0.7 -0.6 -7.0 -6.9 12253	
-0.7 -0.6 -7.3 -7.2 8947	
-0.7 -0.6 -7.7 -7.6 4975	
-0.7 -0.6 -8.8 -8.7 382	
-0.7 -0.6 -9.9 -9.8 13	
-0.7 -0.6 0.2 0.3 2037	
-0.7 -0.6 1.3 1.4 5985	
-0.7 -0.6 2.6 2.7 19559	
-0.7 -0.6 2.9 3.0 20858	
-0.7 -0.6 3.2 3.3 20951	
-0.7 -0.6 4.5 4.6 13046	
-0.7 -0.6 5.1 5.2 15582	
-0.7 -0.6 5.8 5.9 19151	
-0.7 -0.6 6.2 6.3 18865	
-0.7 -0.6 6.4 6.5 17540	
-0.7 -0.6 7.5 7.6 5753	
-0.7 -0.6 8.1 8.2 1927	
-0.7 -0.6 8.8 8.9 362	
-0.7 -0.6 9.4 9.5 51	
-0.8 -0.7 -0.1 0.0 2341	
-0.8 -0.7 -0.9 -0.8 3328	
-0.8 -0.7 -1.1 -1.0 4072	
-0.8 -0.7 -1.5 -1.4 6513	
-0.8 -0.7 -10.5 -10.4 1	
-0.8 -0.7 -2.6 -2.5 17841	
-0.8 -0.7 -3.2 -3.1 20107	
-0.8 -0.7 -4.0 -3.9 15052	
-0.8 -0.7 -4.3 -4.2 13009	
-0.8 -0.7 -5.4 -5.3 15958	
-0.8 -0.7 -5.8 -5.7 18060	
-0.8 -0.7 -6.9 -6.8 12503	
-0.8 -0.7 -7.1 -7.0 10583	
-0.8 -0.7 -7.5 -7.4 6292	
-0.8 -0.7 -8.6 -8.5 689	
-0.8 -0.7 -9.2 -9.1 128	
-0.8 -0.7 0.0 0.1 2423	
-0.8 -0.7 0.7 0.8 2996	
-0.8 -0.7 1.3 1.4 5878	
-0.8 -0.7 2.6 2.7 18835	
-0.8 -0.7 2.9 3.0 20176	
-0.8 -0.7 3.2 3.3 19506	
-0.8 -0.7 4.3 4.4 12733	
-0.8 -0.7 4.5 4.6 12264	
-0.8 -0.7 5.6 5.7 17785	
-0.8 -0.7 5.9 6.0 18130	
-0.8 -0.7 6.2 6.3 17330	
-0.8 -0.7 7.5 7.6 5491	
-0.8 -0.7 8.1 8.2 1781	
-0.8 -0.7 8.8 8.9 326	
-0.8 -0.7 9.4 9.5 51	
-0.9 -0.8 -0.7 -0.6 3115	
-0.9 -0.8 -1.0 -0.9 3911	
-0.9 -0.8 -1.3 -1.2 5195	
-0.9 -0.8 -10.0 -9.9 7	
-0.9 -0.8 -10.1 -10.0 3	
-0.9 -0.8 -2.4 -2.3 15436	
-0.9 -0.8 -2.8 -2.7 18665	
-0.9 -0.8 -3.9 -3.8 14787	
-0.9 -0.8 -4.1 -4.0 13557	
-0.9 -0.8 -5.6 -5.5 15699	
-0.9 -0.8 -6.7 -6.6 13387	
-0.9 -0.8 -7.0 -6.9 10521	
-0.9 -0.8 -7.3 -7.2 7662	
-0.9 -0.8 -8.4 -8.3 1035	
-0.9 -0.8 -8.8 -8.7 337	
-0.9 -0.8 -9.9 -9.8 12	
-0.9 -0.8 0.0 0.1 2751	
-0.9 -0.8 0.7 0.8 3296	
-0.9 -0.8 1.3 1.4 5860	
-0.9 -0.8 2.4 2.5 16426	
-0.9 -0.8 2.6 2.7 17918	
-0.9 -0.8 2.9 3.0 19238	
-0.9 -0.8 3.0 3.1 19040	
-0.9 -0.8 3.7 3.8 15752	
-0.9 -0.8 4.3 4.4 12011	
-0.9 -0.8 5.6 5.7 16314	
-0.9 -0.8 5.9 6.0 16829	
-0.9 -0.8 6.2 6.3 16417	
-0.9 -0.8 7.5 7.6 5050	
-0.9 -0.8 8.6 8.7 486	
-0.9 -0.8 8.9 9.0 214	
-0.9 -0.8 9.2 9.3 84	
-1.0 -0.9 -0.7 -0.6 3607	
-1.0 -0.9 -1.0 -0.9 4132	
-1.0 -0.9 -1.3 -1.2 5460	
-1.0 -0.9 -10.0 -9.9 4	
-1.0 -0.9 -10.5 -10.4 1	
-1.0 -0.9 -2.4 -2.3 15011	
-1.0 -0.9 -2.8 -2.7 17763	
-1.0 -0.9 -3.9 -3.8 14260	
-1.0 -0.9 -4.1 -4.0 12552	
-1.0 -0.9 -4.5 -4.4 10860	
-1.0 -0.9 -5.6 -5.5 14546	
-1.0 -0.9 -6.7 -6.6 12388	
-1.0 -0.9 -7.0 -6.9 9668	
-1.0 -0.9 -7.3 -7.2 6840	
-1.0 -0.9 -8.4 -8.3 964	
-1.0 -0.9 -8.8 -8.7 333	
-1.0 -0.9 -9.9 -9.8 5	
-1.0 -0.9 0.5 0.6 3443	
-1.0 -0.9 1.1 1.2 4785	
-1.0 -0.9 1.8 1.9 9672	
-1.0 -0.9 10.3 10.4 1	
-1.0 -0.9 2.4 2.5 15576	
-1.0 -0.9 3.7 3.8 15066	
-1.0 -0.9 4.1 4.2 12046	
-1.0 -0.9 4.8 4.9 11077	
-1.0 -0.9 5.4 5.5 13723	
-1.0 -0.9 6.0 6.1 15419	
-1.0 -0.9 6.7 6.8 11465	
-1.0 -0.9 7.3 7.4 5962	
-1.0 -0.9 8.6 8.7 483	
-1.0 -0.9 8.9 9.0 201	
-1.0 -0.9 9.0 9.1 143	
-1.0 -0.9 9.7 9.8 17	
-1.1 -1.0 -0.4 -0.3 3911	
-1.1 -1.0 -1.5 -1.4 6544	
-1.1 -1.0 -2.1 -2.0 11453	
-1.1 -1.0 -3.2 -3.1 17505	
-1.1 -1.0 -4.3 -4.2 10910	
-1.1 -1.0 -4.7 -4.6 9836	
-1.1 -1.0 -5.0 -4.9 10657	
-1.1 -1.0 -5.8 -5.7 13923	
-1.1 -1.0 -6.4 -6.3 13016	
-1.1 -1.0 -7.5 -7.4 4680	
-1.1 -1.0 -7.9 -7.8 2490	
-1.1 -1.0 -8.1 -8.0 1668	
-1.1 -1.0 -9.2 -9.1 110	
-1.1 -1.0 0.0 0.1 4044	
-1.1 -1.0 0.7 0.8 4109	
-1.1 -1.0 1.1 1.2 5127	
-1.1 -1.0 10.0 10.1 5	
-1.1 -1.0 2.4 2.5 15077	
-1.1 -1.0 3.0 3.1 17575	
-1.1 -1.0 3.7 3.8 14219	
-1.1 -1.0 4.3 4.4 10564	
-1.1 -1.0 5.6 5.7 13517	
-1.1 -1.0 5.9 6.0 14191	
-1.1 -1.0 6.0 6.1 13817	
-1.1 -1.0 6.2 6.3 13671	
-1.1 -1.0 7.3 7.4 5576	
-1.1 -1.0 8.6 8.7 404	
-1.1 -1.0 8.9 9.0 187	
-1.1 -1.0 9.2 9.3 69	
-1.2 -1.1 -0.2 -0.1 4675	
-1.2 -1.1 -1.0 -0.9 4847	
-1.2 -1.1 -1.3 -1.2 5620	
-1.2 -1.1 -1.7 -1.6 7849	
-1.2 -1.1 -10.0 -9.9 5	
-1.2 -1.1 -2.8 -2.7 16326	
-1.2 -1.1 -3.4 -3.3 15959	
-1.2 -1.1 -3.9 -3.8 12625	
-1.2 -1.1 -4.5 -4.4 9409	
-1.2 -1.1 -5.6 -5.5 11768	
-1.2 -1.1 -6.2 -6.1 12424	
-1.2 -1.1 -7.3 -7.2 5681	
-1.2 -1.1 -7.7 -7.6 3187	
-1.2 -1.1 -8.8 -8.7 312	
-1.2 -1.1 -9.4 -9.3 30	
-1.2 -1.1 0.5 0.6 4472	
-1.2 -1.1 1.1 1.2 5287	
-1.2 -1.1 1.8 1.9 9425	
-1.2 -1.1 2.4 2.5 14686	
-1.2 -1.1 3.0 3.1 16853	
-1.2 -1.1 3.7 3.8 13576	
-1.2 -1.1 4.1 4.2 10965	
-1.2 -1.1 4.3 4.4 9785	
-1.2 -1.1 5.4 5.5 11483	
-1.2 -1.1 6.0 6.1 12428	
-1.2 -1.1 6.7 6.8 9329	
-1.2 -1.1 7.3 7.4 4874	
-1.2 -1.1 8.6 8.7 377	
-1.2 -1.1 8.9 9.0 167	
-1.2 -1.1 9.2 9.3 55	
-1.3 -1.2 -0.1 0.0 5490	
-1.3 -1.2 -0.9 -0.8 5226	
-1.3 -1.2 -1.1 -1.0 5390	
-1.3 -1.2 -1.5 -1.4 6546	
-1.3 -1.2 -2.6 -2.5 14855	
-1.3 -1.2 -3.2 -3.1 15990	
-1.3 -1.2 -4.0 -3.9 11585	
-1.3 -1.2 -4.3 -4.2 9670	
-1.3 -1.2 -5.8 -5.7 10858	
-1.3 -1.2 -6.9 -6.8 7670	
-1.3 -1.2 -7.1 -7.0 6234	
-1.3 -1.2 -7.5 -7.4 3705	
-1.3 -1.2 -8.6 -8.5 418	
-1.3 -1.2 -9.2 -9.1 84	
-1.3 -1.2 0.5 0.6 5216	
-1.3 -1.2 1.1 1.2 5717	
-1.3 -1.2 1.8 1.9 9093	
-1.3 -1.2 10.5 10.6 1	
-1.3 -1.2 2.2 2.3 12565	
-1.3 -1.2 2.4 2.5 13988	
-1.3 -1.2 3.5 3.6 14396	
-1.3 -1.2 4.1 4.2 10327	
-1.3 -1.2 4.8 4.9 8483	
-1.3 -1.2 5.4 5.5 10192	
-1.3 -1.2 6.0 6.1 11172	
-1.3 -1.2 6.7 6.8 8126	
-1.3 -1.2 7.3 7.4 4550	
-1.3 -1.2 8.4 8.5 518	
-1.3 -1.2 9.0 9.1 96	
-1.3 -1.2 9.7 9.8 8	
-1.4 -1.3 -0.7 -0.6 5991	
-1.4 -1.3 -1.0 -0.9 5741	
-1.4 -1.3 -1.3 -1.2 6000	
-1.4 -1.3 -10.1 -10.0 7	
-1.4 -1.3 -2.4 -2.3 12925	
-1.4 -1.3 -2.8 -2.7 15544	
-1.4 -1.3 -3.9 -3.8 12015	
-1.4 -1.3 -4.1 -4.0 10393	
-1.4 -1.3 -4.5 -4.4 8343	
-1.4 -1.3 -5.6 -5.5 9244	
-1.4 -1.3 -6.7 -6.6 7818	
-1.4 -1.3 -7.0 -6.9 5992	
-1.4 -1.3 -7.3 -7.2 4298	
-1.4 -1.3 -8.4 -8.3 579	
-1.4 -1.3 -8.8 -8.7 207	
-1.4 -1.3 -9.9 -9.8 1	
-1.4 -1.3 0.3 0.4 6084	
-1.4 -1.3 0.5 0.6 6080	
-1.4 -1.3 1.6 1.7 7944	
-1.4 -1.3 1.9 2.0 10139	
-1.4 -1.3 2.2 2.3 12402	
-1.4 -1.3 3.5 3.6 14144	
-1.4 -1.3 4.1 4.2 9703	
-1.4 -1.3 4.8 4.9 7813	
-1.4 -1.3 5.4 5.5 9144	
-1.4 -1.3 6.5 6.6 8348	
-1.4 -1.3 7.1 7.2 5050	
-1.4 -1.3 7.8 7.9 1744	
-1.4 -1.3 8.4 8.5 483	
-1.4 -1.3 9.0 9.1 95	
-1.4 -1.3 9.7 9.8 9	
-1.5 -1.4 -0.9 -0.8 6557	
-1.5 -1.4 -1.1 -1.0 6391	
-1.5 -1.4 -10.0 -9.9 1	
-1.5 -1.4 -2.2 -2.1 11662	
-1.5 -1.4 -2.6 -2.5 14393	
-1.5 -1.4 -3.7 -3.6 13214	
-1.5 -1.4 -4.0 -3.9 10897	
-1.5 -1.4 -4.3 -4.2 8807	
-1.5 -1.4 -5.4 -5.3 7726	
-1.5 -1.4 -6.9 -6.8 5895	
-1.5 -1.4 -7.1 -7.0 4839	
-1.5 -1.4 -8.2 -8.1 832	
-1.5 -1.4 -8.6 -8.5 321	
-1.5 -1.4 -9.7 -9.6 14	
-1.5 -1.4 0.3 0.4 7408	
-1.5 -1.4 1.6 1.7 8140	
-1.5 -1.4 1.9 2.0 10103	
-1.5 -1.4 2.2 2.3 12265	
-1.5 -1.4 3.5 3.6 13762	
-1.5 -1.4 4.6 4.7 7286	
-1.5 -1.4 4.9 5.0 7222	
-1.5 -1.4 5.2 5.3 7614	
-1.5 -1.4 6.5 6.6 7296	
-1.5 -1.4 7.1 7.2 4344	
-1.5 -1.4 7.8 7.9 1546	
-1.5 -1.4 8.4 8.5 418	
-1.5 -1.4 9.5 9.6 19	
-1.6 -1.5 -0.7 -0.6 7740	
-1.6 -1.5 -1.0 -0.9 7279	
-1.6 -1.5 -1.8 -1.7 8782	
-1.6 -1.5 -2.4 -2.3 12935	
-1.6 -1.5 -3.5 -3.4 14155	
-1.6 -1.5 -3.9 -3.8 11450	
-1.6 -1.5 -4.1 -4.0 9819	
-1.6 -1.5 -5.2 -5.1 6618	
-1.6 -1.5 -5.6 -5.5 7042	
-1.6 -1.5 -6.7 -6.6 5829	
-1.6 -1.5 -7.0 -6.9 4544	
-1.6 -1.5 -7.3 -7.2 3281	
-1.6 -1.5 -7.8 -7.7 1483	
-1.6 -1.5 -8.4 -8.3 443	
-1.6 -1.5 -9.5 -9.4 17	
-1.6 -1.5 -9.9 -9.8 5	
-1.6 -1.5 0.3 0.4 8368	
-1.6 -1.5 1.6 1.7 8293	
-1.6 -1.5 1.9 2.0 10006	
-1.6 -1.5 2.0 2.1 10966	
-1.6 -1.5 2.7 2.8 15174	
-1.6 -1.5 3.3 3.4 14799	
-1.6 -1.5 4.6 4.7 6918	
-1.6 -1.5 4.9 5.0 6514	
-1.6 -1.5 5.2 5.3 6751	
-1.6 -1.5 6.5 6.6 6274	
-1.6 -1.5 7.6 7.7 1855	
-1.6 -1.5 7.9 8.0 1076	
-1.6 -1.5 8.2 8.3 562	
-1.6 -1.5 9.5 9.6 11	
-1.7 -1.6 -0.1 0.0 9913	
-1.7 -1.6 -0.5 -0.4 9281	
-1.7 -1.6 -1.1 -1.0 7888	
-1.7 -1.6 -2.2 -2.1 11807	
-1.7 -1.6 -3.3 -3.2 15330	
-1.7 -1.6 -3.7 -3.6 13147	
-1.7 -1.6 -4.0 -3.9 10776	
-1.7 -1.6 -4.8 -4.7 6101	
-1.7 -1.6 -5.4 -5.3 6022	
-1.7 -1.6 -6.5 -6.4 5532	
-1.7 -1.6 -6.9 -6.8 4317	
-1.7 -1.6 -7.1 -7.0 3544	
-1.7 -1.6 -8.2 -8.1 630	
-1.7 -1.6 -9.7 -9.6 5	
-1.7 -1.6 0.1 0.2 9870	
-1.7 -1.6 0.8 0.9 8450	
-1.7 -1.6 1.4 1.5 8040	
-1.7 -1.6 2.0 2.1 11278	
-1.7 -1.6 2.7 2.8 15566	
-1.7 -1.6 3.3 3.4 15095	
-1.7 -1.6 4.6 4.7 6503	
-1.7 -1.6 4.9 5.0 5902	
-1.7 -1.6 5.0 5.1 5722	
-1.7 -1.6 5.7 5.8 6167	
-1.7 -1.6 6.3 6.4 5777	
-1.7 -1.6 7.6 7.7 1613	
-1.7 -1.6 7.9 8.0 852	
-1.7 -1.6 8.2 8.3 500	
-1.7 -1.6 9.5 9.6 10	
-1.8 -1.7 -0.3 -0.2 10979	
-1.8 -1.7 -0.7 -0.6 10050	
-1.8 -1.7 -1.8 -1.7 9637	
-1.8 -1.7 -10.0 -9.9 2	
-1.8 -1.7 -2.4 -2.3 13760	
-1.8 -1.7 -2.9 -2.8 16231	
-1.8 -1.7 -3.5 -3.4 14797	
-1.8 -1.7 -4.6 -4.5 6515	
-1.8 -1.7 -5.2 -5.1 5229	
-1.8 -1.7 -6.3 -6.2 5006	
-1.8 -1.7 -6.7 -6.6 4300	
-1.8 -1.7 -7.8 -7.7 1144	
-1.8 -1.7 -8.4 -8.3 341	
-1.8 -1.7 -9.5 -9.4 7	
-1.8 -1.7 0.1 0.2 11300	
-1.8 -1.7 0.8 0.9 9451	
-1.8 -1.7 1.4 1.5 8847	
-1.8 -1.7 10.3 10.4 1	
-1.8 -1.7 2.0 2.1 11704	
-1.8 -1.7 2.7 2.8 15992	
-1.8 -1.7 3.1 3.2 15893	
-1.8 -1.7 3.8 3.9 12069	
-1.8 -1.7 4.4 4.5 7194	
-1.8 -1.7 5.0 5.1 5326	
-1.8 -1.7 5.7 5.8 5382	
-1.8 -1.7 6.3 6.4 4903	
-1.8 -1.7 7.6 7.7 1376	
-1.8 -1.7 7.9 8.0 778	
-1.8 -1.7 8.0 8.1 662	
-1.8 -1.7 8.7 8.8 119	
-1.8 -1.7 9.3 9.4 22	
-1.9 -1.8 -0.5 -0.4 11772	
-1.9 -1.8 -1.6 -1.5 9543	
-1.9 -1.8 -2.2 -2.1 12854	
-1.9 -1.8 -3.0 -2.9 16714	
-1.9 -1.8 -3.3 -3.2 16264	
-1.9 -1.8 -4.8 -4.7 5523	
-1.9 -1.8 -5.9 -5.8 4612	
-1.9 -1.8 -6.1 -6.0 4352	
-1.9 -1.8 -6.5 -6.4 3898	
-1.9 -1.8 -7.6 -7.5 1262	
-1.9 -1.8 -8.2 -8.1 423	
-1.9 -1.8 -9.0 -8.9 52	
-1.9 -1.8 -9.3 -9.2 18	
-1.9 -1.8 -9.7 -9.6 5	
-1.9 -1.8 0.1 0.2 12611	
-1.9 -1.8 0.8 0.9 10272	
-1.9 -1.8 1.2 1.3 9157	
-1.9 -1.8 10.1 10.2 1	
-1.9 -1.8 2.5 2.6 15319	
-1.9 -1.8 3.1 3.2 16473	
-1.9 -1.8 3.8 3.9 12021	
-1.9 -1.8 4.4 4.5 6981	
-1.9 -1.8 5.0 5.1 4787	
-1.9 -1.8 5.7 5.8 4572	
-1.9 -1.8 6.1 6.2 4405	
-1.9 -1.8 6.8 6.9 2986	
-1.9 -1.8 7.4 7.5 1455	
-1.9 -1.8 8.0 8.1 510	
-1.9 -1.8 8.7 8.8 105	
-1.9 -1.8 9.3 9.4 19	
-10.0 -9.9 -0.5 -0.4 3	
-10.0 -9.9 -0.9 -0.8 12	
-10.0 -9.9 -1.1 -1.0 5	
-10.0 -9.9 0.4 0.5 7	
-10.0 -9.9 1.5 1.6 1	
-10.0 -9.9 1.7 1.8 1	
-10.0 -9.9 2.1 2.2 1	
-10.1 -10.0 -0.5 -0.4 5	
-10.1 -10.0 -0.9 -0.8 1	
-10.1 -10.0 -1.1 -1.0 2	
-10.1 -10.0 0.1 0.2 4	
-10.1 -10.0 0.8 0.9 4	
-10.1 -10.0 1.4 1.5 3	
-10.2 -10.1 -0.3 -0.2 4	
-10.2 -10.1 -0.7 -0.6 3	
-10.2 -10.1 -1.0 -0.9 2	
-10.2 -10.1 -1.8 -1.7 1	
-10.2 -10.1 0.4 0.5 4	
-10.2 -10.1 1.0 1.1 5	
-10.3 -10.2 -0.5 -0.4 1	
-10.3 -10.2 -1.6 -1.5 1	
-10.3 -10.2 0.2 0.3 5	
-10.3 -10.2 2.1 2.2 1	
-10.4 -10.3 -0.3 -0.2 2	
-10.4 -10.3 -0.7 -0.6 2	
-10.4 -10.3 0.0 0.1 3	
-10.4 -10.3 0.7 0.8 3	
-10.4 -10.3 1.3 1.4 1	
-10.5 -10.4 0.3 0.4 2	
-10.6 -10.5 -0.3 -0.2 1	
-10.6 -10.5 0.1 0.2 2	
-10.6 -10.5 0.8 0.9 1	
-10.7 -10.6 0.6 0.7 1	
-10.8 -10.7 -0.3 -0.2 2	
-10.8 -10.7 0.2 0.3 1	
-11.1 -11.0 1.3 1.4 1	
-2.0 -1.9 -0.5 -0.4 13077	
-2.0 -1.9 -1.6 -1.5 10107	
-2.0 -1.9 -2.2 -2.1 13181	
-2.0 -1.9 -3.0 -2.9 17458	
-2.0 -1.9 -3.3 -3.2 16972	
-2.0 -1.9 -4.8 -4.7 5373	
-2.0 -1.9 -5.9 -5.8 3794	
-2.0 -1.9 -6.1 -6.0 3693	
-2.0 -1.9 -6.5 -6.4 3238	
-2.0 -1.9 -7.6 -7.5 1113	
-2.0 -1.9 -8.2 -8.1 318	
-2.0 -1.9 -9.0 -8.9 48	
-2.0 -1.9 -9.3 -9.2 7	
-2.0 -1.9 -9.7 -9.6 7	
-2.0 -1.9 0.6 0.7 12258	
-2.0 -1.9 0.9 1.0 10992	
-2.0 -1.9 1.2 1.3 10044	
-2.0 -1.9 2.3 2.4 15085	
-2.0 -1.9 3.6 3.7 14306	
-2.0 -1.9 3.9 4.0 11579	
-2.0 -1.9 4.2 4.3 8866	
-2.0 -1.9 5.5 5.6 3910	
-2.0 -1.9 6.1 6.2 3678	
-2.0 -1.9 6.8 6.9 2537	
-2.0 -1.9 7.2 7.3 1652	
-2.0 -1.9 8.5 8.6 129	
-2.0 -1.9 9.1 9.2 24	
-2.0 -1.9 9.8 9.9 1	
-2.1 -2.0 -0.7 -0.6 13323	
-2.1 -2.0 -1.0 -0.9 11773	
-2.1 -2.0 -1.3 -1.2 10695	
-2.1 -2.0 -10.0 -9.9 1	
-2.1 -2.0 -2.4 -2.3 15679	
-2.1 -2.0 -3.5 -3.4 16408	
-2.1 -2.0 -3.9 -3.8 12749	
-2.1 -2.0 -4.1 -4.0 11182	
-2.1 -2.0 -5.2 -5.1 3827	
-2.1 -2.0 -5.6 -5.5 3274	
-2.1 -2.0 -6.7 -6.6 2399	
-2.1 -2.0 -7.0 -6.9 1901	
-2.1 -2.0 -7.3 -7.2 1397	
-2.1 -2.0 -8.4 -8.3 178	
-2.1 -2.0 -9.5 -9.4 8	
-2.1 -2.0 -9.9 -9.8 2	
-2.1 -2.0 0.6 0.7 13487	
-2.1 -2.0 0.9 1.0 11774	
-2.1 -2.0 1.2 1.3 10843	
-2.1 -2.0 2.5 2.6 16944	
-2.1 -2.0 3.1 3.2 17913	
-2.1 -2.0 3.8 3.9 12871	
-2.1 -2.0 4.4 4.5 7303	
-2.1 -2.0 5.5 5.6 3410	
-2.1 -2.0 6.1 6.2 3049	
-2.1 -2.0 6.8 6.9 2058	
-2.1 -2.0 7.4 7.5 1040	
-2.1 -2.0 8.0 8.1 349	
-2.1 -2.0 8.7 8.8 68	
-2.1 -2.0 9.3 9.4 14	
-2.2 -2.1 -0.1 0.0 17209	
-2.2 -2.1 -0.5 -0.4 15674	
-2.2 -2.1 -0.9 -0.8 13561	
-2.2 -2.1 -1.1 -1.0 12441	
-2.2 -2.1 -2.2 -2.1 14729	
-2.2 -2.1 -3.7 -3.6 15671	
-2.2 -2.1 -4.0 -3.9 12310	
-2.2 -2.1 -4.8 -4.7 5182	
-2.2 -2.1 -5.4 -5.3 3208	
-2.2 -2.1 -6.5 -6.4 2203	
-2.2 -2.1 -6.9 -6.8 1660	
-2.2 -2.1 -7.1 -7.0 1293	
-2.2 -2.1 -8.2 -8.1 202	
-2.2 -2.1 -8.6 -8.5 90	
-2.2 -2.1 -9.7 -9.6 2	
-2.2 -2.1 0.6 0.7 14661	
-2.2 -2.1 0.9 1.0 13004	
-2.2 -2.1 1.2 1.3 11770	
-2.2 -2.1 2.5 2.6 17817	
-2.2 -2.1 3.6 3.7 15676	
-2.2 -2.1 3.9 4.0 12251	
-2.2 -2.1 4.2 4.3 9316	
-2.2 -2.1 5.5 5.6 2831	
-2.2 -2.1 6.1 6.2 2534	
-2.2 -2.1 6.8 6.9 1679	
-2.2 -2.1 7.4 7.5 847	
-2.2 -2.1 8.5 8.6 95	
-2.2 -2.1 8.7 8.8 59	
-2.2 -2.1 9.1 9.2 16	
-2.2 -2.1 9.8 9.9 1	
-2.2 -2.1 9.9 10.0 2	
-2.3 -2.2 -0.3 -0.2 18096	
-2.3 -2.2 -0.7 -0.6 15864	
-2.3 -2.2 -1.8 -1.7 13037	
-2.3 -2.2 -2.4 -2.3 17257	
-2.3 -2.2 -3.5 -3.4 18066	
-2.3 -2.2 -4.1 -4.0 11901	
-2.3 -2.2 -4.6 -4.5 6637	
-2.3 -2.2 -5.2 -5.1 3339	
-2.3 -2.2 -6.3 -6.2 1935	
-2.3 -2.2 -6.7 -6.6 1542	
-2.3 -2.2 -7.8 -7.7 402	
-2.3 -2.2 -8.4 -8.3 117	
-2.3 -2.2 -9.5 -9.4 1	
-2.3 -2.2 0.6 0.7 16048	
-2.3 -2.2 0.9 1.0 14031	
-2.3 -2.2 1.0 1.1 13316	
-2.3 -2.2 1.7 1.8 13075	
-2.3 -2.2 2.3 2.4 17287	
-2.3 -2.2 3.6 3.7 16222	
-2.3 -2.2 3.9 4.0 13049	
-2.3 -2.2 4.2 4.3 9451	
-2.3 -2.2 5.5 5.6 2465	
-2.3 -2.2 6.6 6.7 1532	
-2.3 -2.2 6.8 6.9 1359	
-2.3 -2.2 7.2 7.3 891	
-2.3 -2.2 8.5 8.6 72	
-2.3 -2.2 9.1 9.2 19	
-2.3 -2.2 9.8 9.9 1	
-2.4 -2.3 -0.5 -0.4 18177	
-2.4 -2.3 -1.6 -1.5 13028	
-2.4 -2.3 -10.0 -9.9 2	
-2.4 -2.3 -2.2 -2.1 16457	
-2.4 -2.3 -3.0 -2.9 21304	
-2.4 -2.3 -3.3 -3.2 20185	
-2.4 -2.3 -3.7 -3.6 16958	
-2.4 -2.3 -4.8 -4.7 5210	
-2.4 -2.3 -5.9 -5.8 1873	
-2.4 -2.3 -6.5 -6.4 1405	
-2.4 -2.3 -7.6 -7.5 443	
-2.4 -2.3 -8.2 -8.1 163	
-2.4 -2.3 -9.0 -8.9 28	
-2.4 -2.3 -9.3 -9.2 8	
-2.4 -2.3 -9.7 -9.6 3	
-2.4 -2.3 0.4 0.5 18174	
-2.4 -2.3 1.0 1.1 14295	
-2.4 -2.3 1.7 1.8 13771	
-2.4 -2.3 2.3 2.4 17972	
-2.4 -2.3 3.6 3.7 17157	
-2.4 -2.3 3.9 4.0 13307	
-2.4 -2.3 4.0 4.1 12398	
-2.4 -2.3 4.7 4.8 5138	
-2.4 -2.3 5.3 5.4 2504	
-2.4 -2.3 6.6 6.7 1234	
-2.4 -2.3 6.9 7.0 970	
-2.4 -2.3 7.2 7.3 689	
-2.4 -2.3 8.5 8.6 62	
-2.4 -2.3 9.8 9.9 2	
-2.5 -2.4 -0.3 -0.2 20397	
-2.5 -2.4 -1.4 -1.3 13730	
-2.5 -2.4 -1.8 -1.7 14361	
-2.5 -2.4 -2.9 -2.8 21674	
-2.5 -2.4 -3.1 -3.0 22081	
-2.5 -2.4 -3.5 -3.4 19892	
-2.5 -2.4 -4.6 -4.5 6842	
-2.5 -2.4 -5.2 -5.1 3066	
-2.5 -2.4 -6.0 -5.9 1554	
-2.5 -2.4 -6.3 -6.2 1329	
-2.5 -2.4 -7.4 -7.3 498	
-2.5 -2.4 -7.8 -7.7 296	
-2.5 -2.4 -8.9 -8.8 21	
-2.5 -2.4 -9.1 -9.0 15	
-2.5 -2.4 -9.5 -9.4 1	
-2.5 -2.4 0.4 0.5 19509	
-2.5 -2.4 1.0 1.1 15368	
-2.5 -2.4 1.7 1.8 14280	
-2.5 -2.4 2.1 2.2 17251	
-2.5 -2.4 2.8 2.9 21888	
-2.5 -2.4 3.4 3.5 20095	
-2.5 -2.4 4.0 4.1 12733	
-2.5 -2.4 4.7 4.8 5389	
-2.5 -2.4 5.3 5.4 2328	
-2.5 -2.4 6.6 6.7 1004	
-2.5 -2.4 6.9 7.0 807	
-2.5 -2.4 7.0 7.1 649	
-2.5 -2.4 8.3 8.4 54	
-2.6 -2.5 -1.6 -1.5 14359	
-2.6 -2.5 -2.7 -2.6 21913	
-2.6 -2.5 -3.0 -2.9 22429	
-2.6 -2.5 -3.3 -3.2 21945	
-2.6 -2.5 -4.4 -4.3 9217	
-2.6 -2.5 -4.8 -4.7 5329	
-2.6 -2.5 -5.9 -5.8 1256	
-2.6 -2.5 -6.1 -6.0 1106	
-2.6 -2.5 -6.5 -6.4 922	
-2.6 -2.5 -7.6 -7.5 258	
-2.6 -2.5 -8.7 -8.6 21	
-2.6 -2.5 -9.0 -8.9 9	
-2.6 -2.5 -9.3 -9.2 2	
-2.6 -2.5 0.2 0.3 21655	
-2.6 -2.5 1.5 1.6 14361	
-2.6 -2.5 2.1 2.2 17966	
-2.6 -2.5 2.8 2.9 22785	
-2.6 -2.5 3.4 3.5 20502	
-2.6 -2.5 4.0 4.1 13138	
-2.6 -2.5 4.7 4.8 5330	
-2.6 -2.5 5.1 5.2 2910	
-2.6 -2.5 6.4 6.5 932	
-2.6 -2.5 7.0 7.1 558	
-2.6 -2.5 7.7 7.8 204	
-2.6 -2.5 8.3 8.4 51	
-2.6 -2.5 9.6 9.7 1	
-2.7 -2.6 -0.3 -0.2 22361	
-2.7 -2.6 -1.4 -1.3 15082	
-2.7 -2.6 -2.5 -2.4 20972	
-2.7 -2.6 -2.9 -2.8 23337	
-2.7 -2.6 -3.1 -3.0 23257	
-2.7 -2.6 -4.2 -4.1 12220	
-2.7 -2.6 -4.6 -4.5 7139	
-2.7 -2.6 -5.7 -5.6 1379	
-2.7 -2.6 -6.0 -5.9 1059	
-2.7 -2.6 -6.3 -6.2 824	
-2.7 -2.6 -7.4 -7.3 257	
-2.7 -2.6 -8.9 -8.8 12	
-2.7 -2.6 -9.1 -9.0 7	
-2.7 -2.6 0.2 0.3 22614	
-2.7 -2.6 1.5 1.6 14953	
-2.7 -2.6 2.1 2.2 18549	
-2.7 -2.6 2.8 2.9 23171	
-2.7 -2.6 3.2 3.3 22452	
-2.7 -2.6 4.5 4.6 7181	
-2.7 -2.6 5.1 5.2 2882	
-2.7 -2.6 5.8 5.9 1142	
-2.7 -2.6 6.4 6.5 734	
-2.7 -2.6 7.0 7.1 413	
-2.7 -2.6 7.7 7.8 147	
-2.7 -2.6 8.1 8.2 50	
-2.7 -2.6 8.3 8.4 44	
-2.7 -2.6 9.4 9.5 2	
-2.8 -2.7 -1.2 -1.1 16318	
-2.8 -2.7 -1.6 -1.5 15445	
-2.8 -2.7 -2.7 -2.6 22968	
-2.8 -2.7 -3.0 -2.9 23806	
-2.8 -2.7 -3.8 -3.7 17885	
-2.8 -2.7 -4.4 -4.3 9720	
-2.8 -2.7 -5.5 -5.4 1708	
-2.8 -2.7 -5.9 -5.8 962	
-2.8 -2.7 -6.1 -6.0 809	
-2.8 -2.7 -7.2 -7.1 291	
-2.8 -2.7 -7.6 -7.5 155	
-2.8 -2.7 -8.7 -8.6 14	
-2.8 -2.7 -9.0 -8.9 2	
-2.8 -2.7 0.2 0.3 23300	
-2.8 -2.7 1.3 1.4 15612	
-2.8 -2.7 2.6 2.7 22759	
-2.8 -2.7 2.9 3.0 23802	
-2.8 -2.7 3.2 3.3 23143	
-2.8 -2.7 4.5 4.6 7200	
-2.8 -2.7 5.1 5.2 2707	
-2.8 -2.7 5.8 5.9 947	
-2.8 -2.7 6.2 6.3 633	
-2.8 -2.7 6.4 6.5 558	
-2.8 -2.7 7.5 7.6 159	
-2.8 -2.7 8.1 8.2 51	
-2.8 -2.7 8.8 8.9 10	
-2.9 -2.8 -0.1 0.0 24378	
-2.9 -2.8 -0.8 -0.7 19938	
-2.9 -2.8 -1.4 -1.3 15627	
-2.9 -2.8 -2.5 -2.4 21600	
-2.9 -2.8 -3.1 -3.0 24081	
-2.9 -2.8 -3.6 -3.5 20628	
-2.9 -2.8 -4.2 -4.1 12408	
-2.9 -2.8 -5.3 -5.2 2264	
-2.9 -2.8 -5.7 -5.6 1144	
-2.9 -2.8 -6.0 -5.9 709	
-2.9 -2.8 -6.8 -6.7 321	
-2.9 -2.8 -7.4 -7.3 153	
-2.9 -2.8 -8.5 -8.4 26	
-2.9 -2.8 -9.1 -9.0 4	
-2.9 -2.8 0.0 0.1 24378	
-2.9 -2.8 0.7 0.8 19828	
-2.9 -2.8 1.3 1.4 15572	
-2.9 -2.8 2.6 2.7 23305	
-2.9 -2.8 2.9 3.0 24337	
-2.9 -2.8 3.2 3.3 23415	
-2.9 -2.8 4.3 4.4 9798	
-2.9 -2.8 4.5 4.6 7374	
-2.9 -2.8 5.6 5.7 1070	
-2.9 -2.8 5.9 6.0 634	
-2.9 -2.8 6.2 6.3 503	
-2.9 -2.8 7.5 7.6 132	
-2.9 -2.8 8.1 8.2 42	
-2.9 -2.8 8.8 8.9 6	
-3.0 -2.9 -0.8 -0.7 20001	
-3.0 -2.9 -1.4 -1.3 16039	
-3.0 -2.9 -2.5 -2.4 21878	
-3.0 -2.9 -3.1 -3.0 24127	
-3.0 -2.9 -4.2 -4.1 12498	
-3.0 -2.9 -5.3 -5.2 2169	
-3.0 -2.9 -5.7 -5.6 985	
-3.0 -2.9 -6.0 -5.9 588	
-3.0 -2.9 -6.8 -6.7 249	
-3.0 -2.9 -7.4 -7.3 133	
-3.0 -2.9 -8.5 -8.4 14	
-3.0 -2.9 -9.1 -9.0 4	
-3.0 -2.9 0.5 0.6 22033	
-3.0 -2.9 0.7 0.8 20109	
-3.0 -2.9 1.1 1.2 16862	
-3.0 -2.9 1.8 1.9 16811	
-3.0 -2.9 2.4 2.5 21920	
-3.0 -2.9 3.0 3.1 24017	
-3.0 -2.9 3.7 3.8 18095	
-3.0 -2.9 4.3 4.4 9845	
-3.0 -2.9 5.6 5.7 1000	
-3.0 -2.9 5.9 6.0 646	
-3.0 -2.9 6.0 6.1 521	
-3.0 -2.9 6.7 6.8 256	
-3.0 -2.9 7.3 7.4 122	
-3.0 -2.9 8.6 8.7 16	
-3.0 -2.9 8.9 9.0 7	
-3.0 -2.9 9.2 9.3 3	
-3.1 -3.0 -0.5 -0.4 22786	
-3.1 -3.0 -1.6 -1.5 15711	
-3.1 -3.0 -2.7 -2.6 23364	
-3.1 -3.0 -3.0 -2.9 24539	
-3.1 -3.0 -3.3 -3.2 23372	
-3.1 -3.0 -4.4 -4.3 9831	
-3.1 -3.0 -4.8 -4.7 5382	
-3.1 -3.0 -5.9 -5.8 647	
-3.1 -3.0 -6.1 -6.0 454	
-3.1 -3.0 -6.5 -6.4 282	
-3.1 -3.0 -7.6 -7.5 69	
-3.1 -3.0 -8.2 -8.1 24	
-3.1 -3.0 -8.7 -8.6 4	
-3.1 -3.0 -9.0 -8.9 1	
-3.1 -3.0 -9.3 -9.2 1	
-3.1 -3.0 0.0 0.1 24561	
-3.1 -3.0 0.7 0.8 20276	
-3.1 -3.0 1.3 1.4 15789	
-3.1 -3.0 2.6 2.7 23436	
-3.1 -3.0 2.9 3.0 24184	
-3.1 -3.0 3.0 3.1 24089	
-3.1 -3.0 4.3 4.4 9764	
-3.1 -3.0 5.6 5.7 926	
-3.1 -3.0 5.9 6.0 501	
-3.1 -3.0 6.2 6.3 316	
-3.1 -3.0 7.5 7.6 65	
-3.1 -3.0 8.1 8.2 17	
-3.1 -3.0 8.8 8.9 6	
-3.1 -3.0 9.2 9.3 1	
-3.2 -3.1 -0.3 -0.2 23826	
-3.2 -3.1 -1.4 -1.3 15818	
-3.2 -3.1 -2.9 -2.8 23950	
-3.2 -3.1 -3.1 -3.0 24001	
-3.2 -3.1 -4.2 -4.1 12144	
-3.2 -3.1 -4.6 -4.5 7282	
-3.2 -3.1 -5.7 -5.6 860	
-3.2 -3.1 -6.0 -5.9 458	
-3.2 -3.1 -6.3 -6.2 263	
-3.2 -3.1 -7.4 -7.3 61	
-3.2 -3.1 -8.9 -8.8 3	
-3.2 -3.1 -9.1 -9.0 1	
-3.2 -3.1 0.0 0.1 24446	
-3.2 -3.1 0.7 0.8 20173	
-3.2 -3.1 1.1 1.2 16683	
-3.2 -3.1 2.4 2.5 21715	
-3.2 -3.1 3.0 3.1 23992	
-3.2 -3.1 3.7 3.8 17813	
-3.2 -3.1 4.3 4.4 9521	
-3.2 -3.1 5.6 5.7 850	
-3.2 -3.1 5.9 6.0 488	
-3.2 -3.1 6.0 6.1 414	
-3.2 -3.1 6.2 6.3 273	
-3.2 -3.1 7.3 7.4 73	
-3.2 -3.1 8.9 9.0 5	
-3.2 -3.1 9.2 9.3 1	
-3.3 -3.2 -1.2 -1.1 16435	
-3.3 -3.2 -1.6 -1.5 15434	
-3.3 -3.2 -2.7 -2.6 22436	
-3.3 -3.2 -3.0 -2.9 23355	
-3.3 -3.2 -3.3 -3.2 22762	
-3.3 -3.2 -3.8 -3.7 17169	
-3.3 -3.2 -4.4 -4.3 9402	
-3.3 -3.2 -5.5 -5.4 1283	
-3.3 -3.2 -5.9 -5.8 530	
-3.3 -3.2 -6.1 -6.0 294	
-3.3 -3.2 -7.2 -7.1 82	
-3.3 -3.2 -7.6 -7.5 39	
-3.3 -3.2 -8.7 -8.6 4	
-3.3 -3.2 0.5 0.6 21638	
-3.3 -3.2 1.1 1.2 16506	
-3.3 -3.2 1.8 1.9 16352	
-3.3 -3.2 2.4 2.5 21338	
-3.3 -3.2 3.0 3.1 23503	
-3.3 -3.2 3.7 3.8 17395	
-3.3 -3.2 4.1 4.2 11972	
-3.3 -3.2 4.3 4.4 9447	
-3.3 -3.2 5.4 5.5 1311	
-3.3 -3.2 6.0 6.1 323	
-3.3 -3.2 6.7 6.8 106	
-3.3 -3.2 7.3 7.4 52	
-3.3 -3.2 8.6 8.7 4	
-3.3 -3.2 8.9 9.0 1	
-3.3 -3.2 9.2 9.3 2	
-3.4 -3.3 -0.8 -0.7 19475	
-3.4 -3.3 -1.4 -1.3 15107	
-3.4 -3.3 -2.5 -2.4 20336	
-3.4 -3.3 -3.1 -3.0 22871	
-3.4 -3.3 -4.2 -4.1 11766	
-3.4 -3.3 -5.7 -5.6 785	
-3.4 -3.3 -6.0 -5.9 374	
-3.4 -3.3 -6.8 -6.7 88	
-3.4 -3.3 -7.4 -7.3 32	
-3.4 -3.3 -8.5 -8.4 2	
-3.4 -3.3 -8.9 -8.8 2	
-3.4 -3.3 0.5 0.6 20775	
-3.4 -3.3 1.1 1.2 16102	
-3.4 -3.3 1.8 1.9 15950	
-3.4 -3.3 2.2 2.3 18948	
-3.4 -3.3 2.4 2.5 20613	
-3.4 -3.3 3.5 3.6 19461	
-3.4 -3.3 4.1 4.2 11517	
-3.4 -3.3 4.8 4.9 4056	
-3.4 -3.3 5.4 5.5 1216	
-3.4 -3.3 6.0 6.1 285	
-3.4 -3.3 6.7 6.8 79	
-3.4 -3.3 7.3 7.4 36	
-3.4 -3.3 8.4 8.5 7	
-3.4 -3.3 9.0 9.1 1	
-3.5 -3.4 -0.6 -0.5 20352	
-3.5 -3.4 -1.2 -1.1 15546	
-3.5 -3.4 -2.3 -2.2 18377	
-3.5 -3.4 -2.7 -2.6 21317	
-3.5 -3.4 -3.8 -3.7 16416	
-3.5 -3.4 -4.4 -4.3 8627	
-3.5 -3.4 -4.9 -4.8 3861	
-3.5 -3.4 -5.5 -5.4 1104	
-3.5 -3.4 -6.6 -6.5 93	
-3.5 -3.4 -7.2 -7.1 32	
-3.5 -3.4 -8.3 -8.2 3	
-3.5 -3.4 -8.7 -8.6 2	
-3.5 -3.4 0.3 0.4 21616	
-3.5 -3.4 0.5 0.6 20614	
-3.5 -3.4 1.6 1.7 14515	
-3.5 -3.4 1.9 2.0 15808	
-3.5 -3.4 2.2 2.3 18228	
-3.5 -3.4 3.5 3.6 18665	
-3.5 -3.4 4.1 4.2 11200	
-3.5 -3.4 4.8 4.9 4023	
-3.5 -3.4 5.4 5.5 1156	
-3.5 -3.4 6.5 6.6 86	
-3.5 -3.4 7.1 7.2 34	
-3.5 -3.4 7.8 7.9 10	
-3.5 -3.4 8.4 8.5 1	
-3.5 -3.4 9.0 9.1 1	
-3.6 -3.5 -0.4 -0.3 21180	
-3.6 -3.5 -0.8 -0.7 18138	
-3.6 -3.5 -1.9 -1.8 14443	
-3.6 -3.5 -2.1 -2.0 16037	
-3.6 -3.5 -2.5 -2.4 18799	
-3.6 -3.5 -3.6 -3.5 17643	
-3.6 -3.5 -4.2 -4.1 10668	
-3.6 -3.5 -5.0 -4.9 3141	
-3.6 -3.5 -5.3 -5.2 1749	
-3.6 -3.5 -6.8 -6.7 52	
-3.6 -3.5 -7.9 -7.8 4	
-3.6 -3.5 -8.1 -8.0 2	
-3.6 -3.5 -8.5 -8.4 4	
-3.6 -3.5 0.3 0.4 21283	
-3.6 -3.5 1.6 1.7 14080	
-3.6 -3.5 1.9 2.0 15012	
-3.6 -3.5 2.2 2.3 17094	
-3.6 -3.5 3.5 3.6 17619	
-3.6 -3.5 4.6 4.7 5315	
-3.6 -3.5 4.9 5.0 3090	
-3.6 -3.5 5.2 5.3 1700	
-3.6 -3.5 6.5 6.6 65	
-3.6 -3.5 7.1 7.2 34	
-3.6 -3.5 7.8 7.9 7	
-3.6 -3.5 8.4 8.5 2	
-3.7 -3.6 -0.6 -0.5 18845	
-3.7 -3.6 -1.7 -1.6 13021	
-3.7 -3.6 -2.0 -1.9 14328	
-3.7 -3.6 -2.3 -2.2 16122	
-3.7 -3.6 -3.4 -3.3 18328	
-3.7 -3.6 -3.8 -3.7 14528	
-3.7 -3.6 -4.9 -4.8 3472	
-3.7 -3.6 -5.1 -5.0 2482	
-3.7 -3.6 -5.5 -5.4 1024	
-3.7 -3.6 -6.6 -6.5 73	
-3.7 -3.6 -7.2 -7.1 22	
-3.7 -3.6 -7.7 -7.6 10	
-3.7 -3.6 -8.0 -7.9 4	
-3.7 -3.6 -8.3 -8.2 1	
-3.7 -3.6 0.3 0.4 20033	
-3.7 -3.6 1.6 1.7 13025	
-3.7 -3.6 1.9 2.0 14233	
-3.7 -3.6 2.0 2.1 14910	
-3.7 -3.6 2.7 2.8 19067	
-3.7 -3.6 3.3 3.4 17926	
-3.7 -3.6 4.6 4.7 4964	
-3.7 -3.6 4.9 5.0 2905	
-3.7 -3.6 5.2 5.3 1593	
-3.7 -3.6 6.5 6.6 69	
-3.7 -3.6 7.6 7.7 8	
-3.7 -3.6 7.9 8.0 3	
-3.7 -3.6 8.2 8.3 2	
-3.8 -3.7 -0.1 0.0 20391	
-3.8 -3.7 -0.4 -0.3 19237	
-3.8 -3.7 -1.9 -1.8 12736	
-3.8 -3.7 -2.1 -2.0 13807	
-3.8 -3.7 -3.2 -3.1 18023	
-3.8 -3.7 -3.6 -3.5 15389	
-3.8 -3.7 -4.7 -4.6 4697	
-3.8 -3.7 -5.0 -4.9 2746	
-3.8 -3.7 -5.3 -5.2 1504	
-3.8 -3.7 -6.4 -6.3 95	
-3.8 -3.7 -6.8 -6.7 35	
-3.8 -3.7 -7.9 -7.8 6	
-3.8 -3.7 -8.1 -8.0 4	
-3.8 -3.7 0.1 0.2 20186	
-3.8 -3.7 0.8 0.9 15641	
-3.8 -3.7 1.4 1.5 12681	
-3.8 -3.7 2.0 2.1 14039	
-3.8 -3.7 2.7 2.8 17890	
-3.8 -3.7 3.3 3.4 16841	
-3.8 -3.7 4.6 4.7 4545	
-3.8 -3.7 4.9 5.0 2683	
-3.8 -3.7 5.0 5.1 2243	
-3.8 -3.7 5.7 5.8 432	
-3.8 -3.7 6.3 6.4 75	
-3.8 -3.7 7.6 7.7 10	
-3.8 -3.7 7.9 8.0 3	
-3.8 -3.7 8.2 8.3 1	
-3.8 -3.7 9.9 10.0 1	
-3.9 -3.8 -0.2 -0.1 19052	
-3.9 -3.8 -0.6 -0.5 16983	
-3.9 -3.8 -1.7 -1.6 11665	
-3.9 -3.8 -2.0 -1.9 12592	
-3.9 -3.8 -2.3 -2.2 14228	
-3.9 -3.8 -2.8 -2.7 16478	
-3.9 -3.8 -3.4 -3.3 15655	
-3.9 -3.8 -4.5 -4.4 5880	
-3.9 -3.8 -4.9 -4.8 3039	
-3.9 -3.8 -5.1 -5.0 2039	
-3.9 -3.8 -6.2 -6.1 124	
-3.9 -3.8 -6.6 -6.5 39	
-3.9 -3.8 -7.7 -7.6 4	
-3.9 -3.8 -8.0 -7.9 3	
-3.9 -3.8 -8.3 -8.2 1	
-3.9 -3.8 0.1 0.2 18945	
-3.9 -3.8 0.8 0.9 14861	
-3.9 -3.8 1.4 1.5 11600	
-3.9 -3.8 2.0 2.1 12885	
-3.9 -3.8 2.7 2.8 16410	
-3.9 -3.8 3.1 3.2 16555	
-3.9 -3.8 3.8 3.9 11694	
-3.9 -3.8 4.4 4.5 5955	
-3.9 -3.8 5.0 5.1 2015	
-3.9 -3.8 5.7 5.8 394	
-3.9 -3.8 6.3 6.4 87	
-3.9 -3.8 7.6 7.7 3	
-3.9 -3.8 7.9 8.0 1	
-4.0 -3.9 -0.2 -0.1 18106	
-4.0 -3.9 -0.6 -0.5 16297	
-4.0 -3.9 -1.7 -1.6 10773	
-4.0 -3.9 -2.0 -1.9 11581	
-4.0 -3.9 -2.3 -2.2 12832	
-4.0 -3.9 -2.8 -2.7 15014	
-4.0 -3.9 -3.4 -3.3 14362	
-4.0 -3.9 -4.5 -4.4 5412	
-4.0 -3.9 -4.9 -4.8 2807	
-4.0 -3.9 -5.1 -5.0 1903	
-4.0 -3.9 -6.2 -6.1 108	
-4.0 -3.9 -6.6 -6.5 28	
-4.0 -3.9 -7.7 -7.6 6	
-4.0 -3.9 -8.0 -7.9 3	
-4.0 -3.9 -8.3 -8.2 2	
-4.0 -3.9 0.6 0.7 15588	
-4.0 -3.9 0.9 1.0 13126	
-4.0 -3.9 1.2 1.3 11651	
-4.0 -3.9 2.5 2.6 14579	
-4.0 -3.9 3.1 3.2 15184	
-4.0 -3.9 3.8 3.9 10502	
-4.0 -3.9 4.2 4.3 6792	
-4.0 -3.9 5.5 5.6 577	
-4.0 -3.9 6.1 6.2 114	
-4.0 -3.9 6.8 6.9 14	
-4.0 -3.9 7.4 7.5 1	
-4.1 -4.0 -0.8 -0.7 14296	
-4.1 -4.0 -1.9 -1.8 10187	
-4.1 -4.0 -2.5 -2.4 12630	
-4.1 -4.0 -3.6 -3.5 11807	
-4.1 -4.0 -4.2 -4.1 7004	
-4.1 -4.0 -5.0 -4.9 2035	
-4.1 -4.0 -5.3 -5.2 1072	
-4.1 -4.0 -5.7 -5.6 383	
-4.1 -4.0 -6.8 -6.7 16	
-4.1 -4.0 -7.9 -7.8 1	
-4.1 -4.0 -8.5 -8.4 1	
-4.1 -4.0 0.1 0.2 17372	
-4.1 -4.0 0.8 0.9 13470	
-4.1 -4.0 1.4 1.5 10025	
-4.1 -4.0 2.5 2.6 12923	
-4.1 -4.0 3.1 3.2 13839	
-4.1 -4.0 3.8 3.9 9488	
-4.1 -4.0 4.4 4.5 4828	
-4.1 -4.0 5.0 5.1 1690	
-4.1 -4.0 5.7 5.8 289	
-4.1 -4.0 6.3 6.4 59	
-4.1 -4.0 7.4 7.5 5	
-4.1 -4.0 8.0 8.1 1	
-4.1 -4.0 8.7 8.8 1	
-4.2 -4.1 -0.6 -0.5 14883	
-4.2 -4.1 -1.2 -1.1 10832	
-4.2 -4.1 -1.7 -1.6 9263	
-4.2 -4.1 -2.0 -1.9 9636	
-4.2 -4.1 -2.3 -2.2 10723	
-4.2 -4.1 -3.4 -3.3 11661	
-4.2 -4.1 -3.8 -3.7 9285	
-4.2 -4.1 -4.9 -4.8 2105	
-4.2 -4.1 -5.1 -5.0 1554	
-4.2 -4.1 -5.5 -5.4 601	
-4.2 -4.1 -6.6 -6.5 16	
-4.2 -4.1 -7.2 -7.1 2	
-4.2 -4.1 -8.3 -8.2 1	
-4.2 -4.1 0.6 0.7 14207	
-4.2 -4.1 0.9 1.0 12071	
-4.2 -4.1 1.2 1.3 10245	
-4.2 -4.1 2.5 2.6 11729	
-4.2 -4.1 3.1 3.2 12394	
-4.2 -4.1 3.8 3.9 8625	
-4.2 -4.1 4.4 4.5 4322	
-4.2 -4.1 5.5 5.6 490	
-4.2 -4.1 6.1 6.2 86	
-4.2 -4.1 6.8 6.9 8	
-4.2 -4.1 7.4 7.5 2	
-4.2 -4.1 8.0 8.1 1	
-4.2 -4.1 8.7 8.8 1	
-4.3 -4.2 -0.1 0.0 16247	
-4.3 -4.2 -0.4 -0.3 15330	
-4.3 -4.2 -0.8 -0.7 13028	
-4.3 -4.2 -1.9 -1.8 8450	
-4.3 -4.2 -2.1 -2.0 8841	
-4.3 -4.2 -3.6 -3.5 9461	
-4.3 -4.2 -4.7 -4.6 2903	
-4.3 -4.2 -5.0 -4.9 1635	
-4.3 -4.2 -5.3 -5.2 859	
-4.3 -4.2 -6.4 -6.3 38	
-4.3 -4.2 -6.8 -6.7 15	
-4.3 -4.2 0.6 0.7 13588	
-4.3 -4.2 0.9 1.0 11706	
-4.3 -4.2 1.2 1.3 9686	
-4.3 -4.2 2.5 2.6 10487	
-4.3 -4.2 3.6 3.7 8913	
-4.3 -4.2 3.9 4.0 6897	
-4.3 -4.2 4.2 4.3 5101	
-4.3 -4.2 5.5 5.6 418	
-4.3 -4.2 6.1 6.2 83	
-4.3 -4.2 6.8 6.9 6	
-4.3 -4.2 7.4 7.5 1	
-4.4 -4.3 -0.2 -0.1 15973	
-4.4 -4.3 -0.6 -0.5 14095	
-4.4 -4.3 -1.7 -1.6 7885	
-4.4 -4.3 -2.0 -1.9 7899	
-4.4 -4.3 -2.3 -2.2 8552	
-4.4 -4.3 -3.4 -3.3 9074	
-4.4 -4.3 -4.5 -4.4 3387	
-4.4 -4.3 -4.9 -4.8 1696	
-4.4 -4.3 -5.1 -5.0 1178	
-4.4 -4.3 -6.2 -6.1 62	
-4.4 -4.3 -6.6 -6.5 27	
-4.4 -4.3 -7.7 -7.6 2	
-4.4 -4.3 0.6 0.7 13334	
-4.4 -4.3 0.9 1.0 11176	
-4.4 -4.3 1.0 1.1 10511	
-4.4 -4.3 1.7 1.8 7918	
-4.4 -4.3 2.3 2.4 8677	
-4.4 -4.3 3.6 3.7 7865	
-4.4 -4.3 3.9 4.0 6137	
-4.4 -4.3 4.2 4.3 4377	
-4.4 -4.3 5.5 5.6 339	
-4.4 -4.3 6.6 6.7 11	
-4.4 -4.3 7.2 7.3 4	
-4.4 -4.3 8.5 8.6 1	
-4.5 -4.4 -0.4 -0.3 14580	
-4.5 -4.4 -1.5 -1.4 7921	
-4.5 -4.4 -1.9 -1.8 7102	
-4.5 -4.4 -2.1 -2.0 7246	
-4.5 -4.4 -3.2 -3.1 8441	
-4.5 -4.4 -3.6 -3.5 7342	
-4.5 -4.4 -4.7 -4.6 2099	
-4.5 -4.4 -5.0 -4.9 1262	
-4.5 -4.4 -5.8 -5.7 202	
-4.5 -4.4 -6.4 -6.3 20	
-4.5 -4.4 -7.5 -7.4 1	
-4.5 -4.4 -7.9 -7.8 1	
-4.5 -4.4 0.4 0.5 14422	
-4.5 -4.4 1.0 1.1 10308	
-4.5 -4.4 1.7 1.8 7341	
-4.5 -4.4 2.3 2.4 7823	
-4.5 -4.4 3.6 3.7 6718	
-4.5 -4.4 3.9 4.0 5264	
-4.5 -4.4 4.0 4.1 4863	
-4.5 -4.4 4.7 4.8 1789	
-4.5 -4.4 5.3 5.4 530	
-4.5 -4.4 6.6 6.7 12	
-4.5 -4.4 6.9 7.0 5	
-4.5 -4.4 7.2 7.3 1	
-4.6 -4.5 -0.2 -0.1 15559	
-4.6 -4.5 -1.3 -1.2 8558	
-4.6 -4.5 -1.7 -1.6 7056	
-4.6 -4.5 -2.8 -2.7 7179	
-4.6 -4.5 -3.4 -3.3 6780	
-4.6 -4.5 -4.5 -4.4 2489	
-4.6 -4.5 -5.1 -5.0 931	
-4.6 -4.5 -6.2 -6.1 58	
-4.6 -4.5 -7.3 -7.2 2	
-4.6 -4.5 -7.7 -7.6 1	
-4.6 -4.5 0.4 0.5 14423	
-4.6 -4.5 1.0 1.1 9954	
-4.6 -4.5 1.7 1.8 6747	
-4.6 -4.5 2.1 2.2 6603	
-4.6 -4.5 2.8 2.9 7378	
-4.6 -4.5 3.4 3.5 6645	
-4.6 -4.5 4.0 4.1 4141	
-4.6 -4.5 4.7 4.8 1535	
-4.6 -4.5 5.3 5.4 454	
-4.6 -4.5 6.6 6.7 9	
-4.6 -4.5 6.9 7.0 3	
-4.6 -4.5 7.0 7.1 4	
-4.7 -4.6 -0.9 -0.8 11697	
-4.7 -4.6 -1.5 -1.4 7425	
-4.7 -4.6 -2.6 -2.5 6175	
-4.7 -4.6 -3.2 -3.1 6041	
-4.7 -4.6 -4.0 -3.9 3874	
-4.7 -4.6 -4.3 -4.2 2789	
-4.7 -4.6 -4.7 -4.6 1550	
-4.7 -4.6 -5.8 -5.7 131	
-4.7 -4.6 -6.9 -6.8 6	
-4.7 -4.6 0.2 0.3 15128	
-4.7 -4.6 1.5 1.6 6896	
-4.7 -4.6 2.1 2.2 5844	
-4.7 -4.6 2.8 2.9 6360	
-4.7 -4.6 3.4 3.5 5486	
-4.7 -4.6 4.0 4.1 3570	
-4.7 -4.6 4.7 4.8 1372	
-4.7 -4.6 5.1 5.2 583	
-4.7 -4.6 6.4 6.5 15	
-4.7 -4.6 7.0 7.1 2	
-4.8 -4.7 -0.2 -0.1 16028	
-4.8 -4.7 -1.0 -0.9 10878	
-4.8 -4.7 -1.3 -1.2 8574	
-4.8 -4.7 -2.4 -2.3 5165	
-4.8 -4.7 -2.8 -2.7 5438	
-4.8 -4.7 -3.9 -3.8 3598	
-4.8 -4.7 -4.1 -4.0 2962	
-4.8 -4.7 -4.5 -4.4 1748	
-4.8 -4.7 -5.6 -5.5 198	
-4.8 -4.7 -6.2 -6.1 27	
-4.8 -4.7 -7.0 -6.9 2	
-4.8 -4.7 -8.4 -8.3 1	
-4.8 -4.7 0.2 0.3 15983	
-4.8 -4.7 1.5 1.6 6801	
-4.8 -4.7 2.1 2.2 5135	
-4.8 -4.7 2.8 2.9 5348	
-4.8 -4.7 3.2 3.3 5055	
-4.8 -4.7 4.5 4.6 1573	
-4.8 -4.7 5.1 5.2 490	
-4.8 -4.7 5.8 5.9 92	
-4.8 -4.7 6.4 6.5 18	
-4.8 -4.7 7.0 7.1 1	
-4.9 -4.8 -0.9 -0.8 12009	
-4.9 -4.8 -1.1 -1.0 10359	
-4.9 -4.8 -2.6 -2.5 4561	
-4.9 -4.8 -3.7 -3.6 3548	
-4.9 -4.8 -4.0 -3.9 2745	
-4.9 -4.8 -4.3 -4.2 1982	
-4.9 -4.8 -5.4 -5.3 270	
-4.9 -4.8 -5.8 -5.7 95	
-4.9 -4.8 -6.9 -6.8 2	
-4.9 -4.8 -7.1 -7.0 1	
-4.9 -4.8 0.2 0.3 16342	
-4.9 -4.8 1.3 1.4 7749	
-4.9 -4.8 2.6 2.7 4537	
-4.9 -4.8 2.9 3.0 4610	
-4.9 -4.8 3.2 3.3 4333	
-4.9 -4.8 4.5 4.6 1330	
-4.9 -4.8 5.1 5.2 438	
-4.9 -4.8 5.8 5.9 91	
-4.9 -4.8 6.2 6.3 15	
-4.9 -4.8 7.5 7.6 1	
-5.0 -4.9 -0.9 -0.8 12447	
-5.0 -4.9 -1.1 -1.0 10369	
-5.0 -4.9 -2.6 -2.5 3844	
-5.0 -4.9 -3.7 -3.6 2900	
-5.0 -4.9 -4.0 -3.9 2257	
-5.0 -4.9 -4.3 -4.2 1610	
-5.0 -4.9 -5.4 -5.3 233	
-5.0 -4.9 -5.8 -5.7 83	
-5.0 -4.9 -6.9 -6.8 3	
-5.0 -4.9 0.0 0.1 17452	
-5.0 -4.9 0.7 0.8 13478	
-5.0 -4.9 1.3 1.4 7974	
-5.0 -4.9 2.4 2.5 3863	
-5.0 -4.9 2.6 2.7 3928	
-5.0 -4.9 2.9 3.0 3722	
-5.0 -4.9 3.0 3.1 3690	
-5.0 -4.9 3.7 3.8 2665	
-5.0 -4.9 4.3 4.4 1462	
-5.0 -4.9 5.6 5.7 109	
-5.0 -4.9 5.9 6.0 45	
-5.0 -4.9 6.2 6.3 20	
-5.1 -5.0 -0.2 -0.1 17831	
-5.1 -5.0 -1.3 -1.2 8762	
-5.1 -5.0 -1.7 -1.6 5851	
-5.1 -5.0 -2.0 -1.9 4459	
-5.1 -5.0 -2.8 -2.7 3282	
-5.1 -5.0 -3.4 -3.3 2882	
-5.1 -5.0 -4.5 -4.4 1033	
-5.1 -5.0 -4.9 -4.8 514	
-5.1 -5.0 -5.1 -5.0 351	
-5.1 -5.0 -6.2 -6.1 29	
-5.1 -5.0 0.0 0.1 18109	
-5.1 -5.0 0.7 0.8 14027	
-5.1 -5.0 1.3 1.4 7810	
-5.1 -5.0 2.6 2.7 3298	
-5.1 -5.0 2.9 3.0 3221	
-5.1 -5.0 3.2 3.3 2995	
-5.1 -5.0 4.5 4.6 876	
-5.1 -5.0 5.8 5.9 55	
-5.1 -5.0 6.2 6.3 9	
-5.2 -5.1 -0.1 0.0 18850	
-5.2 -5.1 -0.4 -0.3 18038	
-5.2 -5.1 -0.9 -0.8 13551	
-5.2 -5.1 -1.5 -1.4 7308	
-5.2 -5.1 -2.6 -2.5 2858	
-5.2 -5.1 -3.2 -3.1 2434	
-5.2 -5.1 -4.3 -4.2 1130	
-5.2 -5.1 -4.7 -4.6 605	
-5.2 -5.1 -5.8 -5.7 55	
-5.2 -5.1 -6.4 -6.3 9	
-5.2 -5.1 0.0 0.1 18817	
-5.2 -5.1 0.7 0.8 14658	
-5.2 -5.1 1.3 1.4 8365	
-5.2 -5.1 2.6 2.7 2714	
-5.2 -5.1 2.9 3.0 2608	
-5.2 -5.1 3.0 3.1 2546	
-5.2 -5.1 4.3 4.4 924	
-5.2 -5.1 5.6 5.7 69	
-5.2 -5.1 5.9 6.0 34	
-5.2 -5.1 6.2 6.3 15	
-5.3 -5.2 -0.2 -0.1 19650	
-5.3 -5.2 -1.0 -0.9 12817	
-5.3 -5.2 -1.3 -1.2 9578	
-5.3 -5.2 -2.8 -2.7 2328	
-5.3 -5.2 -3.9 -3.8 1386	
-5.3 -5.2 -4.1 -4.0 1100	
-5.3 -5.2 -4.5 -4.4 697	
-5.3 -5.2 -5.6 -5.5 88	
-5.3 -5.2 -6.2 -6.1 14	
-5.3 -5.2 -7.0 -6.9 1	
-5.3 -5.2 0.0 0.1 20073	
-5.3 -5.2 0.7 0.8 15173	
-5.3 -5.2 1.1 1.2 10687	
-5.3 -5.2 2.4 2.5 2549	
-5.3 -5.2 3.0 3.1 2042	
-5.3 -5.2 3.7 3.8 1481	
-5.3 -5.2 4.3 4.4 746	
-5.3 -5.2 5.6 5.7 47	
-5.3 -5.2 5.9 6.0 30	
-5.3 -5.2 6.0 6.1 11	
-5.3 -5.2 7.3 7.4 1	
-5.4 -5.3 -0.9 -0.8 14783	
-5.4 -5.3 -1.1 -1.0 12328	
-5.4 -5.3 -1.5 -1.4 7808	
-5.4 -5.3 -2.6 -2.5 2229	
-5.4 -5.3 -3.7 -3.6 1245	
-5.4 -5.3 -4.0 -3.9 942	
-5.4 -5.3 -4.3 -4.2 653	
-5.4 -5.3 -5.4 -5.3 122	
-5.4 -5.3 -5.8 -5.7 36	
-5.4 -5.3 -6.9 -6.8 1	
-5.4 -5.3 -7.1 -7.0 1	
-5.4 -5.3 0.5 0.6 18036	
-5.4 -5.3 1.1 1.2 10983	
-5.4 -5.3 1.8 1.9 4510	
-5.4 -5.3 2.4 2.5 2366	
-5.4 -5.3 3.0 3.1 1700	
-5.4 -5.3 3.7 3.8 1132	
-5.4 -5.3 4.1 4.2 811	
-5.4 -5.3 4.3 4.4 559	
-5.4 -5.3 5.4 5.5 85	
-5.4 -5.3 6.0 6.1 13	
-5.4 -5.3 7.3 7.4 1	
-5.5 -5.4 -0.7 -0.6 17417	
-5.5 -5.4 -1.0 -0.9 13938	
-5.5 -5.4 -1.3 -1.2 10290	
-5.5 -5.4 -2.4 -2.3 2410	
-5.5 -5.4 -3.9 -3.8 830	
-5.5 -5.4 -4.1 -4.0 680	
-5.5 -5.4 -5.2 -5.1 123	
-5.5 -5.4 -5.6 -5.5 44	
-5.5 -5.4 -6.7 -6.6 3	
-5.5 -5.4 0.5 0.6 18762	
-5.5 -5.4 1.1 1.2 11268	
-5.5 -5.4 1.8 1.9 4546	
-5.5 -5.4 2.2 2.3 2668	
-5.5 -5.4 2.4 2.5 2073	
-5.5 -5.4 3.5 3.6 1015	
-5.5 -5.4 4.1 4.2 619	
-5.5 -5.4 4.8 4.9 202	
-5.5 -5.4 5.4 5.5 52	
-5.5 -5.4 6.0 6.1 7	
-5.5 -5.4 6.7 6.8 1	
-5.6 -5.5 -0.5 -0.4 20463	
-5.6 -5.5 -0.9 -0.8 15943	
-5.6 -5.5 -1.1 -1.0 13337	
-5.6 -5.5 -2.2 -2.1 2971	
-5.6 -5.5 -2.6 -2.5 1782	
-5.6 -5.5 -3.7 -3.6 745	
-5.6 -5.5 -4.0 -3.9 617	
-5.6 -5.5 -4.3 -4.2 423	
-5.6 -5.5 -4.8 -4.7 218	
-5.6 -5.5 -5.4 -5.3 63	
-5.6 -5.5 -6.5 -6.4 3	
-5.6 -5.5 -6.9 -6.8 1	
-5.6 -5.5 0.3 0.4 20798	
-5.6 -5.5 0.5 0.6 19421	
-5.6 -5.5 1.6 1.7 6234	
-5.6 -5.5 1.9 2.0 3947	
-5.6 -5.5 2.2 2.3 2464	
-5.6 -5.5 3.5 3.6 843	
-5.6 -5.5 4.1 4.2 502	
-5.6 -5.5 4.8 4.9 175	
-5.6 -5.5 5.4 5.5 43	
-5.6 -5.5 6.5 6.6 4	
-5.7 -5.6 -0.3 -0.2 22380	
-5.7 -5.6 -0.7 -0.6 18444	
-5.7 -5.6 -1.0 -0.9 14998	
-5.7 -5.6 -1.8 -1.7 5241	
-5.7 -5.6 -2.4 -2.3 2106	
-5.7 -5.6 -3.5 -3.4 745	
-5.7 -5.6 -3.9 -3.8 525	
-5.7 -5.6 -4.1 -4.0 397	
-5.7 -5.6 -5.2 -5.1 73	
-5.7 -5.6 -6.7 -6.6 1	
-5.7 -5.6 0.3 0.4 21557	
-5.7 -5.6 1.6 1.7 6269	
-5.7 -5.6 1.9 2.0 3943	
-5.7 -5.6 2.2 2.3 2429	
-5.7 -5.6 3.5 3.6 634	
-5.7 -5.6 4.6 4.7 164	
-5.7 -5.6 4.9 5.0 125	
-5.7 -5.6 5.2 5.3 69	
-5.7 -5.6 7.1 7.2 1	
-5.8 -5.7 -0.5 -0.4 21431	
-5.8 -5.7 -1.6 -1.5 7344	
-5.8 -5.7 -2.2 -2.1 2672	
-5.8 -5.7 -3.3 -3.2 638	
-5.8 -5.7 -3.7 -3.6 530	
-5.8 -5.7 -4.8 -4.7 112	
-5.8 -5.7 -5.4 -5.3 39	
-5.8 -5.7 0.3 0.4 22276	
-5.8 -5.7 1.6 1.7 6245	
-5.8 -5.7 1.9 2.0 3858	
-5.8 -5.7 2.0 2.1 3144	
-5.8 -5.7 2.7 2.8 1096	
-5.8 -5.7 3.3 3.4 646	
-5.8 -5.7 4.6 4.7 140	
-5.8 -5.7 4.9 5.0 84	
-5.8 -5.7 5.2 5.3 39	
-5.8 -5.7 6.5 6.6 2	
-5.9 -5.8 -0.1 0.0 23975	
-5.9 -5.8 -0.3 -0.2 23353	
-5.9 -5.8 -1.8 -1.7 5474	
-5.9 -5.8 -2.9 -2.8 878	
-5.9 -5.8 -3.1 -3.0 569	
-5.9 -5.8 -3.5 -3.4 403	
-5.9 -5.8 -4.6 -4.5 135	
-5.9 -5.8 -5.2 -5.1 41	
-5.9 -5.8 -6.0 -5.9 2	
-5.9 -5.8 -6.3 -6.2 1	
-5.9 -5.8 0.1 0.2 23860	
-5.9 -5.8 0.8 0.9 16794	
-5.9 -5.8 1.4 1.5 8436	
-5.9 -5.8 2.0 2.1 3173	
-5.9 -5.8 2.7 2.8 958	
-5.9 -5.8 3.3 3.4 477	
-5.9 -5.8 4.6 4.7 105	
-5.9 -5.8 4.9 5.0 75	
-5.9 -5.8 5.0 5.1 52	
-5.9 -5.8 5.7 5.8 5	
-5.9 -5.8 6.3 6.4 2	
-6.0 -5.9 -0.3 -0.2 23375	
-6.0 -5.9 -1.8 -1.7 5279	
-6.0 -5.9 -2.9 -2.8 736	
-6.0 -5.9 -3.1 -3.0 545	
-6.0 -5.9 -3.5 -3.4 324	
-6.0 -5.9 -4.6 -4.5 102	
-6.0 -5.9 -5.2 -5.1 31	
-6.0 -5.9 -6.0 -5.9 11	
-6.0 -5.9 -6.3 -6.2 1	
-6.0 -5.9 0.1 0.2 23823	
-6.0 -5.9 0.8 0.9 16850	
-6.0 -5.9 1.2 1.3 11104	
-6.0 -5.9 2.5 2.6 1222	
-6.0 -5.9 3.1 3.2 432	
-6.0 -5.9 3.8 3.9 238	
-6.0 -5.9 4.4 4.5 123	
-6.0 -5.9 5.0 5.1 37	
-6.0 -5.9 5.7 5.8 5	
-6.0 -5.9 6.1 6.2 5	
-6.1 -6.0 -0.5 -0.4 21529	
-6.1 -6.0 -0.9 -0.8 16878	
-6.1 -6.0 -1.1 -1.0 13924	
-6.1 -6.0 -2.2 -2.1 2589	
-6.1 -6.0 -2.6 -2.5 1121	
-6.1 -6.0 -3.7 -3.6 195	
-6.1 -6.0 -4.0 -3.9 159	
-6.1 -6.0 -4.3 -4.2 109	
-6.1 -6.0 -5.4 -5.3 12	
-6.1 -6.0 -6.5 -6.4 2	
-6.1 -6.0 0.1 0.2 23707	
-6.1 -6.0 0.8 0.9 16883	
-6.1 -6.0 1.4 1.5 8386	
-6.1 -6.0 2.0 2.1 3132	
-6.1 -6.0 2.7 2.8 825	
-6.1 -6.0 3.3 3.4 279	
-6.1 -6.0 4.4 4.5 75	
-6.1 -6.0 5.0 5.1 23	
-6.1 -6.0 5.7 5.8 6	
-6.1 -6.0 6.3 6.4 1	
-6.2 -6.1 -0.7 -0.6 19475	
-6.2 -6.1 -1.0 -0.9 15217	
-6.2 -6.1 -1.8 -1.7 5342	
-6.2 -6.1 -2.4 -2.3 1716	
-6.2 -6.1 -3.5 -3.4 218	
-6.2 -6.1 -3.9 -3.8 129	
-6.2 -6.1 -4.1 -4.0 99	
-6.2 -6.1 -5.2 -5.1 12	
-6.2 -6.1 -5.6 -5.5 6	
-6.2 -6.1 0.1 0.2 23614	
-6.2 -6.1 0.8 0.9 16633	
-6.2 -6.1 1.4 1.5 8227	
-6.2 -6.1 2.5 2.6 1119	
-6.2 -6.1 3.1 3.2 292	
-6.2 -6.1 3.8 3.9 139	
-6.2 -6.1 4.4 4.5 55	
-6.2 -6.1 5.0 5.1 18	
-6.2 -6.1 5.7 5.8 3	
-6.2 -6.1 6.3 6.4 1	
-6.3 -6.2 -0.5 -0.4 21357	
-6.3 -6.2 -1.1 -1.0 13383	
-6.3 -6.2 -1.6 -1.5 7025	
-6.3 -6.2 -2.2 -2.1 2349	
-6.3 -6.2 -3.3 -3.2 239	
-6.3 -6.2 -3.7 -3.6 128	
-6.3 -6.2 -4.8 -4.7 16	
-6.3 -6.2 -5.4 -5.3 8	
-6.3 -6.2 0.6 0.7 18896	
-6.3 -6.2 0.9 1.0 14874	
-6.3 -6.2 1.2 1.3 10582	
-6.3 -6.2 2.5 2.6 999	
-6.3 -6.2 3.1 3.2 296	
-6.3 -6.2 3.8 3.9 85	
-6.3 -6.2 4.4 4.5 38	
-6.3 -6.2 5.5 5.6 5	
-6.4 -6.3 -0.1 0.0 22681	
-6.4 -6.3 -0.3 -0.2 21810	
-6.4 -6.3 -0.7 -0.6 18035	
-6.4 -6.3 -1.8 -1.7 4932	
-6.4 -6.3 -2.9 -2.8 471	
-6.4 -6.3 -3.5 -3.4 115	
-6.4 -6.3 -4.6 -4.5 30	
-6.4 -6.3 -5.2 -5.1 12	
-6.4 -6.3 0.6 0.7 18333	
-6.4 -6.3 0.9 1.0 14245	
-6.4 -6.3 1.2 1.3 10316	
-6.4 -6.3 2.5 2.6 948	
-6.4 -6.3 3.6 3.7 108	
-6.4 -6.3 3.9 4.0 77	
-6.4 -6.3 4.2 4.3 55	
-6.4 -6.3 5.5 5.6 4	
-6.4 -6.3 6.1 6.2 1	
-6.5 -6.4 -0.5 -0.4 19499	
-6.5 -6.4 -1.6 -1.5 6537	
-6.5 -6.4 -2.2 -2.1 2180	
-6.5 -6.4 -3.0 -2.9 350	
-6.5 -6.4 -3.3 -3.2 173	
-6.5 -6.4 -4.4 -4.3 40	
-6.5 -6.4 -4.8 -4.7 17	
-6.5 -6.4 -5.9 -5.8 1	
-6.5 -6.4 -6.1 -6.0 1	
-6.5 -6.4 -6.5 -6.4 1	
-6.5 -6.4 0.6 0.7 17349	
-6.5 -6.4 0.9 1.0 13990	
-6.5 -6.4 1.0 1.1 12598	
-6.5 -6.4 1.7 1.8 4784	
-6.5 -6.4 2.3 2.4 1422	
-6.5 -6.4 3.6 3.7 83	
-6.5 -6.4 3.9 4.0 58	
-6.5 -6.4 4.2 4.3 20	
-6.5 -6.4 5.5 5.6 1	
-6.6 -6.5 -0.3 -0.2 19952	
-6.6 -6.5 -1.4 -1.3 8223	
-6.6 -6.5 -1.8 -1.7 4616	
-6.6 -6.5 -2.9 -2.8 414	
-6.6 -6.5 -3.1 -3.0 237	
-6.6 -6.5 -4.6 -4.5 11	
-6.6 -6.5 -5.7 -5.6 3	
-6.6 -6.5 -6.3 -6.2 1	
-6.6 -6.5 0.4 0.5 18813	
-6.6 -6.5 1.0 1.1 11734	
-6.6 -6.5 1.7 1.8 4488	
-6.6 -6.5 2.3 2.4 1324	
-6.6 -6.5 3.6 3.7 52	
-6.6 -6.5 3.9 4.0 45	
-6.6 -6.5 4.0 4.1 33	
-6.6 -6.5 4.7 4.8 11	
-6.7 -6.6 -1.2 -1.1 9948	
-6.7 -6.6 -1.6 -1.5 5848	
-6.7 -6.6 -2.7 -2.6 609	
-6.7 -6.6 -3.0 -2.9 287	
-6.7 -6.6 -3.3 -3.2 128	
-6.7 -6.6 -4.4 -4.3 10	
-6.7 -6.6 -5.9 -5.8 2	
-6.7 -6.6 0.4 0.5 17296	
-6.7 -6.6 1.0 1.1 11147	
-6.7 -6.6 1.7 1.8 4245	
-6.7 -6.6 2.1 2.2 1916	
-6.7 -6.6 2.8 2.9 358	
-6.7 -6.6 3.4 3.5 77	
-6.7 -6.6 4.0 4.1 26	
-6.7 -6.6 4.7 4.8 7	
-6.7 -6.6 5.3 5.4 1	
-6.8 -6.7 -0.1 0.0 18033	
-6.8 -6.7 -0.8 -0.7 13608	
-6.8 -6.7 -1.4 -1.3 7276	
-6.8 -6.7 -2.5 -2.4 911	
-6.8 -6.7 -2.9 -2.8 328	
-6.8 -6.7 -3.1 -3.0 186	
-6.8 -6.7 -4.2 -4.1 5	
-6.8 -6.7 -4.6 -4.5 2	
-6.8 -6.7 0.2 0.3 17695	
-6.8 -6.7 1.5 1.6 5508	
-6.8 -6.7 2.1 2.2 1769	
-6.8 -6.7 2.8 2.9 368	
-6.8 -6.7 3.4 3.5 79	
-6.8 -6.7 4.0 4.1 14	
-6.8 -6.7 4.7 4.8 7	
-6.8 -6.7 5.1 5.2 1	
-6.9 -6.8 -0.6 -0.5 14472	
-6.9 -6.8 -1.2 -1.1 8513	
-6.9 -6.8 -2.3 -2.2 1335	
-6.9 -6.8 -2.7 -2.6 514	
-6.9 -6.8 -3.8 -3.7 24	
-6.9 -6.8 -4.4 -4.3 6	
-6.9 -6.8 -6.1 -6.0 1	
-6.9 -6.8 0.2 0.3 15987	
-6.9 -6.8 1.5 1.6 5016	
-6.9 -6.8 2.1 2.2 1612	
-6.9 -6.8 2.8 2.9 312	
-6.9 -6.8 3.2 3.3 91	
-6.9 -6.8 4.5 4.6 6	
-6.9 -6.8 5.1 5.2 1	
-7.0 -6.9 -0.6 -0.5 13052	
-7.0 -6.9 -1.2 -1.1 7870	
-7.0 -6.9 -2.3 -2.2 1239	
-7.0 -6.9 -2.7 -2.6 457	
-7.0 -6.9 -3.8 -3.7 17	
-7.0 -6.9 -4.4 -4.3 3	
-7.0 -6.9 0.0 0.1 14972	
-7.0 -6.9 0.7 0.8 11507	
-7.0 -6.9 1.3 1.4 6115	
-7.0 -6.9 2.6 2.7 491	
-7.0 -6.9 2.9 3.0 208	
-7.0 -6.9 3.2 3.3 71	
-7.0 -6.9 4.3 4.4 5	
-7.1 -7.0 -0.3 -0.2 13469	
-7.1 -7.0 -1.4 -1.3 5545	
-7.1 -7.0 -1.8 -1.7 3069	
-7.1 -7.0 -2.9 -2.8 237	
-7.1 -7.0 -3.1 -3.0 133	
-7.1 -7.0 -3.5 -3.4 38	
-7.1 -7.0 -4.6 -4.5 1	
-7.1 -7.0 -5.2 -5.1 2	
-7.1 -7.0 0.2 0.3 13344	
-7.1 -7.0 1.5 1.6 4171	
-7.1 -7.0 2.6 2.7 395	
-7.1 -7.0 3.2 3.3 83	
-7.1 -7.0 4.5 4.6 3	
-7.2 -7.1 -1.2 -1.1 6313	
-7.2 -7.1 -1.6 -1.5 3698	
-7.2 -7.1 -2.7 -2.6 397	
-7.2 -7.1 -3.0 -2.9 183	
-7.2 -7.1 -3.3 -3.2 58	
-7.2 -7.1 -4.4 -4.3 3	
-7.2 -7.1 0.0 0.1 12102	
-7.2 -7.1 0.7 0.8 9216	
-7.2 -7.1 1.3 1.4 4866	
-7.2 -7.1 2.6 2.7 393	
-7.2 -7.1 2.9 3.0 159	
-7.2 -7.1 3.2 3.3 61	
-7.2 -7.1 4.5 4.6 2	
-7.3 -7.2 -0.1 0.0 10837	
-7.3 -7.2 -0.8 -0.7 8254	
-7.3 -7.2 -1.4 -1.3 4378	
-7.3 -7.2 -2.5 -2.4 473	
-7.3 -7.2 -2.9 -2.8 207	
-7.3 -7.2 -3.1 -3.0 103	
-7.3 -7.2 -4.2 -4.1 2	
-7.3 -7.2 -5.7 -5.6 2	
-7.3 -7.2 0.0 0.1 10965	
-7.3 -7.2 0.7 0.8 8276	
-7.3 -7.2 1.3 1.4 4383	
-7.3 -7.2 2.6 2.7 302	
-7.3 -7.2 2.9 3.0 143	
-7.3 -7.2 3.0 3.1 127	
-7.3 -7.2 4.3 4.4 4	
-7.4 -7.3 -1.2 -1.1 5029	
-7.4 -7.3 -2.3 -2.2 740	
-7.4 -7.3 -2.7 -2.6 296	
-7.4 -7.3 -3.0 -2.9 121	
-7.4 -7.3 -3.8 -3.7 6	
-7.4 -7.3 -4.4 -4.3 3	
-7.4 -7.3 0.0 0.1 9608	
-7.4 -7.3 0.7 0.8 7205	
-7.4 -7.3 1.1 1.2 4900	
-7.4 -7.3 2.4 2.5 499	
-7.4 -7.3 3.0 3.1 86	
-7.4 -7.3 3.7 3.8 6	
-7.5 -7.4 -0.8 -0.7 6233	
-7.5 -7.4 -1.4 -1.3 3413	
-7.5 -7.4 -1.9 -1.8 1510	
-7.5 -7.4 -2.5 -2.4 452	
-7.5 -7.4 -3.6 -3.5 20	
-7.5 -7.4 -4.2 -4.1 1	
-7.5 -7.4 0.5 0.6 7121	
-7.5 -7.4 1.1 1.2 4367	
-7.5 -7.4 1.8 1.9 1518	
-7.5 -7.4 2.4 2.5 397	
-7.5 -7.4 3.0 3.1 67	
-7.5 -7.4 3.7 3.8 12	
-7.5 -7.4 4.1 4.2 3	
-7.6 -7.5 -0.6 -0.5 6164	
-7.6 -7.5 -1.2 -1.1 3770	
-7.6 -7.5 -2.0 -1.9 1088	
-7.6 -7.5 -2.3 -2.2 593	
-7.6 -7.5 -3.8 -3.7 6	
-7.6 -7.5 0.5 0.6 6210	
-7.6 -7.5 1.1 1.2 3803	
-7.6 -7.5 1.8 1.9 1344	
-7.6 -7.5 2.2 2.3 621	
-7.6 -7.5 3.5 3.6 14	
-7.6 -7.5 4.1 4.2 5	
-7.7 -7.6 -0.4 -0.3 5723	
-7.7 -7.6 -0.8 -0.7 4715	
-7.7 -7.6 -1.9 -1.8 1140	
-7.7 -7.6 -2.1 -2.0 752	
-7.7 -7.6 -2.5 -2.4 343	
-7.7 -7.6 -3.6 -3.5 13	
-7.7 -7.6 0.3 0.4 5732	
-7.7 -7.6 1.6 1.7 1571	
-7.7 -7.6 1.9 2.0 942	
-7.7 -7.6 2.2 2.3 505	
-7.7 -7.6 3.5 3.6 14	
-7.7 -7.6 4.1 4.2 1	
-7.8 -7.7 -0.2 -0.1 5252	
-7.8 -7.7 -0.6 -0.5 4450	
-7.8 -7.7 -1.7 -1.6 1338	
-7.8 -7.7 -2.0 -1.9 750	
-7.8 -7.7 -2.3 -2.2 386	
-7.8 -7.7 -3.4 -3.3 22	
-7.8 -7.7 -3.8 -3.7 3	
-7.8 -7.7 0.3 0.4 4929	
-7.8 -7.7 1.6 1.7 1377	
-7.8 -7.7 1.9 2.0 726	
-7.8 -7.7 2.2 2.3 401	
-7.8 -7.7 3.5 3.6 8	
-7.9 -7.8 -0.4 -0.3 4005	
-7.9 -7.8 -1.5 -1.4 1448	
-7.9 -7.8 -1.9 -1.8 744	
-7.9 -7.8 -2.1 -2.0 536	
-7.9 -7.8 -3.2 -3.1 29	
-7.9 -7.8 -3.6 -3.5 6	
-7.9 -7.8 0.3 0.4 4091	
-7.9 -7.8 1.6 1.7 1139	
-7.9 -7.8 1.9 2.0 639	
-7.9 -7.8 2.0 2.1 570	
-7.9 -7.8 2.7 2.8 107	
-7.9 -7.8 3.3 3.4 13	
-8.0 -7.9 -0.4 -0.3 3331	
-8.0 -7.9 -1.5 -1.4 1288	
-8.0 -7.9 -1.9 -1.8 669	
-8.0 -7.9 -2.1 -2.0 419	
-8.0 -7.9 -3.2 -3.1 21	
-8.0 -7.9 -3.6 -3.5 12	
-8.0 -7.9 0.1 0.2 3407	
-8.0 -7.9 0.8 0.9 2511	
-8.0 -7.9 1.4 1.5 1280	
-8.0 -7.9 2.7 2.8 63	
-8.0 -7.9 3.1 3.2 30	
-8.0 -7.9 3.8 3.9 2	
-8.1 -8.0 -0.6 -0.5 2489	
-8.1 -8.0 -1.2 -1.1 1482	
-8.1 -8.0 -2.0 -1.9 451	
-8.1 -8.0 -2.3 -2.2 240	
-8.1 -8.0 -2.7 -2.6 94	
-8.1 -8.0 -3.8 -3.7 1	
-8.1 -8.0 0.1 0.2 2850	
-8.1 -8.0 1.4 1.5 1011	
-8.1 -8.0 2.0 2.1 337	
-8.1 -8.0 2.7 2.8 55	
-8.1 -8.0 3.3 3.4 8	
-8.2 -8.1 -0.4 -0.3 2284	
-8.2 -8.1 -0.8 -0.7 1826	
-8.2 -8.1 -1.9 -1.8 468	
-8.2 -8.1 -2.1 -2.0 293	
-8.2 -8.1 -2.5 -2.4 102	
-8.2 -8.1 -3.6 -3.5 3	
-8.2 -8.1 -4.2 -4.1 1	
-8.2 -8.1 0.1 0.2 2370	
-8.2 -8.1 0.8 0.9 1663	
-8.2 -8.1 1.4 1.5 791	
-8.2 -8.1 2.0 2.1 281	
-8.2 -8.1 2.7 2.8 56	
-8.2 -8.1 3.3 3.4 9	
-8.2 -8.1 4.4 4.5 1	
-8.3 -8.2 -0.6 -0.5 1584	
-8.3 -8.2 -1.7 -1.6 470	
-8.3 -8.2 -2.0 -1.9 319	
-8.3 -8.2 -2.3 -2.2 158	
-8.3 -8.2 -3.4 -3.3 5	
-8.3 -8.2 0.1 0.2 1860	
-8.3 -8.2 0.8 0.9 1308	
-8.3 -8.2 1.4 1.5 717	
-8.3 -8.2 2.5 2.6 92	
-8.3 -8.2 3.1 3.2 11	
-8.3 -8.2 3.8 3.9 1	
-8.4 -8.3 -0.4 -0.3 1422	
-8.4 -8.3 -1.5 -1.4 511	
-8.4 -8.3 -1.9 -1.8 291	
-8.4 -8.3 -2.1 -2.0 178	
-8.4 -8.3 -3.2 -3.1 10	
-8.4 -8.3 -3.6 -3.5 2	
-8.4 -8.3 0.6 0.7 1202	
-8.4 -8.3 0.9 1.0 920	
-8.4 -8.3 1.2 1.3 696	
-8.4 -8.3 2.5 2.6 60	
-8.4 -8.3 3.1 3.2 13	
-8.5 -8.4 -0.2 -0.1 1212	
-8.5 -8.4 -0.6 -0.5 1028	
-8.5 -8.4 -1.7 -1.6 314	
-8.5 -8.4 -2.0 -1.9 187	
-8.5 -8.4 -2.8 -2.7 29	
-8.5 -8.4 -3.4 -3.3 6	
-8.5 -8.4 0.6 0.7 954	
-8.5 -8.4 0.9 1.0 803	
-8.5 -8.4 1.2 1.3 541	
-8.5 -8.4 2.5 2.6 47	
-8.5 -8.4 3.6 3.7 2	
-8.6 -8.5 -0.4 -0.3 850	
-8.6 -8.5 -1.5 -1.4 320	
-8.6 -8.5 -2.1 -2.0 97	
-8.6 -8.5 -2.6 -2.5 39	
-8.6 -8.5 -3.2 -3.1 6	
-8.6 -8.5 -4.7 -4.6 1	
-8.6 -8.5 0.6 0.7 741	
-8.6 -8.5 0.9 1.0 554	
-8.6 -8.5 1.0 1.1 564	
-8.6 -8.5 1.7 1.8 227	
-8.6 -8.5 2.3 2.4 56	
-8.6 -8.5 3.6 3.7 3	
-8.7 -8.6 -0.2 -0.1 718	
-8.7 -8.6 -1.0 -0.9 445	
-8.7 -8.6 -1.3 -1.2 331	
-8.7 -8.6 -1.7 -1.6 193	
-8.7 -8.6 -2.8 -2.7 18	
-8.7 -8.6 0.4 0.5 651	
-8.7 -8.6 1.0 1.1 406	
-8.7 -8.6 1.7 1.8 151	
-8.7 -8.6 2.3 2.4 47	
-8.7 -8.6 3.6 3.7 3	
-8.7 -8.6 3.9 4.0 2	
-8.7 -8.6 4.0 4.1 1	
-8.8 -8.7 -0.9 -0.8 390	
-8.8 -8.7 -1.1 -1.0 298	
-8.8 -8.7 -1.5 -1.4 181	
-8.8 -8.7 -2.6 -2.5 19	
-8.8 -8.7 -3.2 -3.1 4	
-8.8 -8.7 0.4 0.5 509	
-8.8 -8.7 1.0 1.1 334	
-8.8 -8.7 1.7 1.8 93	
-8.8 -8.7 2.1 2.2 58	
-8.8 -8.7 2.8 2.9 11	
-8.8 -8.7 4.0 4.1 2	
-8.9 -8.8 -0.1 0.0 426	
-8.9 -8.8 -0.7 -0.6 324	
-8.9 -8.8 -1.0 -0.9 253	
-8.9 -8.8 -1.3 -1.2 194	
-8.9 -8.8 -2.4 -2.3 23	
-8.9 -8.8 -2.8 -2.7 5	
-8.9 -8.8 -3.9 -3.8 1	
-8.9 -8.8 -4.1 -4.0 1	
-8.9 -8.8 0.2 0.3 392	
-8.9 -8.8 1.5 1.6 116	
-8.9 -8.8 2.1 2.2 39	
-8.9 -8.8 2.8 2.9 5	
-8.9 -8.8 3.4 3.5 1	
-9.0 -8.9 -0.7 -0.6 248	
-9.0 -8.9 -1.0 -0.9 192	
-9.0 -8.9 -1.3 -1.2 131	
-9.0 -8.9 -2.4 -2.3 19	
-9.0 -8.9 -2.8 -2.7 12	
-9.0 -8.9 -3.9 -3.8 1	
-9.0 -8.9 0.2 0.3 315	
-9.0 -8.9 1.3 1.4 118	
-9.0 -8.9 2.6 2.7 14	
-9.0 -8.9 2.9 3.0 5	
-9.0 -8.9 3.2 3.3 2	
-9.1 -9.0 -0.4 -0.3 233	
-9.1 -9.0 -1.5 -1.4 80	
-9.1 -9.0 -2.1 -2.0 29	
-9.1 -9.0 -3.2 -3.1 1	
-9.1 -9.0 0.2 0.3 232	
-9.1 -9.0 1.5 1.6 61	
-9.1 -9.0 2.1 2.2 24	
-9.1 -9.0 2.8 2.9 2	
-9.1 -9.0 3.4 3.5 1	
-9.2 -9.1 -0.2 -0.1 158	
-9.2 -9.1 -1.3 -1.2 74	
-9.2 -9.1 -1.7 -1.6 40	
-9.2 -9.1 -2.8 -2.7 2	
-9.2 -9.1 -3.4 -3.3 1	
-9.2 -9.1 0.2 0.3 156	
-9.2 -9.1 1.5 1.6 61	
-9.2 -9.1 2.6 2.7 6	
-9.2 -9.1 2.9 3.0 3	
-9.3 -9.2 -0.9 -0.8 80	
-9.3 -9.2 -1.1 -1.0 86	
-9.3 -9.2 -1.5 -1.4 42	
-9.3 -9.2 0.0 0.1 115	
-9.3 -9.2 0.7 0.8 87	
-9.3 -9.2 1.3 1.4 48	
-9.3 -9.2 2.6 2.7 5	
-9.4 -9.3 -0.1 0.0 89	
-9.4 -9.3 -0.7 -0.6 76	
-9.4 -9.3 -1.0 -0.9 47	
-9.4 -9.3 -1.3 -1.2 40	
-9.4 -9.3 -2.4 -2.3 5	
-9.4 -9.3 -2.8 -2.7 2	
-9.4 -9.3 0.0 0.1 56	
-9.4 -9.3 0.7 0.8 55	
-9.4 -9.3 1.3 1.4 38	
-9.4 -9.3 2.6 2.7 2	
-9.4 -9.3 2.9 3.0 3	
-9.4 -9.3 3.0 3.1 1	
-9.5 -9.4 -0.9 -0.8 51	
-9.5 -9.4 -1.1 -1.0 45	
-9.5 -9.4 -2.2 -2.1 8	
-9.5 -9.4 -2.6 -2.5 1	
-9.5 -9.4 0.0 0.1 64	
-9.5 -9.4 0.7 0.8 54	
-9.5 -9.4 1.1 1.2 33	
-9.5 -9.4 2.4 2.5 2	
-9.5 -9.4 3.0 3.1 1	
-9.6 -9.5 -0.7 -0.6 45	
-9.6 -9.5 -1.0 -0.9 19	
-9.6 -9.5 -1.3 -1.2 20	
-9.6 -9.5 -1.8 -1.7 5	
-9.6 -9.5 -2.4 -2.3 3	
-9.6 -9.5 0.5 0.6 44	
-9.6 -9.5 1.1 1.2 28	
-9.6 -9.5 1.8 1.9 8	
-9.6 -9.5 2.4 2.5 2	
-9.7 -9.6 -0.5 -0.4 46	
-9.7 -9.6 -0.9 -0.8 16	
-9.7 -9.6 -1.1 -1.0 9	
-9.7 -9.6 0.5 0.6 28	
-9.7 -9.6 1.1 1.2 14	
-9.7 -9.6 1.8 1.9 7	
-9.7 -9.6 2.2 2.3 5	
-9.8 -9.7 -0.1 0.0 15	
-9.8 -9.7 -0.3 -0.2 24	
-9.8 -9.7 -0.7 -0.6 21	
-9.8 -9.7 -1.8 -1.7 1	
-9.8 -9.7 -2.4 -2.3 3	
-9.8 -9.7 0.3 0.4 19	
-9.8 -9.7 1.6 1.7 4	
-9.8 -9.7 1.9 2.0 3	
-9.8 -9.7 2.2 2.3 2	
-9.9 -9.8 -0.5 -0.4 18	
-9.9 -9.8 -1.6 -1.5 2	
-9.9 -9.8 -2.2 -2.1 1	
-9.9 -9.8 0.3 0.4 12	
-9.9 -9.8 1.6 1.7 3	
-9.9 -9.8 1.9 2.0 1	
0.0 0.1 -0.5 -0.4 1521	
0.0 0.1 -0.9 -0.8 2727	
0.0 0.1 -1.1 -1.0 3938	
0.0 0.1 -10.5 -10.4 4	
0.0 0.1 -2.2 -2.1 17370	
0.0 0.1 -2.6 -2.5 22186	
0.0 0.1 -3.7 -3.6 21161	
0.0 0.1 -4.0 -3.9 18335	
0.0 0.1 -4.3 -4.2 16300	
0.0 0.1 -5.4 -5.3 20570	
0.0 0.1 -6.5 -6.4 21686	
0.0 0.1 -6.9 -6.8 16741	
0.0 0.1 -7.1 -7.0 13763	
0.0 0.1 -8.2 -8.1 2298	
0.0 0.1 -8.6 -8.5 926	
0.0 0.1 -9.7 -9.6 32	
0.0 0.1 0.0 0.1 1034	
0.0 0.1 0.7 0.8 2368	
0.0 0.1 1.3 1.4 6457	
0.0 0.1 10.1 10.2 6	
0.0 0.1 10.5 10.6 2	
0.0 0.1 2.6 2.7 23237	
0.0 0.1 2.9 3.0 24833	
0.0 0.1 3.0 3.1 24360	
0.0 0.1 3.7 3.8 20248	
0.0 0.1 4.3 4.4 15942	
0.0 0.1 5.6 5.7 23223	
0.0 0.1 5.9 6.0 24065	
0.0 0.1 6.2 6.3 23223	
0.0 0.1 7.5 7.6 7097	
0.0 0.1 8.8 8.9 422	
0.0 0.1 9.2 9.3 126	
0.1 0.2 -0.8 -0.7 2462	
0.1 0.2 -1.4 -1.3 6400	
0.1 0.2 -10.5 -10.4 1	
0.1 0.2 -2.5 -2.4 20898	
0.1 0.2 -2.9 -2.8 24069	
0.1 0.2 -3.1 -3.0 24366	
0.1 0.2 -4.2 -4.1 16805	
0.1 0.2 -4.6 -4.5 15631	
0.1 0.2 -5.7 -5.6 23018	
0.1 0.2 -6.0 -5.9 24231	
0.1 0.2 -6.8 -6.7 17753	
0.1 0.2 -7.4 -7.3 9498	
0.1 0.2 -8.5 -8.4 1201	
0.1 0.2 -8.9 -8.8 425	
0.1 0.2 -9.1 -9.0 227	
0.1 0.2 0.4 0.5 1501	
0.1 0.2 1.5 1.6 8604	
0.1 0.2 1.7 1.8 11337	
0.1 0.2 2.1 2.2 16983	
0.1 0.2 2.8 2.9 23915	
0.1 0.2 3.4 3.5 22930	
0.1 0.2 4.0 4.1 17531	
0.1 0.2 4.7 4.8 15835	
0.1 0.2 5.3 5.4 20790	
0.1 0.2 6.6 6.7 19431	
0.1 0.2 6.9 7.0 15110	
0.1 0.2 7.0 7.1 13648	
0.1 0.2 7.7 7.8 4998	
0.1 0.2 8.3 8.4 1456	
0.1 0.2 9.6 9.7 26	
0.2 0.3 -0.2 -0.1 1191	
0.2 0.3 -1.3 -1.2 5421	
0.2 0.3 -1.7 -1.6 9586	
0.2 0.3 -10.5 -10.4 1	
0.2 0.3 -2.8 -2.7 23186	
0.2 0.3 -3.4 -3.3 23189	
0.2 0.3 -4.5 -4.4 15272	
0.2 0.3 -5.1 -5.0 17814	
0.2 0.3 -6.2 -6.1 22790	
0.2 0.3 -7.3 -7.2 10740	
0.2 0.3 -7.7 -7.6 5907	
0.2 0.3 -8.0 -7.9 3423	
0.2 0.3 -8.8 -8.7 548	
0.2 0.3 -9.4 -9.3 92	
0.2 0.3 0.6 0.7 2105	
0.2 0.3 0.9 1.0 3407	
0.2 0.3 1.2 1.3 5401	
0.2 0.3 2.5 2.6 21590	
0.2 0.3 3.1 3.2 24174	
0.2 0.3 3.8 3.9 18980	
0.2 0.3 4.4 4.5 15152	
0.2 0.3 5.5 5.6 21740	
0.2 0.3 6.1 6.2 22852	
0.2 0.3 6.8 6.9 16070	
0.2 0.3 7.4 7.5 8056	
0.2 0.3 8.0 8.1 2799	
0.2 0.3 8.7 8.8 529	
0.2 0.3 9.3 9.4 105	
0.3 0.4 -0.1 0.0 1360	
0.3 0.4 -0.5 -0.4 1686	
0.3 0.4 -1.6 -1.5 8388	
0.3 0.4 -2.2 -2.1 16156	
0.3 0.4 -3.3 -3.2 23304	
0.3 0.4 -3.7 -3.6 20113	
0.3 0.4 -4.8 -4.7 15309	
0.3 0.4 -5.4 -5.3 19477	
0.3 0.4 -5.9 -5.8 22419	
0.3 0.4 -6.5 -6.4 20334	
0.3 0.4 -7.6 -7.5 6649	
0.3 0.4 -8.2 -8.1 2162	
0.3 0.4 -9.3 -9.2 120	
0.3 0.4 -9.7 -9.6 30	
0.3 0.4 0.3 0.4 1487	
0.3 0.4 1.6 1.7 9493	
0.3 0.4 1.9 2.0 13655	
0.3 0.4 10.1 10.2 3	
0.3 0.4 2.2 2.3 17594	
0.3 0.4 3.3 3.4 22379	
0.3 0.4 4.6 4.7 15093	
0.3 0.4 4.9 5.0 16411	
0.3 0.4 5.2 5.3 19052	
0.3 0.4 6.5 6.6 19243	
0.3 0.4 7.1 7.2 11719	
0.3 0.4 7.8 7.9 3981	
0.3 0.4 8.2 8.3 1803	
0.3 0.4 8.4 8.5 1147	
0.3 0.4 9.5 9.6 46	
0.3 0.4 9.9 10.0 12	
0.4 0.5 -0.8 -0.7 2549	
0.4 0.5 -1.9 -1.8 11712	
0.4 0.5 -10.0 -9.9 10	
0.4 0.5 -10.7 -10.6 1	
0.4 0.5 -2.1 -2.0 14452	
0.4 0.5 -2.5 -2.4 19545	
0.4 0.5 -3.6 -3.5 20509	
0.4 0.5 -4.2 -4.1 15380	
0.4 0.5 -5.0 -4.9 15567	
0.4 0.5 -5.3 -5.2 18050	
0.4 0.5 -6.8 -6.7 16207	
0.4 0.5 -7.9 -7.8 3887	
0.4 0.5 -8.1 -8.0 2634	
0.4 0.5 -8.5 -8.4 1119	
0.4 0.5 -9.6 -9.5 48	
0.4 0.5 0.0 0.1 1434	
0.4 0.5 0.7 0.8 2591	
0.4 0.5 1.1 1.2 4605	
0.4 0.5 10.4 10.5 1	
0.4 0.5 2.4 2.5 19434	
0.4 0.5 3.0 3.1 22791	
0.4 0.5 3.7 3.8 18581	
0.4 0.5 4.3 4.4 14689	
0.4 0.5 5.6 5.7 20909	
0.4 0.5 5.9 6.0 21892	
0.4 0.5 6.0 6.1 21593	
0.4 0.5 6.2 6.3 21082	
0.4 0.5 7.3 7.4 8674	
0.4 0.5 8.6 8.7 589	
0.4 0.5 8.9 9.0 278	
0.4 0.5 9.2 9.3 116	
0.5 0.6 -0.2 -0.1 1767	
0.5 0.6 -0.7 -0.6 2445	
0.5 0.6 -1.0 -0.9 3491	
0.5 0.6 -1.3 -1.2 5424	
0.5 0.6 -10.2 -10.1 5	
0.5 0.6 -2.4 -2.3 17698	
0.5 0.6 -2.8 -2.7 21263	
0.5 0.6 -3.9 -3.8 17273	
0.5 0.6 -4.1 -4.0 15585	
0.5 0.6 -4.5 -4.4 13727	
0.5 0.6 -5.6 -5.5 19292	
0.5 0.6 -6.2 -6.1 20321	
0.5 0.6 -7.0 -6.9 12971	
0.5 0.6 -7.3 -7.2 9315	
0.5 0.6 -8.4 -8.3 1277	
0.5 0.6 -8.8 -8.7 511	
0.5 0.6 -9.9 -9.8 10	
0.5 0.6 0.2 0.3 1808	
0.5 0.6 1.5 1.6 8015	
0.5 0.6 10.3 10.4 3	
0.5 0.6 10.7 10.8 1	
0.5 0.6 2.1 2.2 15256	
0.5 0.6 2.8 2.9 21574	
0.5 0.6 3.4 3.5 20588	
0.5 0.6 4.0 4.1 15487	
0.5 0.6 4.7 4.8 14053	
0.5 0.6 5.1 5.2 16560	
0.5 0.6 5.8 5.9 20802	
0.5 0.6 6.4 6.5 18498	
0.5 0.6 7.0 7.1 11817	
0.5 0.6 7.7 7.8 4481	
0.5 0.6 8.3 8.4 1279	
0.5 0.6 9.6 9.7 31	
0.6 0.7 -1.6 -1.5 7713	
0.6 0.7 -10.2 -10.1 4	
0.6 0.7 -2.7 -2.6 19653	
0.6 0.7 -3.0 -2.9 21207	
0.6 0.7 -3.3 -3.2 20633	
0.6 0.7 -4.4 -4.3 13247	
0.6 0.7 -4.8 -4.7 13436	
0.6 0.7 -5.9 -5.8 19381	
0.6 0.7 -6.1 -6.0 19588	
0.6 0.7 -6.5 -6.4 17385	
0.6 0.7 -7.6 -7.5 5864	
0.6 0.7 -8.7 -8.6 555	
0.6 0.7 -9.0 -8.9 238	
0.6 0.7 -9.3 -9.2 124	
0.6 0.7 0.6 0.7 2584	
0.6 0.7 0.9 1.0 3653	
0.6 0.7 1.2 1.3 5249	
0.6 0.7 10.6 10.7 3	
0.6 0.7 2.5 2.6 18863	
0.6 0.7 3.6 3.7 18076	
0.6 0.7 3.8 3.9 16207	
0.6 0.7 4.2 4.3 13708	
0.6 0.7 5.5 5.6 18198	
0.6 0.7 6.1 6.2 19217	
0.6 0.7 6.8 6.9 13441	
0.6 0.7 7.4 7.5 6772	
0.6 0.7 8.7 8.8 447	
0.6 0.7 9.1 9.2 137	
0.6 0.7 9.8 9.9 20	
0.7 0.8 -0.4 -0.3 2601	
0.7 0.8 -1.5 -1.4 6668	
0.7 0.8 -1.9 -1.8 10803	
0.7 0.8 -10.0 -9.9 7	
0.7 0.8 -10.2 -10.1 7	
0.7 0.8 -10.7 -10.6 1	
0.7 0.8 -2.1 -2.0 13070	
0.7 0.8 -3.2 -3.1 19959	
0.7 0.8 -3.6 -3.5 17995	
0.7 0.8 -4.7 -4.6 12244	
0.7 0.8 -5.0 -4.9 13418	
0.7 0.8 -5.3 -5.2 15273	
0.7 0.8 -6.4 -6.3 17088	
0.7 0.8 -7.9 -7.8 3265	
0.7 0.8 -8.1 -8.0 2230	
0.7 0.8 -9.2 -9.1 128	
0.7 0.8 -9.6 -9.5 43	
0.7 0.8 0.3 0.4 2461	
0.7 0.8 1.6 1.7 8470	
0.7 0.8 1.9 2.0 11900	
0.7 0.8 10.0 10.1 5	
0.7 0.8 2.0 2.1 12999	
0.7 0.8 2.7 2.8 19471	
0.7 0.8 3.3 3.4 19633	
0.7 0.8 4.6 4.7 12467	
0.7 0.8 4.9 5.0 13275	
0.7 0.8 5.2 5.3 15302	
0.7 0.8 6.5 6.6 15427	
0.7 0.8 7.6 7.7 4668	
0.7 0.8 7.9 8.0 2584	
0.7 0.8 8.2 8.3 1387	
0.7 0.8 9.5 9.6 30	
0.8 0.9 -0.1 0.0 2798	
0.8 0.9 -0.7 -0.6 3237	
0.8 0.9 -1.0 -0.9 3926	
0.8 0.9 -1.8 -1.7 9198	
0.8 0.9 -2.4 -2.3 15253	
0.8 0.9 -3.5 -3.4 17824	
0.8 0.9 -3.9 -3.8 14712	
0.8 0.9 -4.1 -4.0 13554	
0.8 0.9 -5.2 -5.1 13621	
0.8 0.9 -5.6 -5.5 15967	
0.8 0.9 -6.7 -6.6 13525	
0.8 0.9 -7.0 -6.9 10699	
0.8 0.9 -7.3 -7.2 7486	
0.8 0.9 -7.8 -7.7 3675	
0.8 0.9 -8.4 -8.3 988	
0.8 0.9 -9.5 -9.4 59	
0.8 0.9 -9.9 -9.8 8	
0.8 0.9 0.5 0.6 3005	
0.8 0.9 1.1 1.2 4631	
0.8 0.9 1.8 1.9 10246	
0.8 0.9 10.3 10.4 1	
0.8 0.9 2.4 2.5 16520	
0.8 0.9 3.0 3.1 19062	
0.8 0.9 3.7 3.8 15785	
0.8 0.9 4.3 4.4 11991	
0.8 0.9 5.4 5.5 15264	
0.8 0.9 6.0 6.1 16861	
0.8 0.9 6.7 6.8 12416	
0.8 0.9 7.3 7.4 6737	
0.8 0.9 8.6 8.7 508	
0.8 0.9 8.9 9.0 236	
0.8 0.9 9.2 9.3 100	
0.8 0.9 9.9 10.0 4	
0.9 1.0 -0.5 -0.4 3291	
0.9 1.0 -1.6 -1.5 7335	
0.9 1.0 -10.0 -9.9 6	
0.9 1.0 -2.2 -2.1 12931	
0.9 1.0 -3.0 -2.9 18309	
0.9 1.0 -3.3 -3.2 18085	
0.9 1.0 -3.7 -3.6 16004	
0.9 1.0 -4.8 -4.7 11002	
0.9 1.0 -5.9 -5.8 15290	
0.9 1.0 -6.5 -6.4 13663	
0.9 1.0 -7.6 -7.5 4545	
0.9 1.0 -8.2 -8.1 1457	
0.9 1.0 -9.0 -8.9 214	
0.9 1.0 -9.3 -9.2 77	
0.9 1.0 -9.7 -9.6 19	
0.9 1.0 0.4 0.5 3402	
0.9 1.0 1.0 1.1 4363	
0.9 1.0 1.7 1.8 8864	
0.9 1.0 10.1 10.2 5	
0.9 1.0 2.3 2.4 14941	
0.9 1.0 3.4 3.5 16829	
0.9 1.0 3.9 4.0 13441	
0.9 1.0 4.0 4.1 12468	
0.9 1.0 4.7 4.8 10913	
0.9 1.0 5.3 5.4 13305	
0.9 1.0 6.6 6.7 12218	
0.9 1.0 6.9 7.0 9594	
0.9 1.0 7.2 7.3 6969	
0.9 1.0 8.5 8.6 558	
0.9 1.0 9.6 9.7 19	
1.0 1.1 -0.5 -0.4 3964	
1.0 1.1 -1.1 -1.0 4699	
1.0 1.1 -10.2 -10.1 1	
1.0 1.1 -10.7 -10.6 1	
1.0 1.1 -2.2 -2.1 12358	
1.0 1.1 -3.3 -3.2 16849	
1.0 1.1 -3.7 -3.6 14908	
1.0 1.1 -4.0 -3.9 12722	
1.0 1.1 -4.8 -4.7 10052	
1.0 1.1 -5.4 -5.3 12251	
1.0 1.1 -6.5 -6.4 12575	
1.0 1.1 -7.1 -7.0 7908	
1.0 1.1 -8.2 -8.1 1344	
1.0 1.1 -9.3 -9.2 78	
1.0 1.1 -9.7 -9.6 15	
1.0 1.1 0.3 0.4 3897	
1.0 1.1 1.6 1.7 7843	
1.0 1.1 1.9 2.0 10499	
1.0 1.1 10.1 10.2 7	
1.0 1.1 2.0 2.1 11558	
1.0 1.1 2.7 2.8 17007	
1.0 1.1 3.3 3.4 16742	
1.0 1.1 4.6 4.7 9957	
1.0 1.1 4.9 5.0 10586	
1.0 1.1 5.2 5.3 11896	
1.0 1.1 6.5 6.6 11814	
1.0 1.1 7.8 7.9 2428	
1.0 1.1 8.2 8.3 1066	
1.0 1.1 9.5 9.6 24	
1.1 1.2 -0.8 -0.7 4645	
1.1 1.2 -1.4 -1.3 5939	
1.1 1.2 -1.9 -1.8 9358	
1.1 1.2 -10.2 -10.1 3	
1.1 1.2 -10.7 -10.6 1	
1.1 1.2 -2.5 -2.4 14790	
1.1 1.2 -3.6 -3.5 14881	
1.1 1.2 -4.2 -4.1 10820	
1.1 1.2 -5.3 -5.2 10644	
1.1 1.2 -5.7 -5.6 11939	
1.1 1.2 -6.8 -6.7 9226	
1.1 1.2 -7.4 -7.3 5011	
1.1 1.2 -8.5 -8.4 596	
1.1 1.2 -9.6 -9.5 28	
1.1 1.2 0.5 0.6 4643	
1.1 1.2 0.7 0.8 4613	
1.1 1.2 1.1 1.2 5150	
1.1 1.2 1.8 1.9 9414	
1.1 1.2 10.4 10.5 1	
1.1 1.2 2.4 2.5 14574	
1.1 1.2 3.0 3.1 16581	
1.1 1.2 3.7 3.8 13717	
1.1 1.2 4.3 4.4 9799	
1.1 1.2 5.6 5.7 12203	
1.1 1.2 5.9 6.0 12614	
1.1 1.2 6.0 6.1 12503	
1.1 1.2 6.7 6.8 9133	
1.1 1.2 7.3 7.4 5048	
1.1 1.2 8.6 8.7 394	
1.1 1.2 8.9 9.0 157	
1.1 1.2 9.2 9.3 57	
1.2 1.3 -0.1 0.0 5407	
1.2 1.3 -0.2 -0.1 5593	
1.2 1.3 -1.0 -0.9 5309	
1.2 1.3 -1.3 -1.2 5899	
1.2 1.3 -10.2 -10.1 2	
1.2 1.3 -2.8 -2.7 15738	
1.2 1.3 -3.9 -3.8 12308	
1.2 1.3 -4.1 -4.0 11022	
1.2 1.3 -4.5 -4.4 8961	
1.2 1.3 -5.6 -5.5 10535	
1.2 1.3 -6.2 -6.1 11057	
1.2 1.3 -7.0 -6.9 6976	
1.2 1.3 -7.3 -7.2 4957	
1.2 1.3 -7.7 -7.6 2746	
1.2 1.3 -8.8 -8.7 232	
1.2 1.3 -9.9 -9.8 6	
1.2 1.3 0.2 0.3 5294	
1.2 1.3 1.5 1.6 7211	
1.2 1.3 2.1 2.2 11705	
1.2 1.3 2.8 2.9 15981	
1.2 1.3 3.4 3.5 14939	
1.2 1.3 4.5 4.6 8650	
1.2 1.3 5.1 5.2 9123	
1.2 1.3 5.8 5.9 11059	
1.2 1.3 6.4 6.5 9737	
1.2 1.3 7.0 7.1 6343	
1.2 1.3 7.7 7.8 2385	
1.2 1.3 8.3 8.4 685	
1.2 1.3 9.4 9.5 28	
1.3 1.4 -0.5 -0.4 6266	
1.3 1.4 -1.6 -1.5 7311	
1.3 1.4 -10.0 -9.9 3	
1.3 1.4 -2.2 -2.1 11652	
1.3 1.4 -2.7 -2.6 14930	
1.3 1.4 -3.0 -2.9 15903	
1.3 1.4 -3.3 -3.2 15585	
1.3 1.4 -4.4 -4.3 8850	
1.3 1.4 -4.8 -4.7 7816	
1.3 1.4 -5.9 -5.8 9699	
1.3 1.4 -6.1 -6.0 9759	
1.3 1.4 -6.5 -6.4 8652	
1.3 1.4 -7.6 -7.5 2906	
1.3 1.4 -8.2 -8.1 1003	
1.3 1.4 -9.0 -8.9 113	
1.3 1.4 -9.3 -9.2 52	
1.3 1.4 0.6 0.7 6139	
1.3 1.4 0.9 1.0 5886	
1.3 1.4 1.2 1.3 6196	
1.3 1.4 10.1 10.2 1	
1.3 1.4 2.3 2.4 13002	
1.3 1.4 3.6 3.7 13333	
1.3 1.4 3.9 4.0 11201	
1.3 1.4 4.2 4.3 9189	
1.3 1.4 5.5 5.6 9231	
1.3 1.4 6.1 6.2 9367	
1.3 1.4 6.8 6.9 6659	
1.3 1.4 7.2 7.3 4350	
1.3 1.4 7.4 7.5 3339	
1.3 1.4 8.5 8.6 355	
1.3 1.4 9.1 9.2 58	
1.3 1.4 9.8 9.9 5	
1.4 1.5 -0.4 -0.3 7269	
1.4 1.5 -0.8 -0.7 6643	
1.4 1.5 -1.9 -1.8 9229	
1.4 1.5 -10.9 -10.8 1	
1.4 1.5 -2.1 -2.0 10972	
1.4 1.5 -3.6 -3.5 13745	
1.4 1.5 -4.7 -4.6 7213	
1.4 1.5 -5.0 -4.9 7031	
1.4 1.5 -5.3 -5.2 7531	
1.4 1.5 -6.4 -6.3 7702	
1.4 1.5 -6.8 -6.7 6428	
1.4 1.5 -7.9 -7.8 1538	
1.4 1.5 -8.1 -8.0 1076	
1.4 1.5 -8.5 -8.4 402	
1.4 1.5 -9.6 -9.5 16	
1.4 1.5 0.1 0.2 7479	
1.4 1.5 1.4 1.5 7170	
1.4 1.5 10.0 10.1 2	
1.4 1.5 2.0 2.1 10665	
1.4 1.5 2.7 2.8 15328	
1.4 1.5 3.3 3.4 14886	
1.4 1.5 4.6 4.7 7309	
1.4 1.5 4.9 5.0 7294	
1.4 1.5 5.2 5.3 7691	
1.4 1.5 6.3 6.4 7984	
1.4 1.5 7.6 7.7 2196	
1.4 1.5 7.9 8.0 1233	
1.4 1.5 8.2 8.3 629	
1.4 1.5 9.5 9.6 17	
1.5 1.6 -0.7 -0.6 7571	
1.5 1.6 -1.0 -0.9 7241	
1.5 1.6 -1.3 -1.2 7193	
1.5 1.6 -2.4 -2.3 12927	
1.5 1.6 -3.9 -3.8 11444	
1.5 1.6 -4.1 -4.0 10111	
1.5 1.6 -5.2 -5.1 6476	
1.5 1.6 -5.6 -5.5 7129	
1.5 1.6 -6.7 -6.6 5697	
1.5 1.6 -7.0 -6.9 4492	
1.5 1.6 -7.3 -7.2 3288	
1.5 1.6 -8.4 -8.3 457	
1.5 1.6 -9.9 -9.8 4	
1.5 1.6 0.5 0.6 8052	
1.5 1.6 1.1 1.2 7036	
1.5 1.6 1.8 1.9 9482	
1.5 1.6 10.3 10.4 1	
1.5 1.6 10.7 10.8 1	
1.5 1.6 2.4 2.5 13746	
1.5 1.6 3.0 3.1 15709	
1.5 1.6 3.7 3.8 12406	
1.5 1.6 4.1 4.2 9362	
1.5 1.6 4.8 4.9 6455	
1.5 1.6 5.4 5.5 6909	
1.5 1.6 6.0 6.1 7303	
1.5 1.6 6.7 6.8 5395	
1.5 1.6 7.3 7.4 2856	
1.5 1.6 8.6 8.7 201	
1.5 1.6 8.9 9.0 97	
1.5 1.6 9.0 9.1 69	
1.6 1.7 -1.2 -1.1 7767	
1.6 1.7 -1.6 -1.5 8368	
1.6 1.7 -10.0 -9.9 5	
1.6 1.7 -10.4 -10.3 1	
1.6 1.7 -2.7 -2.6 14897	
1.6 1.7 -3.0 -2.9 15760	
1.6 1.7 -3.3 -3.2 15276	
1.6 1.7 -3.8 -3.7 12305	
1.6 1.7 -4.4 -4.3 7768	
1.6 1.7 -5.5 -5.4 5947	
1.6 1.7 -5.9 -5.8 6279	
1.6 1.7 -6.1 -6.0 6238	
1.6 1.7 -7.2 -7.1 3116	
1.6 1.7 -7.6 -7.5 1824	
1.6 1.7 -8.7 -8.6 217	
1.6 1.7 -9.0 -8.9 98	
1.6 1.7 -9.3 -9.2 38	
1.6 1.7 -9.8 -9.7 7	
1.6 1.7 0.2 0.3 9743	
1.6 1.7 1.5 1.6 8346	
1.6 1.7 2.6 2.7 15014	
1.6 1.7 2.8 2.9 15816	
1.6 1.7 3.2 3.3 15495	
1.6 1.7 4.5 4.6 6980	
1.6 1.7 5.1 5.2 5684	
1.6 1.7 5.8 5.9 6264	
1.6 1.7 6.4 6.5 5644	
1.6 1.7 7.7 7.8 1373	
1.6 1.7 8.1 8.2 608	
1.6 1.7 8.8 8.9 100	
1.6 1.7 9.4 9.5 13	
1.7 1.8 -0.1 0.0 11228	
1.7 1.8 -0.4 -0.3 10846	
1.7 1.8 -1.5 -1.4 8559	
1.7 1.8 -1.9 -1.8 10175	
1.7 1.8 -2.1 -2.0 11745	
1.7 1.8 -3.2 -3.1 15855	
1.7 1.8 -4.7 -4.6 6129	
1.7 1.8 -5.0 -4.9 5403	
1.7 1.8 -5.8 -5.7 5264	
1.7 1.8 -6.4 -6.3 4935	
1.7 1.8 -7.5 -7.4 1827	
1.7 1.8 -7.9 -7.8 945	
1.7 1.8 -8.1 -8.0 644	
1.7 1.8 -9.2 -9.1 35	
1.7 1.8 0.6 0.7 9872	
1.7 1.8 0.9 1.0 8859	
1.7 1.8 1.0 1.1 8611	
1.7 1.8 1.7 1.8 9904	
1.7 1.8 10.0 10.1 1	
1.7 1.8 2.3 2.4 13660	
1.7 1.8 3.6 3.7 13427	
1.7 1.8 3.9 4.0 10716	
1.7 1.8 4.2 4.3 8266	
1.7 1.8 5.5 5.6 5343	
1.7 1.8 6.6 6.7 4250	
1.7 1.8 6.9 7.0 3259	
1.7 1.8 7.2 7.3 2345	
1.7 1.8 8.5 8.6 202	
1.7 1.8 9.1 9.2 32	
1.7 1.8 9.8 9.9 4	
1.7 1.8 9.9 10.0 2	
1.8 1.9 -0.3 -0.2 12454	
1.8 1.9 -0.7 -0.6 11006	
1.8 1.9 -1.8 -1.7 10354	
1.8 1.9 -2.4 -2.3 14213	
1.8 1.9 -3.5 -3.4 15291	
1.8 1.9 -4.1 -4.0 10318	
1.8 1.9 -4.6 -4.5 6523	
1.8 1.9 -5.2 -5.1 4624	
1.8 1.9 -6.3 -6.2 4220	
1.8 1.9 -6.7 -6.6 3466	
1.8 1.9 -7.8 -7.7 885	
1.8 1.9 -8.4 -8.3 267	
1.8 1.9 -9.5 -9.4 6	
1.8 1.9 0.1 0.2 12485	
1.8 1.9 0.8 0.9 10290	
1.8 1.9 1.4 1.5 9359	
1.8 1.9 2.0 2.1 12157	
1.8 1.9 2.7 2.8 16599	
1.8 1.9 3.3 3.4 15783	
1.8 1.9 4.4 4.5 7168	
1.8 1.9 4.9 5.0 5009	
1.8 1.9 5.0 5.1 4704	
1.8 1.9 5.7 5.8 4509	
1.8 1.9 6.3 6.4 4142	
1.8 1.9 7.6 7.7 1107	
1.8 1.9 7.9 8.0 653	
1.8 1.9 8.2 8.3 342	
1.8 1.9 9.3 9.4 19	
1.8 1.9 9.5 9.6 12	
1.9 2.0 -0.5 -0.4 13072	
1.9 2.0 -1.6 -1.5 10180	
1.9 2.0 -2.7 -2.6 16738	
1.9 2.0 -3.0 -2.9 17475	
1.9 2.0 -3.3 -3.2 16817	
1.9 2.0 -4.4 -4.3 7708	
1.9 2.0 -4.8 -4.7 5484	
1.9 2.0 -5.9 -5.8 3861	
1.9 2.0 -6.1 -6.0 3815	
1.9 2.0 -6.5 -6.4 3240	
1.9 2.0 -7.6 -7.5 1089	
1.9 2.0 -8.7 -8.6 118	
1.9 2.0 -9.0 -8.9 46	
1.9 2.0 -9.3 -9.2 18	
1.9 2.0 0.0 0.1 13870	
1.9 2.0 0.7 0.8 11651	
1.9 2.0 1.3 1.4 9924	
1.9 2.0 2.4 2.5 15427	
1.9 2.0 2.9 3.0 17492	
1.9 2.0 3.0 3.1 17492	
1.9 2.0 3.7 3.8 13427	
1.9 2.0 4.3 4.4 7834	
1.9 2.0 5.6 5.7 3942	
1.9 2.0 5.9 6.0 3801	
1.9 2.0 6.2 6.3 3513	
1.9 2.0 7.5 7.6 1101	
1.9 2.0 8.6 8.7 108	
1.9 2.0 8.9 9.0 56	
1.9 2.0 9.2 9.3 16	
10.0 10.1 -0.1 0.0 4	
10.0 10.1 -0.8 -0.7 6	
10.0 10.1 -1.9 -1.8 1	
10.0 10.1 0.3 0.4 3	
10.0 10.1 1.6 1.7 2	
10.0 10.1 1.9 2.0 1	
10.0 10.1 2.0 2.1 1	
10.1 10.2 -0.6 -0.5 4	
10.1 10.2 -2.0 -1.9 1	
10.1 10.2 0.1 0.2 6	
10.1 10.2 0.8 0.9 2	
10.1 10.2 1.4 1.5 1	
10.1 10.2 2.7 2.8 1	
10.2 10.3 -0.8 -0.7 1	
10.2 10.3 -2.1 -2.0 1	
10.2 10.3 0.1 0.2 5	
10.2 10.3 0.8 0.9 2	
10.2 10.3 1.4 1.5 1	
10.3 10.4 -0.2 -0.1 1	
10.3 10.4 0.1 0.2 2	
10.3 10.4 1.2 1.3 1	
10.4 10.5 0.6 0.7 3	
10.4 10.5 0.9 1.0 1	
10.4 10.5 1.2 1.3 1	
10.5 10.6 -1.7 -1.6 1	
10.6 10.7 -0.9 -0.8 1	
10.6 10.7 0.9 1.0 1	
10.7 10.8 -0.2 -0.1 1	
10.8 10.9 2.1 2.2 1	
11.0 11.1 -0.2 -0.1 1	
11.1 11.2 -0.4 -0.3 1	
2.0 2.1 -0.5 -0.4 14445	
2.0 2.1 -1.6 -1.5 10880	
2.0 2.1 -10.4 -10.3 1	
2.0 2.1 -2.2 -2.1 14411	
2.0 2.1 -3.0 -2.9 18320	
2.0 2.1 -3.3 -3.2 17698	
2.0 2.1 -4.8 -4.7 5194	
2.0 2.1 -5.9 -5.8 3285	
2.0 2.1 -6.1 -6.0 3108	
2.0 2.1 -6.5 -6.4 2762	
2.0 2.1 -7.6 -7.5 849	
2.0 2.1 -8.2 -8.1 291	
2.0 2.1 -9.0 -8.9 49	
2.0 2.1 -9.3 -9.2 15	
2.0 2.1 -9.7 -9.6 5	
2.0 2.1 0.6 0.7 13362	
2.0 2.1 0.9 1.0 11886	
2.0 2.1 1.0 1.1 11478	
2.0 2.1 1.7 1.8 11434	
2.0 2.1 2.3 2.4 15754	
2.0 2.1 3.6 3.7 14978	
2.0 2.1 3.9 4.0 12062	
2.0 2.1 4.2 4.3 9032	
2.0 2.1 5.5 5.6 3319	
2.0 2.1 6.8 6.9 2075	
2.0 2.1 7.2 7.3 1337	
2.0 2.1 8.5 8.6 124	
2.0 2.1 9.1 9.2 23	
2.0 2.1 9.8 9.9 2	
2.1 2.2 -0.4 -0.3 16325	
2.1 2.2 -0.8 -0.7 13984	
2.1 2.2 -1.9 -1.8 12828	
2.1 2.2 -2.1 -2.0 14313	
2.1 2.2 -2.5 -2.4 17355	
2.1 2.2 -3.6 -3.5 16496	
2.1 2.2 -4.2 -4.1 10308	
2.1 2.2 -5.0 -4.9 4155	
2.1 2.2 -5.3 -5.2 3314	
2.1 2.2 -6.4 -6.3 2298	
2.1 2.2 -6.8 -6.7 1777	
2.1 2.2 -7.9 -7.8 419	
2.1 2.2 -8.1 -8.0 301	
2.1 2.2 -8.5 -8.4 128	
2.1 2.2 -9.6 -9.5 3	
2.1 2.2 0.1 0.2 17009	
2.1 2.2 0.8 0.9 13279	
2.1 2.2 1.4 1.5 11480	
2.1 2.2 2.0 2.1 14042	
2.1 2.2 2.7 2.8 18792	
2.1 2.2 3.3 3.4 17944	
2.1 2.2 4.6 4.7 5842	
2.1 2.2 4.9 5.0 4266	
2.1 2.2 5.0 5.1 3863	
2.1 2.2 5.7 5.8 2684	
2.1 2.2 6.3 6.4 2307	
2.1 2.2 7.6 7.7 586	
2.1 2.2 7.9 8.0 352	
2.1 2.2 8.2 8.3 186	
2.1 2.2 9.5 9.6 3	
2.2 2.3 -0.7 -0.6 15879	
2.2 2.3 -1.0 -0.9 13925	
2.2 2.3 -1.3 -1.2 12613	
2.2 2.3 -2.4 -2.3 17428	
2.2 2.3 -2.8 -2.7 19593	
2.2 2.3 -3.9 -3.8 14050	
2.2 2.3 -4.1 -4.0 11758	
2.2 2.3 -4.5 -4.4 7411	
2.2 2.3 -5.6 -5.5 2543	
2.2 2.3 -6.7 -6.6 1579	
2.2 2.3 -7.0 -6.9 1224	
2.2 2.3 -7.3 -7.2 886	
2.2 2.3 -8.4 -8.3 127	
2.2 2.3 -8.8 -8.7 45	
2.2 2.3 0.5 0.6 16537	
2.2 2.3 1.1 1.2 13105	
2.2 2.3 1.8 1.9 13578	
2.2 2.3 10.7 10.8 1	
2.2 2.3 2.4 2.5 18056	
2.2 2.3 3.5 3.6 17349	
2.2 2.3 4.1 4.2 10555	
2.2 2.3 4.8 4.9 4668	
2.2 2.3 5.4 5.5 2645	
2.2 2.3 6.0 6.1 2111	
2.2 2.3 6.7 6.8 1409	
2.2 2.3 7.3 7.4 795	
2.2 2.3 8.4 8.5 101	
2.2 2.3 8.9 9.0 16	
2.2 2.3 9.0 9.1 17	
2.2 2.3 9.7 9.8 2	
2.3 2.4 -1.2 -1.1 13735	
2.3 2.4 -1.6 -1.5 13142	
2.3 2.4 -2.7 -2.6 20163	
2.3 2.4 -3.0 -2.9 20979	
2.3 2.4 -3.3 -3.2 20244	
2.3 2.4 -4.4 -4.3 8771	
2.3 2.4 -5.9 -5.8 1850	
2.3 2.4 -6.1 -6.0 1746	
2.3 2.4 -7.2 -7.1 796	
2.3 2.4 -7.6 -7.5 464	
2.3 2.4 -8.7 -8.6 54	
2.3 2.4 -9.0 -8.9 22	
2.3 2.4 -9.3 -9.2 10	
2.3 2.4 0.2 0.3 19289	
2.3 2.4 1.3 1.4 13039	
2.3 2.4 2.6 2.7 20273	
2.3 2.4 2.9 3.0 21409	
2.3 2.4 3.2 3.3 20323	
2.3 2.4 4.5 4.6 6759	
2.3 2.4 5.1 5.2 3160	
2.3 2.4 5.8 5.9 1906	
2.3 2.4 6.2 6.3 1547	
2.3 2.4 6.4 6.5 1379	
2.3 2.4 7.5 7.6 462	
2.3 2.4 8.1 8.2 143	
2.3 2.4 8.8 8.9 24	
2.3 2.4 9.4 9.5 4	
2.4 2.5 -0.4 -0.3 19846	
2.4 2.5 -1.5 -1.4 13814	
2.4 2.5 -1.9 -1.8 14998	
2.4 2.5 -2.1 -2.0 16345	
2.4 2.5 -3.2 -3.1 21801	
2.4 2.5 -3.6 -3.5 18742	
2.4 2.5 -4.7 -4.6 6039	
2.4 2.5 -5.0 -4.9 3956	
2.4 2.5 -5.3 -5.2 2638	
2.4 2.5 -5.8 -5.7 1646	
2.4 2.5 -6.4 -6.3 1188	
2.4 2.5 -7.5 -7.4 418	
2.4 2.5 -7.9 -7.8 194	
2.4 2.5 -8.1 -8.0 143	
2.4 2.5 -9.2 -9.1 9	
2.4 2.5 -9.6 -9.5 1	
2.4 2.5 0.4 0.5 19279	
2.4 2.5 1.0 1.1 15102	
2.4 2.5 1.7 1.8 14335	
2.4 2.5 10.0 10.1 1	
2.4 2.5 2.3 2.4 18811	
2.4 2.5 3.6 3.7 17749	
2.4 2.5 3.9 4.0 13915	
2.4 2.5 4.2 4.3 10441	
2.4 2.5 5.3 5.4 2435	
2.4 2.5 6.6 6.7 996	
2.4 2.5 6.9 7.0 743	
2.4 2.5 7.2 7.3 539	
2.4 2.5 8.5 8.6 45	
2.4 2.5 9.1 9.2 5	
2.4 2.5 9.8 9.9 1	
2.5 2.6 -0.7 -0.6 18987	
2.5 2.6 -1.0 -0.9 16505	
2.5 2.6 -1.8 -1.7 14811	
2.5 2.6 -2.4 -2.3 19541	
2.5 2.6 -3.5 -3.4 20486	
2.5 2.6 -3.9 -3.8 15647	
2.5 2.6 -4.1 -4.0 13202	
2.5 2.6 -5.2 -5.1 2828	
2.5 2.6 -6.7 -6.6 808	
2.5 2.6 -7.0 -6.9 611	
2.5 2.6 -7.8 -7.7 197	
2.5 2.6 -8.4 -8.3 48	
2.5 2.6 -9.5 -9.4 7	
2.5 2.6 0.1 0.2 22111	
2.5 2.6 0.8 0.9 17492	
2.5 2.6 1.4 1.5 14374	
2.5 2.6 2.0 2.1 17215	
2.5 2.6 2.7 2.8 22363	
2.5 2.6 3.1 3.2 22319	
2.5 2.6 3.8 3.9 15787	
2.5 2.6 4.4 4.5 8188	
2.5 2.6 5.0 5.1 3316	
2.5 2.6 5.7 5.8 1454	
2.5 2.6 6.3 6.4 957	
2.5 2.6 7.6 7.7 251	
2.5 2.6 7.9 8.0 146	
2.5 2.6 8.0 8.1 99	
2.5 2.6 9.3 9.4 3	
2.6 2.7 -0.1 0.0 22915	
2.6 2.7 -0.6 -0.5 20431	
2.6 2.7 -1.2 -1.1 15942	
2.6 2.7 -2.3 -2.2 19063	
2.6 2.7 -2.7 -2.6 22473	
2.6 2.7 -3.8 -3.7 17222	
2.6 2.7 -4.4 -4.3 9344	
2.6 2.7 -5.5 -5.4 1746	
2.6 2.7 -6.1 -6.0 928	
2.6 2.7 -6.6 -6.5 668	
2.6 2.7 -7.2 -7.1 356	
2.6 2.7 -8.3 -8.2 63	
2.6 2.7 -8.7 -8.6 16	
2.6 2.7 -9.8 -9.7 4	
2.6 2.7 0.5 0.6 20288	
2.6 2.7 1.8 1.9 16224	
2.6 2.7 2.2 2.3 19293	
2.6 2.7 3.5 3.6 19885	
2.6 2.7 4.1 4.2 12239	
2.6 2.7 4.8 4.9 4648	
2.6 2.7 5.4 5.5 1801	
2.6 2.7 6.7 6.8 602	
2.6 2.7 7.1 7.2 369	
2.6 2.7 7.8 7.9 133	
2.6 2.7 8.4 8.5 39	
2.6 2.7 9.0 9.1 7	
2.6 2.7 9.7 9.8 2	
2.7 2.8 -0.9 -0.8 18800	
2.7 2.8 -1.5 -1.4 15245	
2.7 2.8 -2.6 -2.5 22119	
2.7 2.8 -3.2 -3.1 23568	
2.7 2.8 -4.0 -3.9 15066	
2.7 2.8 -4.3 -4.2 10873	
2.7 2.8 -4.7 -4.6 6211	
2.7 2.8 -5.8 -5.7 1080	
2.7 2.8 -6.9 -6.8 402	
2.7 2.8 -7.5 -7.4 171	
2.7 2.8 -8.6 -8.5 22	
2.7 2.8 -9.2 -9.1 2	
2.7 2.8 0.0 0.1 23729	
2.7 2.8 0.7 0.8 19339	
2.7 2.8 1.3 1.4 15470	
2.7 2.8 2.6 2.7 22871	
2.7 2.8 2.9 3.0 24197	
2.7 2.8 3.2 3.3 23132	
2.7 2.8 4.5 4.6 7382	
2.7 2.8 5.6 5.7 1209	
2.7 2.8 5.9 6.0 851	
2.7 2.8 6.2 6.3 657	
2.7 2.8 7.5 7.6 173	
2.7 2.8 8.1 8.2 52	
2.7 2.8 8.8 8.9 13	
2.7 2.8 9.4 9.5 2	
2.8 2.9 -0.3 -0.2 23879	
2.8 2.9 -1.4 -1.3 15795	
2.8 2.9 -1.8 -1.7 16407	
2.8 2.9 -10.0 -9.9 1	
2.8 2.9 -2.9 -2.8 24177	
2.8 2.9 -3.1 -3.0 24027	
2.8 2.9 -3.5 -3.4 21747	
2.8 2.9 -4.6 -4.5 7349	
2.8 2.9 -5.2 -5.1 2791	
2.8 2.9 -6.0 -5.9 747	
2.8 2.9 -6.3 -6.2 513	
2.8 2.9 -7.8 -7.7 94	
2.8 2.9 -8.9 -8.8 6	
2.8 2.9 -9.1 -9.0 6	
2.8 2.9 -9.5 -9.4 1	
2.8 2.9 0.4 0.5 22532	
2.8 2.9 1.0 1.1 17156	
2.8 2.9 1.7 1.8 16372	
2.8 2.9 2.3 2.4 20904	
2.8 2.9 3.4 3.5 21671	
2.8 2.9 3.9 4.0 15424	
2.8 2.9 4.0 4.1 13963	
2.8 2.9 4.7 4.8 5372	
2.8 2.9 5.3 5.4 1809	
2.8 2.9 6.6 6.7 354	
2.8 2.9 6.9 7.0 267	
2.8 2.9 7.2 7.3 173	
2.8 2.9 8.3 8.4 25	
2.8 2.9 8.5 8.6 14	
2.9 3.0 -1.2 -1.1 16675	
2.9 3.0 -1.6 -1.5 15529	
2.9 3.0 -2.7 -2.6 23648	
2.9 3.0 -3.0 -2.9 24543	
2.9 3.0 -3.3 -3.2 23551	
2.9 3.0 -4.4 -4.3 9920	
2.9 3.0 -5.5 -5.4 1426	
2.9 3.0 -5.9 -5.8 713	
2.9 3.0 -6.1 -6.0 579	
2.9 3.0 -7.2 -7.1 167	
2.9 3.0 -7.6 -7.5 74	
2.9 3.0 -8.7 -8.6 6	
2.9 3.0 -9.0 -8.9 2	
2.9 3.0 -9.3 -9.2 1	
2.9 3.0 0.3 0.4 23412	
2.9 3.0 1.4 1.5 15505	
2.9 3.0 1.6 1.7 15749	
2.9 3.0 1.9 2.0 17634	
2.9 3.0 2.0 2.1 18453	
2.9 3.0 2.7 2.8 23788	
2.9 3.0 3.3 3.4 22968	
2.9 3.0 4.6 4.7 6291	
2.9 3.0 4.9 5.0 3862	
2.9 3.0 5.2 5.3 2255	
2.9 3.0 6.5 6.6 327	
2.9 3.0 7.6 7.7 79	
2.9 3.0 7.9 8.0 56	
2.9 3.0 8.2 8.3 22	
2.9 3.0 9.5 9.6 2	
3.0 3.1 -1.6 -1.5 15675	
3.0 3.1 -2.7 -2.6 23335	
3.0 3.1 -3.0 -2.9 24062	
3.0 3.1 -3.3 -3.2 23519	
3.0 3.1 -4.4 -4.3 9613	
3.0 3.1 -4.8 -4.7 5300	
3.0 3.1 -5.9 -5.8 665	
3.0 3.1 -6.1 -6.0 431	
3.0 3.1 -6.5 -6.4 308	
3.0 3.1 -7.6 -7.5 71	
3.0 3.1 -8.7 -8.6 3	
3.0 3.1 -9.0 -8.9 3	
3.0 3.1 -9.3 -9.2 2	
3.0 3.1 0.0 0.1 24767	
3.0 3.1 0.7 0.8 19997	
3.0 3.1 1.3 1.4 15665	
3.0 3.1 2.6 2.7 23399	
3.0 3.1 2.9 3.0 24403	
3.0 3.1 3.2 3.3 23233	
3.0 3.1 4.5 4.6 7402	
3.0 3.1 5.8 5.9 672	
3.0 3.1 6.2 6.3 371	
3.0 3.1 7.5 7.6 70	
3.0 3.1 8.1 8.2 23	
3.0 3.1 8.8 8.9 8	
3.1 3.2 -0.4 -0.3 23543	
3.1 3.2 -1.9 -1.8 16620	
3.1 3.2 -2.1 -2.0 18004	
3.1 3.2 -3.2 -3.1 23511	
3.1 3.2 -3.6 -3.5 20490	
3.1 3.2 -4.7 -4.6 6194	
3.1 3.2 -5.0 -4.9 3711	
3.1 3.2 -5.3 -5.2 1953	
3.1 3.2 -6.4 -6.3 235	
3.1 3.2 -7.9 -7.8 33	
3.1 3.2 -8.1 -8.0 28	
3.1 3.2 -9.2 -9.1 2	
3.1 3.2 -9.6 -9.5 1	
3.1 3.2 0.4 0.5 22507	
3.1 3.2 1.0 1.1 17726	
3.1 3.2 1.7 1.8 16176	
3.1 3.2 2.3 2.4 20701	
3.1 3.2 3.6 3.7 19465	
3.1 3.2 3.9 4.0 15119	
3.1 3.2 4.0 4.1 13747	
3.1 3.2 4.7 4.8 5281	
3.1 3.2 5.3 5.4 1589	
3.1 3.2 6.6 6.7 153	
3.1 3.2 6.9 7.0 119	
3.1 3.2 7.2 7.3 76	
3.1 3.2 8.5 8.6 4	
3.2 3.3 -0.7 -0.6 20728	
3.2 3.3 -1.0 -0.9 18108	
3.2 3.3 -1.3 -1.2 15850	
3.2 3.3 -1.8 -1.7 15608	
3.2 3.3 -2.4 -2.3 20254	
3.2 3.3 -3.5 -3.4 21073	
3.2 3.3 -3.9 -3.8 16233	
3.2 3.3 -4.1 -4.0 13560	
3.2 3.3 -5.2 -5.1 2439	
3.2 3.3 -5.6 -5.5 1012	
3.2 3.3 -6.7 -6.6 139	
3.2 3.3 -7.0 -6.9 108	
3.2 3.3 -7.3 -7.2 58	
3.2 3.3 -7.8 -7.7 23	
3.2 3.3 -8.4 -8.3 8	
3.2 3.3 0.1 0.2 24296	
3.2 3.3 0.8 0.9 18775	
3.2 3.3 1.4 1.5 15291	
3.2 3.3 2.5 2.6 22072	
3.2 3.3 3.1 3.2 23091	
3.2 3.3 3.8 3.9 16113	
3.2 3.3 4.4 4.5 8151	
3.2 3.3 5.0 5.1 2961	
3.2 3.3 5.7 5.8 657	
3.2 3.3 6.3 6.4 187	
3.2 3.3 7.4 7.5 29	
3.2 3.3 7.6 7.7 28	
3.2 3.3 7.9 8.0 16	
3.2 3.3 8.0 8.1 18	
3.3 3.4 -1.2 -1.1 15854	
3.3 3.4 -2.7 -2.6 22004	
3.3 3.4 -3.0 -2.9 22702	
3.3 3.4 -3.8 -3.7 17201	
3.3 3.4 -4.4 -4.3 9158	
3.3 3.4 -5.5 -5.4 1200	
3.3 3.4 -5.9 -5.8 457	
3.3 3.4 -6.1 -6.0 310	
3.3 3.4 -7.2 -7.1 40	
3.3 3.4 -7.6 -7.5 22	
3.3 3.4 0.3 0.4 22627	
3.3 3.4 1.6 1.7 14947	
3.3 3.4 1.9 2.0 16561	
3.3 3.4 2.2 2.3 18665	
3.3 3.4 3.5 3.6 19473	
3.3 3.4 4.1 4.2 11328	
3.3 3.4 4.8 4.9 4205	
3.3 3.4 5.4 5.5 1188	
3.3 3.4 6.5 6.6 111	
3.3 3.4 7.1 7.2 48	
3.3 3.4 7.8 7.9 15	
3.3 3.4 8.4 8.5 4	
3.3 3.4 9.0 9.1 1	
3.4 3.5 -0.4 -0.3 22105	
3.4 3.5 -1.5 -1.4 14474	
3.4 3.5 -2.1 -2.0 16554	
3.4 3.5 -2.6 -2.5 20540	
3.4 3.5 -3.2 -3.1 21600	
3.4 3.5 -4.3 -4.2 9932	
3.4 3.5 -4.7 -4.6 5496	
3.4 3.5 -5.8 -5.7 555	
3.4 3.5 -6.4 -6.3 111	
3.4 3.5 -7.5 -7.4 21	
3.4 3.5 -8.1 -8.0 5	
3.4 3.5 0.0 0.1 22830	
3.4 3.5 0.7 0.8 18767	
3.4 3.5 1.3 1.4 14564	
3.4 3.5 2.6 2.7 21371	
3.4 3.5 2.9 3.0 21968	
3.4 3.5 3.2 3.3 21062	
3.4 3.5 4.3 4.4 8738	
3.4 3.5 5.6 5.7 713	
3.4 3.5 5.9 6.0 346	
3.4 3.5 6.2 6.3 173	
3.4 3.5 7.5 7.6 23	
3.4 3.5 8.1 8.2 4	
3.4 3.5 9.2 9.3 1	
3.5 3.6 -0.3 -0.2 21841	
3.5 3.6 -0.7 -0.6 18838	
3.5 3.6 -1.8 -1.7 13926	
3.5 3.6 -2.9 -2.8 20611	
3.5 3.6 -3.5 -3.4 18615	
3.5 3.6 -4.6 -4.5 6234	
3.5 3.6 -5.2 -5.1 2015	
3.5 3.6 -6.0 -5.9 294	
3.5 3.6 -6.3 -6.2 127	
3.5 3.6 -6.7 -6.6 78	
3.5 3.6 -7.8 -7.7 9	
3.5 3.6 -8.4 -8.3 2	
3.5 3.6 -8.9 -8.8 3	
3.5 3.6 0.4 0.5 20318	
3.5 3.6 1.0 1.1 15530	
3.5 3.6 1.7 1.8 14165	
3.5 3.6 2.1 2.2 16569	
3.5 3.6 2.8 2.9 20580	
3.5 3.6 3.4 3.5 18749	
3.5 3.6 4.0 4.1 11865	
3.5 3.6 4.7 4.8 4514	
3.5 3.6 5.3 5.4 1387	
3.5 3.6 6.6 6.7 65	
3.5 3.6 6.9 7.0 34	
3.5 3.6 7.0 7.1 34	
3.5 3.6 8.3 8.4 3	
3.6 3.7 -0.6 -0.5 19231	
3.6 3.7 -1.2 -1.1 14394	
3.6 3.7 -2.0 -1.9 14382	
3.6 3.7 -2.3 -2.2 16315	
3.6 3.7 -3.4 -3.3 18310	
3.6 3.7 -3.8 -3.7 14752	
3.6 3.7 -4.9 -4.8 3572	
3.6 3.7 -5.1 -5.0 2351	
3.6 3.7 -5.5 -5.4 955	
3.6 3.7 -6.6 -6.5 59	
3.6 3.7 -7.2 -7.1 15	
3.6 3.7 -8.0 -7.9 5	
3.6 3.7 -8.3 -8.2 1	
3.6 3.7 0.8 0.9 16358	
3.6 3.7 1.2 1.3 13624	
3.6 3.7 2.5 2.6 18195	
3.6 3.7 3.1 3.2 19237	
3.6 3.7 3.8 3.9 13563	
3.6 3.7 4.4 4.5 6730	
3.6 3.7 5.7 5.8 473	
3.6 3.7 6.1 6.2 187	
3.6 3.7 6.8 6.9 29	
3.6 3.7 7.4 7.5 7	
3.6 3.7 8.0 8.1 4	
3.6 3.7 8.7 8.8 1	
3.6 3.7 9.3 9.4 1	
3.7 3.8 -0.9 -0.8 15604	
3.7 3.8 -1.1 -1.0 14213	
3.7 3.8 -1.5 -1.4 12433	
3.7 3.8 -2.6 -2.5 17100	
3.7 3.8 -3.7 -3.6 14576	
3.7 3.8 -4.0 -3.9 11502	
3.7 3.8 -4.3 -4.2 8195	
3.7 3.8 -5.4 -5.3 1164	
3.7 3.8 -5.8 -5.7 453	
3.7 3.8 -6.9 -6.8 26	
3.7 3.8 -7.1 -7.0 11	
3.7 3.8 -7.5 -7.4 5	
3.7 3.8 -8.6 -8.5 1	
3.7 3.8 -9.2 -9.1 1	
3.7 3.8 0.3 0.4 19556	
3.7 3.8 1.6 1.7 12337	
3.7 3.8 1.9 2.0 13182	
3.7 3.8 2.2 2.3 15397	
3.7 3.8 3.5 3.6 15334	
3.7 3.8 4.6 4.7 4562	
3.7 3.8 4.9 5.0 2687	
3.7 3.8 5.2 5.3 1528	
3.7 3.8 6.5 6.6 59	
3.7 3.8 7.1 7.2 12	
3.7 3.8 7.8 7.9 4	
3.8 3.9 -0.3 -0.2 18721	
3.8 3.9 -1.4 -1.3 11865	
3.8 3.9 -1.8 -1.7 11805	
3.8 3.9 -2.9 -2.8 16920	
3.8 3.9 -3.1 -3.0 16948	
3.8 3.9 -4.6 -4.5 4952	
3.8 3.9 -5.7 -5.6 540	
3.8 3.9 -6.0 -5.9 175	
3.8 3.9 -6.3 -6.2 96	
3.8 3.9 -7.4 -7.3 7	
3.8 3.9 -7.8 -7.7 3	
3.8 3.9 0.0 0.1 19322	
3.8 3.9 0.7 0.8 15565	
3.8 3.9 1.3 1.4 11957	
3.8 3.9 2.4 2.5 15001	
3.8 3.9 2.9 3.0 16687	
3.8 3.9 3.0 3.1 16824	
3.8 3.9 3.7 3.8 12769	
3.8 3.9 4.3 4.4 6742	
3.8 3.9 5.6 5.7 455	
3.8 3.9 5.9 6.0 236	
3.8 3.9 6.2 6.3 118	
3.8 3.9 7.5 7.6 4	
3.8 3.9 9.2 9.3 1	
3.9 4.0 -1.2 -1.1 12001	
3.9 4.0 -2.3 -2.2 12858	
3.9 4.0 -2.7 -2.6 14658	
3.9 4.0 -3.0 -2.9 15315	
3.9 4.0 -3.8 -3.7 11518	
3.9 4.0 -4.4 -4.3 6163	
3.9 4.0 -5.5 -5.4 774	
3.9 4.0 -6.1 -6.0 168	
3.9 4.0 -7.2 -7.1 9	
3.9 4.0 -9.0 -8.9 1	
3.9 4.0 0.4 0.5 16902	
3.9 4.0 0.6 0.7 15803	
3.9 4.0 0.9 1.0 13281	
3.9 4.0 1.0 1.1 12849	
3.9 4.0 1.7 1.8 10835	
3.9 4.0 2.3 2.4 13625	
3.9 4.0 3.6 3.7 12546	
3.9 4.0 3.9 4.0 9662	
3.9 4.0 4.2 4.3 6888	
3.9 4.0 5.5 5.6 593	
3.9 4.0 6.6 6.7 26	
3.9 4.0 6.9 7.0 19	
3.9 4.0 7.2 7.3 2	
4.0 4.1 -1.2 -1.1 11585	
4.0 4.1 -1.6 -1.5 9858	
4.0 4.1 -2.7 -2.6 13644	
4.0 4.1 -3.0 -2.9 13837	
4.0 4.1 -3.3 -3.2 13354	
4.0 4.1 -3.8 -3.7 10369	
4.0 4.1 -4.4 -4.3 5413	
4.0 4.1 -5.5 -5.4 677	
4.0 4.1 -5.9 -5.8 230	
4.0 4.1 -6.1 -6.0 139	
4.0 4.1 -7.2 -7.1 7	
4.0 4.1 -7.6 -7.5 3	
4.0 4.1 0.3 0.4 16556	
4.0 4.1 1.6 1.7 9953	
4.0 4.1 1.9 2.0 10511	
4.0 4.1 2.2 2.3 11798	
4.0 4.1 3.5 3.6 11654	
4.0 4.1 4.8 4.9 2465	
4.0 4.1 5.2 5.3 1043	
4.0 4.1 6.5 6.6 28	
4.0 4.1 7.1 7.2 3	
4.0 4.1 7.8 7.9 2	
4.1 4.2 -0.4 -0.3 16254	
4.1 4.2 -1.5 -1.4 9549	
4.1 4.2 -1.9 -1.8 9325	
4.1 4.2 -2.1 -2.0 9923	
4.1 4.2 -3.2 -3.1 12303	
4.1 4.2 -4.7 -4.6 3158	
4.1 4.2 -5.0 -4.9 1832	
4.1 4.2 -5.8 -5.7 276	
4.1 4.2 -6.4 -6.3 40	
4.1 4.2 -8.1 -8.0 1	
4.1 4.2 0.0 0.1 16851	
4.1 4.2 0.7 0.8 13513	
4.1 4.2 1.3 1.4 9991	
4.1 4.2 2.6 2.7 11997	
4.1 4.2 2.9 3.0 12465	
4.1 4.2 3.0 3.1 12336	
4.1 4.2 3.7 3.8 9248	
4.1 4.2 4.3 4.4 4958	
4.1 4.2 5.6 5.7 401	
4.1 4.2 5.9 6.0 176	
4.1 4.2 6.2 6.3 66	
4.1 4.2 7.5 7.6 1	
4.2 4.3 -0.1 0.0 16203	
4.2 4.3 -0.3 -0.2 15943	
4.2 4.3 -0.7 -0.6 13846	
4.2 4.3 -1.8 -1.7 8429	
4.2 4.3 -2.4 -2.3 10027	
4.2 4.3 -3.5 -3.4 10027	
4.2 4.3 -4.1 -4.0 6316	
4.2 4.3 -4.6 -4.5 3261	
4.2 4.3 -5.2 -5.1 1107	
4.2 4.3 -6.3 -6.2 51	
4.2 4.3 -6.7 -6.6 9	
4.2 4.3 -7.0 -6.9 8	
4.2 4.3 -7.8 -7.7 1	
4.2 4.3 0.4 0.5 15033	
4.2 4.3 1.5 1.6 8737	
4.2 4.3 2.1 2.2 9078	
4.2 4.3 2.8 2.9 10978	
4.2 4.3 3.4 3.5 10075	
4.2 4.3 4.0 4.1 6371	
4.2 4.3 4.7 4.8 2426	
4.2 4.3 5.3 5.4 687	
4.2 4.3 6.4 6.5 36	
4.2 4.3 6.6 6.7 16	
4.2 4.3 6.9 7.0 4	
4.2 4.3 7.0 7.1 4	
4.2 4.3 7.7 7.8 1	
4.3 4.4 -0.6 -0.5 14171	
4.3 4.4 -1.2 -1.1 9778	
4.3 4.4 -2.0 -1.9 7806	
4.3 4.4 -2.3 -2.2 8504	
4.3 4.4 -2.7 -2.6 9414	
4.3 4.4 -3.8 -3.7 7324	
4.3 4.4 -4.4 -4.3 3928	
4.3 4.4 -4.9 -4.8 1763	
4.3 4.4 -5.5 -5.4 500	
4.3 4.4 -6.6 -6.5 17	
4.3 4.4 -7.2 -7.1 3	
4.3 4.4 0.6 0.7 13441	
4.3 4.4 0.9 1.0 11278	
4.3 4.4 1.2 1.3 9160	
4.3 4.4 2.5 2.6 9211	
4.3 4.4 3.1 3.2 9809	
4.3 4.4 3.8 3.9 6686	
4.3 4.4 4.4 4.5 3362	
4.3 4.4 5.5 5.6 363	
4.3 4.4 6.1 6.2 68	
4.3 4.4 6.8 6.9 9	
4.3 4.4 7.4 7.5 2	
4.3 4.4 8.0 8.1 2	
4.4 4.5 -0.9 -0.8 11595	
4.4 4.5 -1.1 -1.0 10257	
4.4 4.5 -1.5 -1.4 7968	
4.4 4.5 -2.6 -2.5 8157	
4.4 4.5 -3.2 -3.1 8621	
4.4 4.5 -4.0 -3.9 5258	
4.4 4.5 -4.3 -4.2 3762	
4.4 4.5 -5.8 -5.7 178	
4.4 4.5 -6.9 -6.8 7	
4.4 4.5 -7.5 -7.4 2	
4.4 4.5 0.3 0.4 14985	
4.4 4.5 1.6 1.7 7500	
4.4 4.5 1.9 2.0 7048	
4.4 4.5 2.2 2.3 7465	
4.4 4.5 3.3 3.4 8005	
4.4 4.5 4.6 4.7 2092	
4.4 4.5 4.9 5.0 1186	
4.4 4.5 5.2 5.3 674	
4.4 4.5 6.5 6.6 13	
4.4 4.5 7.1 7.2 4	
4.4 4.5 7.8 7.9 1	
4.5 4.6 -0.3 -0.2 15268	
4.5 4.6 -1.4 -1.3 8191	
4.5 4.6 -1.8 -1.7 6584	
4.5 4.6 -2.9 -2.8 7547	
4.5 4.6 -3.1 -3.0 7430	
4.5 4.6 -3.5 -3.4 6623	
4.5 4.6 -4.6 -4.5 2068	
4.5 4.6 -5.2 -5.1 677	
4.5 4.6 -5.7 -5.6 217	
4.5 4.6 -6.0 -5.9 80	
4.5 4.6 -6.3 -6.2 38	
4.5 4.6 0.0 0.1 15638	
4.5 4.6 0.7 0.8 12409	
4.5 4.6 1.1 1.2 9405	
4.5 4.6 2.4 2.5 6863	
4.5 4.6 3.0 3.1 7281	
4.5 4.6 3.7 3.8 5398	
4.5 4.6 4.3 4.4 2927	
4.5 4.6 5.6 5.7 216	
4.5 4.6 5.9 6.0 93	
4.5 4.6 6.0 6.1 71	
4.5 4.6 7.3 7.4 1	
4.6 4.7 -0.2 -0.1 15741	
4.6 4.7 -0.6 -0.5 13836	
4.6 4.7 -1.7 -1.6 6587	
4.6 4.7 -2.0 -1.9 5874	
4.6 4.7 -2.3 -2.2 6036	
4.6 4.7 -3.4 -3.3 5859	
4.6 4.7 -3.8 -3.7 4600	
4.6 4.7 -4.9 -4.8 1131	
4.6 4.7 -5.1 -5.0 741	
4.6 4.7 -6.6 -6.5 7	
4.6 4.7 0.2 0.3 15579	
4.6 4.7 1.5 1.6 6860	
4.6 4.7 2.1 2.2 5897	
4.6 4.7 2.8 2.9 6228	
4.6 4.7 3.4 3.5 5570	
4.6 4.7 4.0 4.1 3498	
4.6 4.7 4.7 4.8 1291	
4.6 4.7 5.1 5.2 598	
4.6 4.7 5.8 5.9 96	
4.6 4.7 6.4 6.5 16	
4.6 4.7 7.0 7.1 3	
4.7 4.8 -0.5 -0.4 14924	
4.7 4.8 -0.9 -0.8 11879	
4.7 4.8 -1.1 -1.0 9997	
4.7 4.8 -2.2 -2.1 5348	
4.7 4.8 -2.6 -2.5 5378	
4.7 4.8 -3.7 -3.6 4141	
4.7 4.8 -4.0 -3.9 3290	
4.7 4.8 -4.3 -4.2 2429	
4.7 4.8 -5.4 -5.3 342	
4.7 4.8 -6.5 -6.4 12	
4.7 4.8 -6.9 -6.8 6	
4.7 4.8 -7.1 -7.0 1	
4.7 4.8 0.6 0.7 13354	
4.7 4.8 0.9 1.0 10875	
4.7 4.8 1.2 1.3 8600	
4.7 4.8 2.5 2.6 5314	
4.7 4.8 3.6 3.7 4230	
4.7 4.8 3.9 4.0 3373	
4.7 4.8 4.2 4.3 2315	
4.7 4.8 5.5 5.6 176	
4.7 4.8 6.1 6.2 37	
4.7 4.8 6.8 6.9 6	
4.7 4.8 7.4 7.5 1	
4.8 4.9 -0.8 -0.7 12944	
4.8 4.9 -1.4 -1.3 7929	
4.8 4.9 -2.5 -2.4 4484	
4.8 4.9 -2.9 -2.8 4581	
4.8 4.9 -3.1 -3.0 4467	
4.8 4.9 -4.2 -4.1 2239	
4.8 4.9 -4.6 -4.5 1251	
4.8 4.9 -5.7 -5.6 109	
4.8 4.9 -6.0 -5.9 59	
4.8 4.9 -6.8 -6.7 5	
4.8 4.9 -7.4 -7.3 1	
4.8 4.9 0.3 0.4 15641	
4.8 4.9 1.4 1.5 7061	
4.8 4.9 1.6 1.7 6079	
4.8 4.9 1.9 2.0 5013	
4.8 4.9 2.0 2.1 4828	
4.8 4.9 2.7 2.8 4561	
4.8 4.9 3.3 3.4 4209	
4.8 4.9 4.6 4.7 1095	
4.8 4.9 4.9 5.0 641	
4.8 4.9 5.2 5.3 350	
4.8 4.9 6.5 6.6 13	
4.9 5.0 -0.6 -0.5 15082	
4.9 5.0 -1.2 -1.1 9571	
4.9 5.0 -2.0 -1.9 4600	
4.9 5.0 -2.3 -2.2 4072	
4.9 5.0 -3.8 -3.7 2607	
4.9 5.0 -4.9 -4.8 619	
4.9 5.0 -5.1 -5.0 439	
4.9 5.0 -5.5 -5.4 170	
4.9 5.0 -6.6 -6.5 4	
4.9 5.0 -7.2 -7.1 1	
4.9 5.0 0.0 0.1 17343	
4.9 5.0 0.7 0.8 13808	
4.9 5.0 1.3 1.4 7832	
4.9 5.0 2.6 2.7 3903	
4.9 5.0 2.9 3.0 3685	
4.9 5.0 3.2 3.3 3512	
4.9 5.0 4.5 4.6 1083	
4.9 5.0 5.6 5.7 88	
4.9 5.0 5.9 6.0 54	
4.9 5.0 6.2 6.3 14	
5.0 5.1 -0.6 -0.5 15718	
5.0 5.1 -1.2 -1.1 9970	
5.0 5.1 -2.3 -2.2 3631	
5.0 5.1 -2.7 -2.6 3246	
5.0 5.1 -3.8 -3.7 2298	
5.0 5.1 -4.4 -4.3 1170	
5.0 5.1 -5.5 -5.4 160	
5.0 5.1 -6.1 -6.0 19	
5.0 5.1 0.6 0.7 14873	
5.0 5.1 0.9 1.0 11745	
5.0 5.1 1.2 1.3 9118	
5.0 5.1 2.5 2.6 3367	
5.0 5.1 3.8 3.9 1986	
5.0 5.1 4.2 4.3 1301	
5.0 5.1 5.5 5.6 106	
5.0 5.1 6.1 6.2 20	
5.0 5.1 6.8 6.9 2	
5.1 5.2 -0.1 0.0 18840	
5.1 5.2 -0.9 -0.8 13480	
5.1 5.2 -1.5 -1.4 7414	
5.1 5.2 -2.6 -2.5 2868	
5.1 5.2 -3.2 -3.1 2424	
5.1 5.2 -4.0 -3.9 1522	
5.1 5.2 -4.3 -4.2 1036	
5.1 5.2 -4.7 -4.6 652	
5.1 5.2 -5.8 -5.7 62	
5.1 5.2 -6.4 -6.3 11	
5.1 5.2 -6.9 -6.8 2	
5.1 5.2 0.3 0.4 18269	
5.1 5.2 1.6 1.7 5835	
5.1 5.2 1.9 2.0 4044	
5.1 5.2 2.0 2.1 3859	
5.1 5.2 2.7 2.8 2672	
5.1 5.2 3.3 3.4 2287	
5.1 5.2 4.6 4.7 588	
5.1 5.2 4.9 5.0 352	
5.1 5.2 5.2 5.3 176	
5.1 5.2 6.5 6.6 8	
5.2 5.3 -0.3 -0.2 19506	
5.2 5.3 -1.4 -1.3 8465	
5.2 5.3 -1.8 -1.7 5287	
5.2 5.3 -2.9 -2.8 2206	
5.2 5.3 -3.1 -3.0 2124	
5.2 5.3 -3.5 -3.4 1798	
5.2 5.3 -4.6 -4.5 599	
5.2 5.3 -5.2 -5.1 168	
5.2 5.3 -6.0 -5.9 23	
5.2 5.3 -6.3 -6.2 8	
5.2 5.3 0.5 0.6 17372	
5.2 5.3 1.1 1.2 10590	
5.2 5.3 1.8 1.9 4548	
5.2 5.3 2.4 2.5 2492	
5.2 5.3 3.0 3.1 2074	
5.2 5.3 3.7 3.8 1428	
5.2 5.3 4.3 4.4 788	
5.2 5.3 5.6 5.7 48	
5.2 5.3 5.9 6.0 22	
5.2 5.3 6.0 6.1 29	
5.2 5.3 6.7 6.8 6	
5.2 5.3 7.3 7.4 1	
5.3 5.4 -0.6 -0.5 18207	
5.3 5.4 -1.2 -1.1 10916	
5.3 5.4 -1.7 -1.6 5886	
5.3 5.4 -2.0 -1.9 3943	
5.3 5.4 -2.3 -2.2 2818	
5.3 5.4 -3.4 -3.3 1491	
5.3 5.4 -3.8 -3.7 1153	
5.3 5.4 -4.9 -4.8 278	
5.3 5.4 -5.1 -5.0 171	
5.3 5.4 -5.5 -5.4 75	
5.3 5.4 -6.6 -6.5 6	
5.3 5.4 0.2 0.3 20125	
5.3 5.4 1.5 1.6 6683	
5.3 5.4 2.1 2.2 3089	
5.3 5.4 2.8 2.9 1802	
5.3 5.4 3.4 3.5 1471	
5.3 5.4 4.5 4.6 467	
5.3 5.4 5.1 5.2 165	
5.3 5.4 5.8 5.9 32	
5.3 5.4 6.4 6.5 3	
5.4 5.5 -0.9 -0.8 15215	
5.4 5.5 -1.1 -1.0 12643	
5.4 5.5 -2.6 -2.5 1911	
5.4 5.5 -3.7 -3.6 941	
5.4 5.5 -4.0 -3.9 753	
5.4 5.5 -4.3 -4.2 537	
5.4 5.5 -5.4 -5.3 77	
5.4 5.5 -5.8 -5.7 30	
5.4 5.5 0.6 0.7 17452	
5.4 5.5 0.9 1.0 13981	
5.4 5.5 1.2 1.3 10204	
5.4 5.5 2.3 2.4 2351	
5.4 5.5 3.6 3.7 1013	
5.4 5.5 3.9 4.0 772	
5.4 5.5 4.2 4.3 585	
5.4 5.5 5.5 5.6 52	
5.4 5.5 6.1 6.2 10	
5.4 5.5 6.8 6.9 1	
5.5 5.6 -0.3 -0.2 22048	
5.5 5.6 -1.4 -1.3 9187	
5.5 5.6 -2.5 -2.4 1882	
5.5 5.6 -2.9 -2.8 1286	
5.5 5.6 -3.1 -3.0 1086	
5.5 5.6 -4.2 -4.1 475	
5.5 5.6 -4.6 -4.5 298	
5.5 5.6 -5.7 -5.6 24	
5.5 5.6 -6.0 -5.9 13	
5.5 5.6 -6.3 -6.2 3	
5.5 5.6 0.1 0.2 22259	
5.5 5.6 1.4 1.5 8102	
5.5 5.6 2.0 2.1 3262	
5.5 5.6 2.7 2.8 1408	
5.5 5.6 3.3 3.4 944	
5.5 5.6 4.6 4.7 272	
5.5 5.6 4.9 5.0 128	
5.5 5.6 5.0 5.1 119	
5.5 5.6 6.3 6.4 2	
5.6 5.7 -0.1 0.0 22985	
5.6 5.7 -0.2 -0.1 22806	
5.6 5.7 -0.6 -0.5 20087	
5.6 5.7 -1.7 -1.6 6201	
5.6 5.7 -2.0 -1.9 3906	
5.6 5.7 -2.8 -2.7 1224	
5.6 5.7 -3.4 -3.3 760	
5.6 5.7 -4.5 -4.4 273	
5.6 5.7 -4.9 -4.8 132	
5.6 5.7 -5.1 -5.0 75	
5.6 5.7 -6.2 -6.1 5	
5.6 5.7 -6.6 -6.5 2	
5.6 5.7 0.5 0.6 19964	
5.6 5.7 1.1 1.2 12110	
5.6 5.7 1.8 1.9 4472	
5.6 5.7 2.4 2.5 1788	
5.6 5.7 3.0 3.1 960	
5.6 5.7 3.7 3.8 552	
5.6 5.7 4.1 4.2 363	
5.6 5.7 4.8 4.9 140	
5.6 5.7 5.4 5.5 40	
5.6 5.7 6.0 6.1 6	
5.7 5.8 -0.5 -0.4 21401	
5.7 5.8 -1.1 -1.0 13569	
5.7 5.8 -2.2 -2.1 2685	
5.7 5.8 -3.3 -3.2 650	
5.7 5.8 -3.7 -3.6 460	
5.7 5.8 -4.0 -3.9 345	
5.7 5.8 -4.8 -4.7 114	
5.7 5.8 -5.4 -5.3 30	
5.7 5.8 0.2 0.3 23157	
5.7 5.8 1.5 1.6 7205	
5.7 5.8 2.6 2.7 1226	
5.7 5.8 3.2 3.3 648	
5.7 5.8 4.5 4.6 164	
5.7 5.8 5.1 5.2 59	
5.7 5.8 5.8 5.9 9	
5.7 5.8 6.4 6.5 3	
5.8 5.9 -0.8 -0.7 18367	
5.8 5.9 -1.4 -1.3 9682	
5.8 5.9 -1.9 -1.8 4558	
5.8 5.9 -2.5 -2.4 1542	
5.8 5.9 -3.6 -3.5 392	
5.8 5.9 -4.2 -4.1 181	
5.8 5.9 -5.3 -5.2 29	
5.8 5.9 -5.7 -5.6 12	
5.8 5.9 -6.8 -6.7 1	
5.8 5.9 0.4 0.5 21898	
5.8 5.9 0.6 0.7 19397	
5.8 5.9 0.9 1.0 15375	
5.8 5.9 1.0 1.1 13960	
5.8 5.9 1.7 1.8 5434	
5.8 5.9 2.3 2.4 1864	
5.8 5.9 3.6 3.7 396	
5.8 5.9 3.9 4.0 270	
5.8 5.9 4.2 4.3 192	
5.8 5.9 5.5 5.6 13	
5.8 5.9 6.9 7.0 1	
5.9 6.0 -0.6 -0.5 20692	
5.9 6.0 -1.7 -1.6 6428	
5.9 6.0 -2.0 -1.9 3852	
5.9 6.0 -2.3 -2.2 2203	
5.9 6.0 -3.4 -3.3 382	
5.9 6.0 -3.8 -3.7 272	
5.9 6.0 -4.9 -4.8 54	
5.9 6.0 -5.1 -5.0 39	
5.9 6.0 -5.5 -5.4 20	
5.9 6.0 -6.6 -6.5 2	
5.9 6.0 0.3 0.4 22796	
5.9 6.0 1.6 1.7 6124	
5.9 6.0 1.9 2.0 3938	
5.9 6.0 2.2 2.3 2137	
5.9 6.0 3.5 3.6 306	
5.9 6.0 4.6 4.7 78	
5.9 6.0 4.9 5.0 48	
5.9 6.0 5.2 5.3 22	
5.9 6.0 6.5 6.6 1	
6.0 6.1 -0.1 0.0 23674	
6.0 6.1 -0.6 -0.5 20501	
6.0 6.1 -1.2 -1.1 12352	
6.0 6.1 -2.0 -1.9 3666	
6.0 6.1 -2.3 -2.2 2049	
6.0 6.1 -3.8 -3.7 208	
6.0 6.1 -4.9 -4.8 41	
6.0 6.1 -5.1 -5.0 21	
6.0 6.1 -5.5 -5.4 13	
6.0 6.1 -6.6 -6.5 1	
6.0 6.1 0.2 0.3 23356	
6.0 6.1 1.5 1.6 7246	
6.0 6.1 2.1 2.2 2417	
6.0 6.1 2.8 2.9 652	
6.0 6.1 3.2 3.3 334	
6.0 6.1 4.5 4.6 59	
6.0 6.1 5.1 5.2 21	
6.0 6.1 5.8 5.9 5	
6.1 6.2 -0.9 -0.8 16341	
6.1 6.2 -1.1 -1.0 13606	
6.1 6.2 -1.5 -1.4 8279	
6.1 6.2 -2.6 -2.5 1038	
6.1 6.2 -3.2 -3.1 334	
6.1 6.2 -3.7 -3.6 159	
6.1 6.2 -4.0 -3.9 115	
6.1 6.2 -4.3 -4.2 89	
6.1 6.2 -5.4 -5.3 5	
6.1 6.2 -5.8 -5.7 2	
6.1 6.2 0.6 0.7 19251	
6.1 6.2 0.9 1.0 15095	
6.1 6.2 1.0 1.1 13841	
6.1 6.2 1.7 1.8 5264	
6.1 6.2 2.3 2.4 1690	
6.1 6.2 3.6 3.7 165	
6.1 6.2 3.9 4.0 114	
6.1 6.2 4.2 4.3 59	
6.1 6.2 5.5 5.6 7	
6.1 6.2 6.6 6.7 1	
6.2 6.3 -0.3 -0.2 22418	
6.2 6.3 -1.4 -1.3 9266	
6.2 6.3 -1.8 -1.7 5106	
6.2 6.3 -2.9 -2.8 507	
6.2 6.3 -3.1 -3.0 361	
6.2 6.3 -4.6 -4.5 35	
6.2 6.3 -5.7 -5.6 3	
6.2 6.3 0.1 0.2 22954	
6.2 6.3 0.8 0.9 16251	
6.2 6.3 1.4 1.5 8137	
6.2 6.3 2.0 2.1 2955	
6.2 6.3 2.7 2.8 674	
6.2 6.3 3.3 3.4 200	
6.2 6.3 4.6 4.7 26	
6.2 6.3 4.9 5.0 19	
6.2 6.3 5.0 5.1 17	
6.2 6.3 5.7 5.8 3	
6.3 6.4 -0.2 -0.1 22274	
6.3 6.4 -0.6 -0.5 19499	
6.3 6.4 -1.7 -1.6 5638	
6.3 6.4 -2.0 -1.9 3450	
6.3 6.4 -2.3 -2.2 1809	
6.3 6.4 -3.4 -3.3 179	
6.3 6.4 -4.5 -4.4 41	
6.3 6.4 -4.9 -4.8 13	
6.3 6.4 -5.1 -5.0 8	
6.3 6.4 0.5 0.6 19281	
6.3 6.4 1.1 1.2 11569	
6.3 6.4 1.8 1.9 4132	
6.3 6.4 2.4 2.5 1210	
6.3 6.4 3.5 3.6 122	
6.3 6.4 4.1 4.2 51	
6.3 6.4 4.8 4.9 17	
6.3 6.4 5.4 5.5 3	
6.3 6.4 6.0 6.1 1	
6.4 6.5 -0.5 -0.4 19395	
6.4 6.5 -0.9 -0.8 15189	
6.4 6.5 -1.1 -1.0 12572	
6.4 6.5 -2.2 -2.1 2231	
6.4 6.5 -2.6 -2.5 880	
6.4 6.5 -3.7 -3.6 71	
6.4 6.5 -4.0 -3.9 50	
6.4 6.5 -4.8 -4.7 18	
6.4 6.5 -5.4 -5.3 6	
6.4 6.5 -6.5 -6.4 1	
6.4 6.5 0.2 0.3 20804	
6.4 6.5 1.3 1.4 8680	
6.4 6.5 2.6 2.7 732	
6.4 6.5 2.9 3.0 351	
6.4 6.5 3.2 3.3 169	
6.4 6.5 4.5 4.6 24	
6.4 6.5 5.1 5.2 4	
6.4 6.5 5.8 5.9 1	
6.5 6.6 -0.1 0.0 20322	
6.5 6.6 -0.8 -0.7 15715	
6.5 6.6 -1.4 -1.3 8269	
6.5 6.6 -2.5 -2.4 1062	
6.5 6.6 -2.9 -2.8 393	
6.5 6.6 -3.1 -3.0 246	
6.5 6.6 -4.2 -4.1 34	
6.5 6.6 -6.0 -5.9 1	
6.5 6.6 0.4 0.5 18495	
6.5 6.6 1.0 1.1 11917	
6.5 6.6 1.7 1.8 4567	
6.5 6.6 2.3 2.4 1263	
6.5 6.6 3.6 3.7 76	
6.5 6.6 3.9 4.0 36	
6.5 6.6 4.0 4.1 36	
6.5 6.6 4.2 4.3 12	
6.5 6.6 5.3 5.4 5	
6.6 6.7 -0.2 -0.1 19134	
6.6 6.7 -1.3 -1.2 8910	
6.6 6.7 -1.7 -1.6 4881	
6.6 6.7 -2.8 -2.7 472	
6.6 6.7 -3.4 -3.3 110	
6.6 6.7 -4.5 -4.4 13	
6.6 6.7 -5.1 -5.0 4	
6.6 6.7 0.1 0.2 19027	
6.6 6.7 0.8 0.9 13506	
6.6 6.7 1.4 1.5 6736	
6.6 6.7 2.0 2.1 2367	
6.6 6.7 2.7 2.8 501	
6.6 6.7 3.1 3.2 168	
6.6 6.7 3.8 3.9 34	
6.6 6.7 4.4 4.5 10	
6.6 6.7 5.0 5.1 4	
6.7 6.8 -0.5 -0.4 16195	
6.7 6.8 -1.6 -1.5 5324	
6.7 6.8 -2.2 -2.1 1764	
6.7 6.8 -3.0 -2.9 263	
6.7 6.8 -3.3 -3.2 112	
6.7 6.8 -3.7 -3.6 46	
6.7 6.8 -4.8 -4.7 6	
6.7 6.8 0.5 0.6 15432	
6.7 6.8 1.6 1.7 4664	
6.7 6.8 2.2 2.3 1446	
6.7 6.8 3.5 3.6 63	
6.7 6.8 4.1 4.2 15	
6.7 6.8 4.8 4.9 5	
6.7 6.8 5.4 5.5 2	
6.8 6.9 -0.4 -0.3 15775	
6.8 6.9 -0.8 -0.7 12631	
6.8 6.9 -1.9 -1.8 2984	
6.8 6.9 -2.1 -2.0 2008	
6.8 6.9 -2.5 -2.4 882	
6.8 6.9 -3.6 -3.5 38	
6.8 6.9 -4.2 -4.1 9	
6.8 6.9 -5.0 -4.9 2	
6.8 6.9 0.0 0.1 16539	
6.8 6.9 0.7 0.8 12414	
6.8 6.9 1.3 1.4 6641	
6.8 6.9 2.6 2.7 505	
6.8 6.9 2.9 3.0 216	
6.8 6.9 3.2 3.3 116	
6.8 6.9 4.5 4.6 4	
6.9 7.0 -0.1 0.0 15445	
6.9 7.0 -0.2 -0.1 14899	
6.9 7.0 -0.6 -0.5 13015	
6.9 7.0 -1.7 -1.6 4045	
6.9 7.0 -2.0 -1.9 2210	
6.9 7.0 -2.3 -2.2 1253	
6.9 7.0 -2.8 -2.7 364	
6.9 7.0 -3.4 -3.3 71	
6.9 7.0 -4.5 -4.4 4	
6.9 7.0 -4.9 -4.8 1	
6.9 7.0 -5.1 -5.0 1	
6.9 7.0 0.6 0.7 12520	
6.9 7.0 0.9 1.0 9512	
6.9 7.0 1.2 1.3 6921	
6.9 7.0 2.5 2.6 643	
6.9 7.0 3.6 3.7 26	
6.9 7.0 3.9 4.0 13	
6.9 7.0 4.2 4.3 3	
6.9 7.0 5.5 5.6 1	
7.0 7.1 -0.6 -0.5 11774	
7.0 7.1 -1.7 -1.6 3461	
7.0 7.1 -2.0 -1.9 2103	
7.0 7.1 -2.3 -2.2 1076	
7.0 7.1 -3.4 -3.3 44	
7.0 7.1 -3.8 -3.7 20	
7.0 7.1 -4.9 -4.8 1	
7.0 7.1 -5.1 -5.0 4	
7.0 7.1 0.5 0.6 11907	
7.0 7.1 1.1 1.2 7155	
7.0 7.1 1.8 1.9 2547	
7.0 7.1 2.2 2.3 1105	
7.0 7.1 3.5 3.6 32	
7.0 7.1 4.1 4.2 5	
7.0 7.1 4.8 4.9 1	
7.0 7.1 5.4 5.5 1	
7.1 7.2 -0.5 -0.4 10978	
7.1 7.2 -0.9 -0.8 8613	
7.1 7.2 -1.1 -1.0 7044	
7.1 7.2 -2.2 -2.1 1256	
7.1 7.2 -2.6 -2.5 470	
7.1 7.2 -3.7 -3.6 19	
7.1 7.2 -4.0 -3.9 6	
7.1 7.2 -4.3 -4.2 1	
7.1 7.2 0.0 0.1 12149	
7.1 7.2 0.7 0.8 9303	
7.1 7.2 1.3 1.4 4964	
7.1 7.2 2.6 2.7 382	
7.1 7.2 2.9 3.0 156	
7.1 7.2 3.2 3.3 71	
7.1 7.2 4.5 4.6 2	
7.2 7.3 -0.8 -0.7 8302	
7.2 7.3 -1.4 -1.3 4349	
7.2 7.3 -2.5 -2.4 510	
7.2 7.3 -2.9 -2.8 195	
7.2 7.3 -3.1 -3.0 112	
7.2 7.3 -4.2 -4.1 3	
7.2 7.3 -4.6 -4.5 2	
7.2 7.3 -6.8 -6.7 1	
7.2 7.3 0.4 0.5 9692	
7.2 7.3 1.0 1.1 6382	
7.2 7.3 1.7 1.8 2396	
7.2 7.3 2.3 2.4 681	
7.2 7.3 3.6 3.7 12	
7.2 7.3 3.9 4.0 7	
7.2 7.3 4.0 4.1 6	
7.2 7.3 4.7 4.8 1	
7.3 7.4 -0.2 -0.1 9433	
7.3 7.4 -1.3 -1.2 4441	
7.3 7.4 -1.7 -1.6 2443	
7.3 7.4 -2.0 -1.9 1486	
7.3 7.4 -2.8 -2.7 221	
7.3 7.4 -3.4 -3.3 38	
7.3 7.4 0.1 0.2 9502	
7.3 7.4 0.8 0.9 6883	
7.3 7.4 1.4 1.5 3292	
7.3 7.4 2.5 2.6 391	
7.3 7.4 3.1 3.2 57	
7.3 7.4 3.8 3.9 11	
7.4 7.5 -0.5 -0.4 7441	
7.4 7.5 -1.6 -1.5 2525	
7.4 7.5 -2.2 -2.1 765	
7.4 7.5 -3.3 -3.2 48	
7.4 7.5 -3.7 -3.6 17	
7.4 7.5 0.3 0.4 7852	
7.4 7.5 1.6 1.7 2183	
7.4 7.5 1.9 2.0 1266	
7.4 7.5 2.2 2.3 673	
7.4 7.5 3.5 3.6 12	
7.4 7.5 4.1 4.2 4	
7.5 7.6 -0.8 -0.7 5269	
7.5 7.6 -1.9 -1.8 1277	
7.5 7.6 -2.5 -2.4 347	
7.5 7.6 -3.6 -3.5 16	
7.5 7.6 0.0 0.1 7166	
7.5 7.6 0.7 0.8 5413	
7.5 7.6 1.3 1.4 2886	
7.5 7.6 2.6 2.7 187	
7.5 7.6 2.9 3.0 101	
7.5 7.6 3.0 3.1 72	
7.5 7.6 3.2 3.3 38	
7.5 7.6 4.3 4.4 4	
7.6 7.7 -0.2 -0.1 5925	
7.6 7.7 -1.0 -0.9 3853	
7.6 7.7 -1.3 -1.2 2818	
7.6 7.7 -2.4 -2.3 390	
7.6 7.7 -2.8 -2.7 153	
7.6 7.7 -3.9 -3.8 4	
7.6 7.7 -4.1 -4.0 2	
7.6 7.7 0.4 0.5 5579	
7.6 7.7 1.0 1.1 3496	
7.6 7.7 1.7 1.8 1338	
7.6 7.7 2.1 2.2 614	
7.6 7.7 2.8 2.9 107	
7.6 7.7 3.4 3.5 14	
7.6 7.7 4.0 4.1 5	
7.7 7.8 -0.5 -0.4 4699	
7.7 7.8 -1.6 -1.5 1599	
7.7 7.8 -2.7 -2.6 157	
7.7 7.8 -3.0 -2.9 71	
7.7 7.8 -3.3 -3.2 34	
7.7 7.8 0.6 0.7 4117	
7.7 7.8 0.8 0.9 3627	
7.7 7.8 1.2 1.3 2415	
7.7 7.8 2.5 2.6 189	
7.7 7.8 3.1 3.2 38	
7.7 7.8 3.8 3.9 9	
7.8 7.9 -0.4 -0.3 4005	
7.8 7.9 -1.9 -1.8 793	
7.8 7.9 -2.1 -2.0 560	
7.8 7.9 -3.2 -3.1 24	
7.8 7.9 -3.6 -3.5 12	
7.8 7.9 0.3 0.4 3978	
7.8 7.9 1.6 1.7 1128	
7.8 7.9 1.9 2.0 629	
7.8 7.9 2.2 2.3 369	
7.8 7.9 3.5 3.6 8	
7.9 8.0 -0.2 -0.1 3628	
7.9 8.0 -1.3 -1.2 1612	
7.9 8.0 -1.7 -1.6 868	
7.9 8.0 -2.8 -2.7 73	
7.9 8.0 -3.4 -3.3 13	
7.9 8.0 0.2 0.3 3409	
7.9 8.0 1.5 1.6 1135	
7.9 8.0 2.6 2.7 106	
7.9 8.0 2.9 3.0 40	
7.9 8.0 3.2 3.3 15	
8.0 8.1 -0.2 -0.1 2842	
8.0 8.1 -0.6 -0.5 2528	
8.0 8.1 -1.7 -1.6 765	
8.0 8.1 -2.0 -1.9 426	
8.0 8.1 -2.8 -2.7 68	
8.0 8.1 -3.4 -3.3 8	
8.0 8.1 0.1 0.2 2871	
8.0 8.1 0.8 0.9 2033	
8.0 8.1 1.2 1.3 1360	
8.0 8.1 2.5 2.6 109	
8.0 8.1 3.1 3.2 17	
8.0 8.1 3.8 3.9 5	
8.1 8.2 -0.1 0.0 2379	
8.1 8.2 -0.5 -0.4 2208	
8.1 8.2 -0.9 -0.8 1617	
8.1 8.2 -1.1 -1.0 1368	
8.1 8.2 -2.2 -2.1 216	
8.1 8.2 -3.7 -3.6 3	
8.1 8.2 -4.0 -3.9 1	
8.1 8.2 0.3 0.4 2247	
8.1 8.2 1.6 1.7 587	
8.1 8.2 1.9 2.0 339	
8.1 8.2 2.2 2.3 173	
8.1 8.2 3.5 3.6 6	
8.2 8.3 -0.8 -0.7 1371	
8.2 8.3 -1.4 -1.3 761	
8.2 8.3 -2.5 -2.4 100	
8.2 8.3 -3.1 -3.0 21	
8.2 8.3 -3.6 -3.5 3	
8.2 8.3 0.0 0.1 1918	
8.2 8.3 0.7 0.8 1315	
8.2 8.3 1.3 1.4 760	
8.2 8.3 2.6 2.7 69	
8.2 8.3 2.9 3.0 16	
8.2 8.3 3.0 3.1 18	
8.2 8.3 3.7 3.8 3	
8.3 8.4 -0.2 -0.1 1467	
8.3 8.4 -1.0 -0.9 953	
8.3 8.4 -1.3 -1.2 715	
8.3 8.4 -1.7 -1.6 382	
8.3 8.4 -2.8 -2.7 33	
8.3 8.4 0.4 0.5 1363	
8.3 8.4 1.5 1.6 481	
8.3 8.4 2.1 2.2 149	
8.3 8.4 2.8 2.9 19	
8.3 8.4 3.4 3.5 6	
8.4 8.5 -0.5 -0.4 1106	
8.4 8.5 -1.6 -1.5 361	
8.4 8.5 -2.2 -2.1 117	
8.4 8.5 -3.0 -2.9 23	
8.4 8.5 -3.3 -3.2 2	
8.4 8.5 0.6 0.7 956	
8.4 8.5 0.9 1.0 778	
8.4 8.5 1.2 1.3 538	
8.4 8.5 2.5 2.6 54	
8.4 8.5 3.1 3.2 4	
8.4 8.5 3.8 3.9 2	
8.5 8.6 -0.4 -0.3 865	
8.5 8.6 -0.8 -0.7 668	
8.5 8.6 -1.9 -1.8 149	
8.5 8.6 -2.1 -2.0 106	
8.5 8.6 -2.5 -2.4 67	
8.5 8.6 -3.6 -3.5 1	
8.5 8.6 0.3 0.4 887	
8.5 8.6 1.6 1.7 229	
8.5 8.6 1.9 2.0 173	
8.5 8.6 2.2 2.3 84	
8.5 8.6 3.3 3.4 3	
8.6 8.7 -0.7 -0.6 599	
8.6 8.7 -1.0 -0.9 459	
8.6 8.7 -1.3 -1.2 328	
8.6 8.7 -2.4 -2.3 48	
8.6 8.7 -3.9 -3.8 1	
8.6 8.7 -4.1 -4.0 1	
8.6 8.7 0.0 0.1 739	
8.6 8.7 0.7 0.8 583	
8.6 8.7 1.1 1.2 353	
8.6 8.7 1.8 1.9 124	
8.6 8.7 2.4 2.5 34	
8.6 8.7 3.0 3.1 2	
8.7 8.8 -1.2 -1.1 273	
8.7 8.8 -1.6 -1.5 170	
8.7 8.8 -2.7 -2.6 21	
8.7 8.8 -3.0 -2.9 9	
8.7 8.8 -3.3 -3.2 3	
8.7 8.8 0.2 0.3 498	
8.7 8.8 1.5 1.6 153	
8.7 8.8 2.1 2.2 55	
8.7 8.8 2.8 2.9 9	
8.7 8.8 3.4 3.5 1	
8.8 8.9 -0.4 -0.3 381	
8.8 8.9 -1.5 -1.4 147	
8.8 8.9 -1.9 -1.8 59	
8.8 8.9 -2.1 -2.0 50	
8.8 8.9 -3.2 -3.1 1	
8.8 8.9 -3.6 -3.5 2	
8.8 8.9 0.6 0.7 362	
8.8 8.9 0.9 1.0 270	
8.8 8.9 1.2 1.3 203	
8.8 8.9 2.5 2.6 11	
8.9 9.0 -0.2 -0.1 268	
8.9 9.0 -1.0 -0.9 193	
8.9 9.0 -1.3 -1.2 151	
8.9 9.0 -2.8 -2.7 5	
8.9 9.0 0.5 0.6 266	
8.9 9.0 1.6 1.7 65	
8.9 9.0 1.9 2.0 44	
8.9 9.0 2.2 2.3 22	
9.0 9.1 -0.1 0.0 231	
9.0 9.1 -0.2 -0.1 206	
9.0 9.1 -1.3 -1.2 107	
9.0 9.1 -1.7 -1.6 61	
9.0 9.1 -2.8 -2.7 7	
9.0 9.1 0.2 0.3 225	
9.0 9.1 1.5 1.6 71	
9.0 9.1 2.1 2.2 29	
9.0 9.1 2.8 2.9 5	
9.1 9.2 -0.5 -0.4 146	
9.1 9.2 -1.6 -1.5 47	
9.1 9.2 -2.2 -2.1 12	
9.1 9.2 -3.0 -2.9 4	
9.1 9.2 -3.3 -3.2 2	
9.1 9.2 0.6 0.7 161	
9.1 9.2 0.9 1.0 107	
9.1 9.2 1.2 1.3 76	
9.1 9.2 2.5 2.6 5	
9.1 9.2 3.8 3.9 1	
9.2 9.3 -0.4 -0.3 100	
9.2 9.3 -0.8 -0.7 86	
9.2 9.3 -1.9 -1.8 21	
9.2 9.3 -2.1 -2.0 14	
9.2 9.3 -2.5 -2.4 4	
9.2 9.3 -3.6 -3.5 1	
9.2 9.3 0.3 0.4 120	
9.2 9.3 1.6 1.7 29	
9.2 9.3 1.9 2.0 11	
9.2 9.3 2.0 2.1 17	
9.2 9.3 2.7 2.8 4	
9.3 9.4 -0.7 -0.6 62	
9.3 9.4 -1.0 -0.9 61	
9.3 9.4 -1.3 -1.2 39	
9.3 9.4 -2.4 -2.3 5	
9.3 9.4 -2.8 -2.7 1	
9.3 9.4 0.5 0.6 69	
9.3 9.4 1.1 1.2 35	
9.3 9.4 1.8 1.9 17	
9.3 9.4 2.4 2.5 5	
9.4 9.5 -1.2 -1.1 29	
9.4 9.5 -1.6 -1.5 14	
9.4 9.5 -2.7 -2.6 4	
9.4 9.5 -3.0 -2.9 1	
9.4 9.5 0.2 0.3 57	
9.4 9.5 1.5 1.6 20	
9.4 9.5 2.1 2.2 6	
9.4 9.5 2.8 2.9 2	
9.5 9.6 -0.1 0.0 30	
9.5 9.6 -0.4 -0.3 50	
9.5 9.6 -1.5 -1.4 17	
9.5 9.6 -1.9 -1.8 13	
9.5 9.6 -2.1 -2.0 8	
9.5 9.6 0.6 0.7 41	
9.5 9.6 0.9 1.0 23	
9.5 9.6 1.2 1.3 20	
9.5 9.6 2.3 2.4 2	
9.5 9.6 3.6 3.7 1	
9.6 9.7 -0.7 -0.6 27	
9.6 9.7 -1.0 -0.9 18	
9.6 9.7 -1.8 -1.7 6	
9.6 9.7 -2.4 -2.3 5	
9.6 9.7 0.1 0.2 21	
9.6 9.7 0.8 0.9 22	
9.6 9.7 1.4 1.5 14	
9.6 9.7 2.0 2.1 3	
9.6 9.7 2.7 2.8 1	
9.6 9.7 3.3 3.4 1	
9.7 9.8 -1.2 -1.1 9	
9.7 9.8 -2.3 -2.2 1	
9.7 9.8 -2.7 -2.6 1	
9.7 9.8 -3.0 -2.9 3	
9.7 9.8 0.5 0.6 25	
9.7 9.8 1.1 1.2 10	
9.7 9.8 1.8 1.9 5	
9.7 9.8 2.4 2.5 1	
9.8 9.9 -0.4 -0.3 7	
9.8 9.9 -0.9 -0.8 5	
9.8 9.9 -1.5 -1.4 3	
9.8 9.9 0.2 0.3 10	
9.8 9.9 1.5 1.6 3	
9.9 10.0 -1.2 -1.1 2	
9.9 10.0 -3.0 -2.9 1	
9.9 10.0 0.5 0.6 8	
9.9 10.0 1.6 1.7 1	
9.9 10.0 1.9 2.0 2	
