-0.1 0.0 -0.4 -0.3 1329	
-0.1 0.0 -1.5 -1.4 7609	
-0.1 0.0 -2.1 -2.0 15675	
-0.1 0.0 -2.6 -2.5 21914	
-0.1 0.0 -3.2 -3.1 24548	
-0.1 0.0 -4.3 -4.2 16137	
-0.1 0.0 -4.7 -4.6 15911	
-0.1 0.0 -5.8 -5.7 23511	
-0.1 0.0 -6.4 -6.3 22638	
-0.1 0.0 -7.5 -7.4 8161	
-0.1 0.0 -8.1 -8.0 2936	
-0.1 0.0 -9.2 -9.1 154	
-0.1 0.0 0.1 0.2 1118	
-0.1 0.0 0.8 0.9 2780	
-0.1 0.0 1.4 1.5 7635	
-0.1 0.0 10.0 10.1 4	
-0.1 0.0 2.0 2.1 15755	
-0.1 0.0 2.7 2.8 23446	
-0.1 0.0 3.3 3.4 23578	
-0.1 0.0 4.4 4.5 15722	
-0.1 0.0 5.0 5.1 18043	
-0.1 0.0 5.7 5.8 23715	
-0.1 0.0 6.3 6.4 22470	
-0.1 0.0 7.6 7.7 6151	
-0.1 0.0 7.9 8.0 3631	
-0.1 0.0 8.2 8.3 1897	
-0.1 0.0 9.3 9.4 66	
-0.2 -0.1 -0.1 0.0 1070	
-0.2 -0.1 -0.7 -0.6 2133	
-0.2 -0.1 -1.0 -0.9 3283	
-0.2 -0.1 -1.3 -1.2 5431	
-0.2 -0.1 -10.5 -10.4 1	
-0.2 -0.1 -2.4 -2.3 19476	
-0.2 -0.1 -3.5 -3.4 22746	
-0.2 -0.1 -3.9 -3.8 19247	
-0.2 -0.1 -4.1 -4.0 17556	
-0.2 -0.1 -5.2 -5.1 18627	
-0.2 -0.1 -5.6 -5.5 22223	
-0.2 -0.1 -6.7 -6.6 19193	
-0.2 -0.1 -7.0 -6.9 14993	
-0.2 -0.1 -7.3 -7.2 10754	
-0.2 -0.1 -8.4 -8.3 1550	
-0.2 -0.1 -9.9 -9.8 16	
-0.2 -0.1 0.2 0.3 1259	
-0.2 -0.1 1.3 1.4 6417	
-0.2 -0.1 10.3 10.4 2	
-0.2 -0.1 2.6 2.7 22731	
-0.2 -0.1 2.9 3.0 24452	
-0.2 -0.1 3.2 3.3 24129	
-0.2 -0.1 4.5 4.6 15425	
-0.2 -0.1 5.1 5.2 19052	
-0.2 -0.1 5.8 5.9 24031	
-0.2 -0.1 6.2 6.3 22844	
-0.2 -0.1 7.5 7.6 7118	
-0.2 -0.1 8.1 8.2 2415	
-0.2 -0.1 8.8 8.9 400	
-0.2 -0.1 9.4 9.5 65	
-0.2 -0.1 9.9 10.0 10	
-0.3 -0.2 -0.5 -0.4 1555	
-0.3 -0.2 -0.9 -0.8 2883	
-0.3 -0.2 -1.1 -1.0 3959	
-0.3 -0.2 -10.1 -10.0 9	
-0.3 -0.2 -2.2 -2.1 16742	
-0.3 -0.2 -2.6 -2.5 21624	
-0.3 -0.2 -3.7 -3.6 20612	
-0.3 -0.2 -4.0 -3.9 17805	
-0.3 -0.2 -4.8 -4.7 15706	
-0.3 -0.2 -5.4 -5.3 20327	
-0.3 -0.2 -6.5 -6.4 20827	
-0.3 -0.2 -6.9 -6.8 16005	
-0.3 -0.2 -7.1 -7.0 13340	
-0.3 -0.2 -8.2 -8.1 2318	
-0.3 -0.2 -8.6 -8.5 918	
-0.3 -0.2 -9.7 -9.6 28	
-0.3 -0.2 0.0 0.1 1184	
-0.3 -0.2 0.7 0.8 2495	
-0.3 -0.2 1.3 1.4 6327	
-0.3 -0.2 10.1 10.2 5	
-0.3 -0.2 10.5 10.6 1	
-0.3 -0.2 2.6 2.7 22455	
-0.3 -0.2 2.9 3.0 24087	
-0.3 -0.2 3.2 3.3 23657	
-0.3 -0.2 4.3 4.4 15581	
-0.3 -0.2 5.6 5.7 22446	
-0.3 -0.2 5.9 6.0 23428	
-0.3 -0.2 6.2 6.3 22680	
-0.3 -0.2 7.5 7.6 6833	
-0.3 -0.2 8.1 8.2 2267	
-0.3 -0.2 8.8 8.9 415	
-0.3 -0.2 9.2 9.3 124	
-0.3 -0.2 9.4 9.5 60	
-0.4 -0.3 -0.3 -0.2 1424	
-0.4 -0.3 -0.7 -0.6 2129	
-0.4 -0.3 -1.8 -1.7 10779	
-0.4 -0.3 -10.0 -9.9 10	
-0.4 -0.3 -10.2 -10.1 3	
-0.4 -0.3 -2.4 -2.3 19028	
-0.4 -0.3 -3.5 -3.4 21857	
-0.4 -0.3 -4.1 -4.0 16927	
-0.4 -0.3 -5.2 -5.1 17900	
-0.4 -0.3 -6.3 -6.2 21864	
-0.4 -0.3 -6.7 -6.6 18072	
-0.4 -0.3 -7.0 -6.9 14266	
-0.4 -0.3 -7.8 -7.7 4869	
-0.4 -0.3 -8.4 -8.3 1455	
-0.4 -0.3 -9.5 -9.4 44	
-0.4 -0.3 -9.9 -9.8 15	
-0.4 -0.3 0.0 0.1 1364	
-0.4 -0.3 0.7 0.8 2379	
-0.4 -0.3 1.3 1.4 6346	
-0.4 -0.3 2.4 2.5 19894	
-0.4 -0.3 2.9 3.0 23385	
-0.4 -0.3 3.0 3.1 23677	
-0.4 -0.3 3.7 3.8 19223	
-0.4 -0.3 4.3 4.4 15113	
-0.4 -0.3 5.6 5.7 21711	
-0.4 -0.3 5.9 6.0 22858	
-0.4 -0.3 6.2 6.3 22217	
-0.4 -0.3 7.3 7.4 9053	
-0.4 -0.3 7.5 7.6 6770	
-0.4 -0.3 8.6 8.7 691	
-0.4 -0.3 8.9 9.0 285	
-0.4 -0.3 9.2 9.3 109	
-0.5 -0.4 -0.5 -0.4 1841	
-0.5 -0.4 -1.6 -1.5 8159	
-0.5 -0.4 -10.3 -10.2 1	
-0.5 -0.4 -2.2 -2.1 15694	
-0.5 -0.4 -3.0 -2.9 23004	
-0.5 -0.4 -3.3 -3.2 22159	
-0.5 -0.4 -3.7 -3.6 19584	
-0.5 -0.4 -4.8 -4.7 14850	
-0.5 -0.4 -5.4 -5.3 18594	
-0.5 -0.4 -5.9 -5.8 21813	
-0.5 -0.4 -6.5 -6.4 19600	
-0.5 -0.4 -7.6 -7.5 6565	
-0.5 -0.4 -8.2 -8.1 2120	
-0.5 -0.4 -9.3 -9.2 97	
-0.5 -0.4 -9.7 -9.6 34	
-0.5 -0.4 0.5 0.6 1973	
-0.5 -0.4 1.1 1.2 4523	
-0.5 -0.4 1.8 1.9 11776	
-0.5 -0.4 10.1 10.2 8	
-0.5 -0.4 2.4 2.5 19704	
-0.5 -0.4 3.0 3.1 22894	
-0.5 -0.4 3.7 3.8 18931	
-0.5 -0.4 4.3 4.4 14545	
-0.5 -0.4 5.4 5.5 19558	
-0.5 -0.4 5.6 5.7 20892	
-0.5 -0.4 5.9 6.0 21894	
-0.5 -0.4 6.0 6.1 21797	
-0.5 -0.4 6.7 6.8 16094	
-0.5 -0.4 7.3 7.4 8790	
-0.5 -0.4 8.6 8.7 620	
-0.5 -0.4 8.9 9.0 289	
-0.5 -0.4 9.2 9.3 111	
-0.6 -0.5 -0.3 -0.2 1862	
-0.6 -0.5 -1.4 -1.3 5985	
-0.6 -0.5 -1.8 -1.7 10174	
-0.6 -0.5 -10.4 -10.3 2	
-0.6 -0.5 -2.9 -2.8 21683	
-0.6 -0.5 -3.1 -3.0 21930	
-0.6 -0.5 -3.5 -3.4 20412	
-0.6 -0.5 -4.6 -4.5 13626	
-0.6 -0.5 -5.2 -5.1 16547	
-0.6 -0.5 -6.0 -5.9 20741	
-0.6 -0.5 -6.3 -6.2 20033	
-0.6 -0.5 -7.8 -7.7 4469	
-0.6 -0.5 -8.9 -8.8 387	
-0.6 -0.5 -9.1 -9.0 181	
-0.6 -0.5 -9.5 -9.4 59	
-0.6 -0.5 0.5 0.6 2136	
-0.6 -0.5 1.1 1.2 4460	
-0.6 -0.5 1.8 1.9 11343	
-0.6 -0.5 2.4 2.5 18972	
-0.6 -0.5 3.5 3.6 19902	
-0.6 -0.5 3.7 3.8 18191	
-0.6 -0.5 4.1 4.2 14851	
-0.6 -0.5 4.8 4.9 14372	
-0.6 -0.5 5.4 5.5 18867	
-0.6 -0.5 6.0 6.1 20492	
-0.6 -0.5 6.7 6.8 15523	
-0.6 -0.5 7.3 7.4 8187	
-0.6 -0.5 8.6 8.7 624	
-0.6 -0.5 8.9 9.0 250	
-0.6 -0.5 9.0 9.1 205	
-0.6 -0.5 9.7 9.8 20	
-0.7 -0.6 -0.5 -0.4 2316	
-0.7 -0.6 -1.6 -1.5 7818	
-0.7 -0.6 -10.0 -9.9 9	
-0.7 -0.6 -10.5 -10.4 1	
-0.7 -0.6 -2.7 -2.6 19838	
-0.7 -0.6 -3.0 -2.9 21195	
-0.7 -0.6 -3.3 -3.2 20431	
-0.7 -0.6 -4.4 -4.3 13391	
-0.7 -0.6 -4.8 -4.7 13245	
-0.7 -0.6 -5.9 -5.8 19710	
-0.7 -0.6 -6.1 -6.0 19481	
-0.7 -0.6 -6.5 -6.4 17453	
-0.7 -0.6 -7.6 -7.5 5850	
-0.7 -0.6 -8.7 -8.6 539	
-0.7 -0.6 -9.0 -8.9 240	
-0.7 -0.6 -9.3 -9.2 97	
-0.7 -0.6 0.5 0.6 2487	
-0.7 -0.6 1.6 1.7 8753	
-0.7 -0.6 1.8 1.9 11030	
-0.7 -0.6 10.1 10.2 2	
-0.7 -0.6 2.2 2.3 15987	
-0.7 -0.6 3.5 3.6 18800	
-0.7 -0.6 4.1 4.2 14164	
-0.7 -0.6 4.8 4.9 13882	
-0.7 -0.6 5.4 5.5 17908	
-0.7 -0.6 6.7 6.8 14530	
-0.7 -0.6 7.1 7.2 10030	
-0.7 -0.6 7.8 7.9 3481	
-0.7 -0.6 8.4 8.5 963	
-0.7 -0.6 9.0 9.1 167	
-0.7 -0.6 9.7 9.8 14	
-0.8 -0.7 -0.3 -0.2 2400	
-0.8 -0.7 -1.4 -1.3 5950	
-0.8 -0.7 -2.9 -2.8 19887	
-0.8 -0.7 -3.1 -3.0 20065	
-0.8 -0.7 -4.2 -4.1 13329	
-0.8 -0.7 -4.6 -4.5 12145	
-0.8 -0.7 -5.7 -5.6 17434	
-0.8 -0.7 -6.0 -5.9 17922	
-0.8 -0.7 -6.3 -6.2 17612	
-0.8 -0.7 -7.4 -7.3 7358	
-0.8 -0.7 -8.9 -8.8 306	
-0.8 -0.7 -9.1 -9.0 157	
-0.8 -0.7 0.3 0.4 2404	
-0.8 -0.7 1.6 1.7 8427	
-0.8 -0.7 1.9 2.0 11829	
-0.8 -0.7 10.8 10.9 1	
-0.8 -0.7 2.2 2.3 15234	
-0.8 -0.7 3.5 3.6 17962	
-0.8 -0.7 4.8 4.9 12857	
-0.8 -0.7 5.2 5.3 15305	
-0.8 -0.7 6.5 6.6 15414	
-0.8 -0.7 7.1 7.2 9128	
-0.8 -0.7 7.8 7.9 3302	
-0.8 -0.7 8.4 8.5 873	
-0.8 -0.7 9.0 9.1 184	
-0.8 -0.7 9.7 9.8 20	
-0.9 -0.8 -0.1 0.0 2849	
-0.9 -0.8 -1.2 -1.1 4669	
-0.9 -0.8 -1.6 -1.5 7242	
-0.9 -0.8 -2.7 -2.6 18260	
-0.9 -0.8 -3.0 -2.9 19093	
-0.9 -0.8 -3.8 -3.7 15678	
-0.9 -0.8 -4.4 -4.3 11901	
-0.9 -0.8 -5.5 -5.4 15045	
-0.9 -0.8 -5.9 -5.8 16605	
-0.9 -0.8 -6.1 -6.0 16846	
-0.9 -0.8 -7.2 -7.1 8778	
-0.9 -0.8 -7.6 -7.5 4865	
-0.9 -0.8 -8.7 -8.6 507	
-0.9 -0.8 -9.0 -8.9 233	
-0.9 -0.8 -9.3 -9.2 76	
-0.9 -0.8 -9.8 -9.7 14	
-0.9 -0.8 0.3 0.4 2935	
-0.9 -0.8 1.6 1.7 8321	
-0.9 -0.8 1.9 2.0 11213	
-0.9 -0.8 2.0 2.1 12266	
-0.9 -0.8 3.3 3.4 18506	
-0.9 -0.8 4.6 4.7 11461	
-0.9 -0.8 4.9 5.0 12434	
-0.9 -0.8 5.2 5.3 14101	
-0.9 -0.8 6.5 6.6 14453	
-0.9 -0.8 7.1 7.2 8670	
-0.9 -0.8 7.8 7.9 2977	
-0.9 -0.8 8.2 8.3 1331	
-0.9 -0.8 9.5 9.6 35	
-1.0 -0.9 -1.2 -1.1 4774	
-1.0 -0.9 -1.6 -1.5 7381	
-1.0 -0.9 -10.1 -10.0 7	
-1.0 -0.9 -2.7 -2.6 17257	
-1.0 -0.9 -3.0 -2.9 18434	
-1.0 -0.9 -3.8 -3.7 14864	
-1.0 -0.9 -4.4 -4.3 11086	
-1.0 -0.9 -5.5 -5.4 13989	
-1.0 -0.9 -5.9 -5.8 15548	
-1.0 -0.9 -6.1 -6.0 15237	
-1.0 -0.9 -7.2 -7.1 7833	
-1.0 -0.9 -7.6 -7.5 4526	
-1.0 -0.9 -8.7 -8.6 429	
-1.0 -0.9 -9.0 -8.9 199	
-1.0 -0.9 -9.3 -9.2 79	
-1.0 -0.9 -9.8 -9.7 13	
-1.0 -0.9 0.1 0.2 3382	
-1.0 -0.9 0.8 0.9 3743	
-1.0 -0.9 1.4 1.5 6496	
-1.0 -0.9 2.0 2.1 11753	
-1.0 -0.9 2.7 2.8 17775	
-1.0 -0.9 3.1 3.2 17991	
-1.0 -0.9 3.3 3.4 17421	
-1.0 -0.9 4.4 4.5 10978	
-1.0 -0.9 5.0 5.1 12037	
-1.0 -0.9 5.7 5.8 15043	
-1.0 -0.9 6.3 6.4 14234	
-1.0 -0.9 7.6 7.7 3949	
-1.0 -0.9 7.9 8.0 2292	
-1.0 -0.9 8.2 8.3 1188	
-1.0 -0.9 9.3 9.4 60	
-1.1 -1.0 -0.3 -0.2 3990	
-1.1 -1.0 -1.8 -1.7 8740	
-1.1 -1.0 -10.4 -10.3 2	
-1.1 -1.0 -2.9 -2.8 17314	
-1.1 -1.0 -3.1 -3.0 17544	
-1.1 -1.0 -3.5 -3.4 16206	
-1.1 -1.0 -4.6 -4.5 9972	
-1.1 -1.0 -5.2 -5.1 11405	
-1.1 -1.0 -6.0 -5.9 14006	
-1.1 -1.0 -6.3 -6.2 13246	
-1.1 -1.0 -6.7 -6.6 11194	
-1.1 -1.0 -7.8 -7.7 3008	
-1.1 -1.0 -8.9 -8.8 242	
-1.1 -1.0 -9.5 -9.4 30	
-1.1 -1.0 0.3 0.4 3984	
-1.1 -1.0 1.4 1.5 6396	
-1.1 -1.0 1.6 1.7 7924	
-1.1 -1.0 1.9 2.0 10625	
-1.1 -1.0 2.0 2.1 11616	
-1.1 -1.0 2.7 2.8 17007	
-1.1 -1.0 3.3 3.4 16487	
-1.1 -1.0 4.6 4.7 10008	
-1.1 -1.0 4.9 5.0 10501	
-1.1 -1.0 5.2 5.3 11653	
-1.1 -1.0 6.5 6.6 11820	
-1.1 -1.0 7.6 7.7 3463	
-1.1 -1.0 7.9 8.0 2034	
-1.1 -1.0 8.2 8.3 1083	
-1.1 -1.0 9.5 9.6 27	
-1.1 -1.0 9.9 10.0 2	
-1.2 -1.1 -0.5 -0.4 4693	
-1.2 -1.1 -1.6 -1.5 7076	
-1.2 -1.1 -2.2 -2.1 12195	
-1.2 -1.1 -2.7 -2.6 15904	
-1.2 -1.1 -3.0 -2.9 16649	
-1.2 -1.1 -3.3 -3.2 16546	
-1.2 -1.1 -4.4 -4.3 9928	
-1.2 -1.1 -4.8 -4.7 9293	
-1.2 -1.1 -5.9 -5.8 12195	
-1.2 -1.1 -6.1 -6.0 12251	
-1.2 -1.1 -6.5 -6.4 11071	
-1.2 -1.1 -7.6 -7.5 3731	
-1.2 -1.1 -8.2 -8.1 1178	
-1.2 -1.1 -8.7 -8.6 379	
-1.2 -1.1 -9.0 -8.9 138	
-1.2 -1.1 -9.3 -9.2 56	
-1.2 -1.1 0.1 0.2 4641	
-1.2 -1.1 0.8 0.9 4658	
-1.2 -1.1 1.4 1.5 6502	
-1.2 -1.1 10.1 10.2 2	
-1.2 -1.1 2.0 2.1 10898	
-1.2 -1.1 2.7 2.8 16457	
-1.2 -1.1 3.3 3.4 16252	
-1.2 -1.1 4.6 4.7 9105	
-1.2 -1.1 4.9 5.0 9465	
-1.2 -1.1 5.0 5.1 9690	
-1.2 -1.1 5.7 5.8 12408	
-1.2 -1.1 6.3 6.4 11605	
-1.2 -1.1 7.6 7.7 3080	
-1.2 -1.1 7.9 8.0 1832	
-1.2 -1.1 8.2 8.3 1024	
-1.2 -1.1 9.5 9.6 13	
-1.3 -1.2 -0.3 -0.2 5360	
-1.3 -1.2 -1.4 -1.3 6139	
-1.3 -1.2 -1.8 -1.7 8633	
-1.3 -1.2 -10.0 -9.9 5	
-1.3 -1.2 -2.9 -2.8 16079	
-1.3 -1.2 -3.1 -3.0 16399	
-1.3 -1.2 -4.6 -4.5 8783	
-1.3 -1.2 -5.7 -5.6 10722	
-1.3 -1.2 -6.0 -5.9 11034	
-1.3 -1.2 -6.3 -6.2 10763	
-1.3 -1.2 -7.4 -7.3 4578	
-1.3 -1.2 -7.8 -7.7 2372	
-1.3 -1.2 -8.9 -8.8 209	
-1.3 -1.2 -9.1 -9.0 104	
-1.3 -1.2 0.1 0.2 5429	
-1.3 -1.2 0.8 0.9 5287	
-1.3 -1.2 1.4 1.5 6629	
-1.3 -1.2 2.7 2.8 15914	
-1.3 -1.2 3.1 3.2 16239	
-1.3 -1.2 3.8 3.9 12194	
-1.3 -1.2 4.4 4.5 8924	
-1.3 -1.2 5.0 5.1 9006	
-1.3 -1.2 5.7 5.8 10860	
-1.3 -1.2 6.3 6.4 10543	
-1.3 -1.2 7.6 7.7 2797	
-1.3 -1.2 7.9 8.0 1657	
-1.3 -1.2 8.0 8.1 1352	
-1.3 -1.2 8.7 8.8 248	
-1.3 -1.2 9.3 9.4 36	
-1.4 -1.3 -0.1 0.0 6414	
-1.4 -1.3 -1.2 -1.1 6126	
-1.4 -1.3 -1.6 -1.5 7351	
-1.4 -1.3 -2.7 -2.6 14830	
-1.4 -1.3 -3.0 -2.9 15894	
-1.4 -1.3 -3.3 -3.2 15384	
-1.4 -1.3 -3.8 -3.7 12577	
-1.4 -1.3 -4.4 -4.3 8913	
-1.4 -1.3 -5.5 -5.4 9086	
-1.4 -1.3 -5.9 -5.8 9798	
-1.4 -1.3 -6.1 -6.0 9701	
-1.4 -1.3 -7.2 -7.1 4945	
-1.4 -1.3 -7.6 -7.5 2887	
-1.4 -1.3 -8.7 -8.6 301	
-1.4 -1.3 -9.0 -8.9 108	
-1.4 -1.3 -9.3 -9.2 49	
-1.4 -1.3 0.8 0.9 5849	
-1.4 -1.3 1.2 1.3 6194	
-1.4 -1.3 10.6 10.7 1	
-1.4 -1.3 2.5 2.6 14230	
-1.4 -1.3 3.1 3.2 15720	
-1.4 -1.3 3.8 3.9 11916	
-1.4 -1.3 4.4 4.5 8243	
-1.4 -1.3 5.0 5.1 8024	
-1.4 -1.3 5.7 5.8 9679	
-1.4 -1.3 6.1 6.2 9462	
-1.4 -1.3 6.8 6.9 6763	
-1.4 -1.3 7.4 7.5 3254	
-1.4 -1.3 8.0 8.1 1145	
-1.4 -1.3 8.7 8.8 226	
-1.4 -1.3 9.3 9.4 40	
-1.5 -1.4 -0.8 -0.7 6756	
-1.5 -1.4 -1.4 -1.3 6871	
-1.5 -1.4 -10.5 -10.4 1	
-1.5 -1.4 -2.5 -2.4 13658	
-1.5 -1.4 -2.9 -2.8 15442	
-1.5 -1.4 -3.1 -3.0 15873	
-1.5 -1.4 -4.2 -4.1 9412	
-1.5 -1.4 -5.7 -5.6 8335	
-1.5 -1.4 -6.0 -5.9 8528	
-1.5 -1.4 -6.8 -6.7 6411	
-1.5 -1.4 -7.4 -7.3 3306	
-1.5 -1.4 -8.5 -8.4 402	
-1.5 -1.4 -8.9 -8.8 136	
-1.5 -1.4 -9.1 -9.0 83	
-1.5 -1.4 0.6 0.7 6753	
-1.5 -1.4 0.9 1.0 6536	
-1.5 -1.4 1.2 1.3 6660	
-1.5 -1.4 2.5 2.6 14349	
-1.5 -1.4 3.1 3.2 15624	
-1.5 -1.4 3.8 3.9 11881	
-1.5 -1.4 4.2 4.3 8926	
-1.5 -1.4 5.5 5.6 8184	
-1.5 -1.4 6.1 6.2 8314	
-1.5 -1.4 6.8 6.9 5813	
-1.5 -1.4 7.4 7.5 2951	
-1.5 -1.4 8.0 8.1 970	
-1.5 -1.4 8.7 8.8 204	
-1.5 -1.4 9.1 9.2 56	
-1.5 -1.4 9.8 9.9 7	
-1.6 -1.5 -0.6 -0.5 8124	
-1.6 -1.5 -1.2 -1.1 7228	
-1.6 -1.5 -10.0 -9.9 2	
-1.6 -1.5 -10.1 -10.0 3	
-1.6 -1.5 -2.3 -2.2 12663	
-1.6 -1.5 -2.7 -2.6 15042	
-1.6 -1.5 -3.8 -3.7 12274	
-1.6 -1.5 -4.4 -4.3 8218	
-1.6 -1.5 -5.5 -5.4 7066	
-1.6 -1.5 -6.1 -6.0 7232	
-1.6 -1.5 -6.6 -6.5 6130	
-1.6 -1.5 -7.2 -7.1 3607	
-1.6 -1.5 -8.3 -8.2 571	
-1.6 -1.5 -8.7 -8.6 237	
-1.6 -1.5 -9.8 -9.7 9	
-1.6 -1.5 0.6 0.7 7795	
-1.6 -1.5 0.9 1.0 7195	
-1.6 -1.5 1.0 1.1 7118	
-1.6 -1.5 1.2 1.3 7284	
-1.6 -1.5 10.6 10.7 1	
-1.6 -1.5 2.3 2.4 12990	
-1.6 -1.5 3.6 3.7 12895	
-1.6 -1.5 3.9 4.0 10706	
-1.6 -1.5 4.2 4.3 8741	
-1.6 -1.5 5.5 5.6 7145	
-1.6 -1.5 6.1 6.2 7229	
-1.6 -1.5 6.8 6.9 4878	
-1.6 -1.5 7.2 7.3 3251	
-1.6 -1.5 8.5 8.6 296	
-1.6 -1.5 9.1 9.2 48	
-1.6 -1.5 9.8 9.9 5	
-1.7 -1.6 -0.8 -0.7 8325	
-1.7 -1.6 -1.9 -1.8 9774	
-1.7 -1.6 -10.2 -10.1 2	
-1.7 -1.6 -2.1 -2.0 11248	
-1.7 -1.6 -2.5 -2.4 13977	
-1.7 -1.6 -3.6 -3.5 13750	
-1.7 -1.6 -4.2 -4.1 9184	
-1.7 -1.6 -5.0 -4.9 5841	
-1.7 -1.6 -5.3 -5.2 5922	
-1.7 -1.6 -5.7 -5.6 6223	
-1.7 -1.6 -6.8 -6.7 4680	
-1.7 -1.6 -7.9 -7.8 1097	
-1.7 -1.6 -8.5 -8.4 315	
-1.7 -1.6 -9.6 -9.5 12	
-1.7 -1.6 0.4 0.5 9181	
-1.7 -1.6 1.0 1.1 7855	
-1.7 -1.6 1.7 1.8 9408	
-1.7 -1.6 2.3 2.4 13408	
-1.7 -1.6 3.6 3.7 13099	
-1.7 -1.6 3.9 4.0 10620	
-1.7 -1.6 4.2 4.3 8671	
-1.7 -1.6 5.3 5.4 5944	
-1.7 -1.6 6.6 6.7 5023	
-1.7 -1.6 6.9 7.0 3784	
-1.7 -1.6 7.2 7.3 2789	
-1.7 -1.6 8.5 8.6 254	
-1.7 -1.6 9.1 9.2 39	
-1.7 -1.6 9.8 9.9 9	
-1.8 -1.7 -0.1 0.0 11332	
-1.8 -1.7 -0.6 -0.5 10293	
-1.8 -1.7 -1.2 -1.1 8439	
-1.8 -1.7 -1.7 -1.6 9354	
-1.8 -1.7 -10.3 -10.2 1	
-1.8 -1.7 -2.0 -1.9 11099	
-1.8 -1.7 -2.3 -2.2 13012	
-1.8 -1.7 -3.4 -3.3 15433	
-1.8 -1.7 -3.8 -3.7 12573	
-1.8 -1.7 -4.9 -4.8 5653	
-1.8 -1.7 -5.1 -5.0 5288	
-1.8 -1.7 -5.5 -5.4 5166	
-1.8 -1.7 -6.6 -6.5 4467	
-1.8 -1.7 -7.2 -7.1 2652	
-1.8 -1.7 -8.0 -7.9 775	
-1.8 -1.7 -8.3 -8.2 435	
-1.8 -1.7 -9.4 -9.3 19	
-1.8 -1.7 -9.8 -9.7 9	
-1.8 -1.7 0.4 0.5 10432	
-1.8 -1.7 1.0 1.1 8655	
-1.8 -1.7 1.7 1.8 9741	
-1.8 -1.7 2.3 2.4 14021	
-1.8 -1.7 3.4 3.5 14808	
-1.8 -1.7 4.0 4.1 9917	
-1.8 -1.7 4.7 4.8 5832	
-1.8 -1.7 5.3 5.4 5170	
-1.8 -1.7 6.6 6.7 4147	
-1.8 -1.7 6.9 7.0 3272	
-1.8 -1.7 7.2 7.3 2427	
-1.8 -1.7 8.3 8.4 351	
-1.8 -1.7 9.6 9.7 10	
-1.8 -1.7 9.9 10.0 3	
-1.9 -1.8 -0.4 -0.3 11895	
-1.9 -1.8 -0.8 -0.7 10656	
-1.9 -1.8 -1.9 -1.8 10830	
-1.9 -1.8 -10.0 -9.9 3	
-1.9 -1.8 -2.1 -2.0 11906	
-1.9 -1.8 -3.6 -3.5 14625	
-1.9 -1.8 -4.7 -4.6 5948	
-1.9 -1.8 -5.0 -4.9 4951	
-1.9 -1.8 -5.3 -5.2 4700	
-1.9 -1.8 -6.4 -6.3 4174	
-1.9 -1.8 -6.8 -6.7 3264	
-1.9 -1.8 -7.9 -7.8 804	
-1.9 -1.8 -8.1 -8.0 535	
-1.9 -1.8 -9.6 -9.5 7	
-1.9 -1.8 0.4 0.5 12023	
-1.9 -1.8 1.5 1.6 9724	
-1.9 -1.8 2.1 2.2 12942	
-1.9 -1.8 2.8 2.9 16572	
-1.9 -1.8 3.4 3.5 15438	
-1.9 -1.8 4.0 4.1 10386	
-1.9 -1.8 4.7 4.8 5609	
-1.9 -1.8 5.3 5.4 4500	
-1.9 -1.8 6.4 6.5 3930	
-1.9 -1.8 7.0 7.1 2503	
-1.9 -1.8 7.7 7.8 925	
-1.9 -1.8 8.3 8.4 297	
-1.9 -1.8 9.6 9.7 8	
-10.0 -9.9 -0.8 -0.7 8	
-10.0 -9.9 -1.9 -1.8 3	
-10.0 -9.9 0.0 0.1 8	
-10.0 -9.9 0.7 0.8 5	
-10.0 -9.9 1.1 1.2 4	
-10.1 -10.0 -0.8 -0.7 6	
-10.1 -10.0 0.4 0.5 6	
-10.1 -10.0 1.7 1.8 2	
-10.1 -10.0 2.1 2.2 1	
-10.1 -10.0 2.8 2.9 1	
-10.2 -10.1 -0.6 -0.5 3	
-10.2 -10.1 -1.2 -1.1 5	
-10.2 -10.1 0.0 0.1 7	
-10.2 -10.1 0.7 0.8 5	
-10.2 -10.1 1.3 1.4 1	
-10.3 -10.2 -0.4 -0.3 3	
-10.3 -10.2 -1.9 -1.8 2	
-10.3 -10.2 -2.1 -2.0 1	
-10.3 -10.2 0.5 0.6 2	
-10.3 -10.2 1.1 1.2 2	
-10.4 -10.3 -0.6 -0.5 3	
-10.4 -10.3 -1.2 -1.1 2	
-10.4 -10.3 -2.0 -1.9 1	
-10.4 -10.3 0.3 0.4 2	
-10.5 -10.4 -0.4 -0.3 1	
-10.5 -10.4 -0.8 -0.7 1	
-10.5 -10.4 0.6 0.7 1	
-10.5 -10.4 0.9 1.0 2	
-10.7 -10.6 0.2 0.3 1	
-2.0 -1.9 -0.4 -0.3 13627	
-2.0 -1.9 -0.8 -0.7 11700	
-2.0 -1.9 -1.9 -1.8 11534	
-2.0 -1.9 -10.0 -9.9 1	
-2.0 -1.9 -2.1 -2.0 12726	
-2.0 -1.9 -3.6 -3.5 15135	
-2.0 -1.9 -4.7 -4.6 5851	
-2.0 -1.9 -5.0 -4.9 4611	
-2.0 -1.9 -5.3 -5.2 4151	
-2.0 -1.9 -6.4 -6.3 3360	
-2.0 -1.9 -6.8 -6.7 2742	
-2.0 -1.9 -7.9 -7.8 604	
-2.0 -1.9 -8.1 -8.0 449	
-2.0 -1.9 -9.6 -9.5 8	
-2.0 -1.9 0.2 0.3 13864	
-2.0 -1.9 1.5 1.6 10433	
-2.0 -1.9 10.0 10.1 1	
-2.0 -1.9 2.6 2.7 16742	
-2.0 -1.9 2.9 3.0 17279	
-2.0 -1.9 3.2 3.3 16929	
-2.0 -1.9 4.5 4.6 6461	
-2.0 -1.9 5.1 5.2 4345	
-2.0 -1.9 5.8 5.9 3931	
-2.0 -1.9 6.4 6.5 3294	
-2.0 -1.9 7.5 7.6 1030	
-2.0 -1.9 7.7 7.8 754	
-2.0 -1.9 8.1 8.2 361	
-2.0 -1.9 8.8 8.9 71	
-2.0 -1.9 9.4 9.5 8	
-2.1 -2.0 -0.6 -0.5 14151	
-2.1 -2.0 -1.2 -1.1 11110	
-2.1 -2.0 -2.3 -2.2 14678	
-2.1 -2.0 -2.7 -2.6 17417	
-2.1 -2.0 -3.0 -2.9 18390	
-2.1 -2.0 -3.8 -3.7 13853	
-2.1 -2.0 -4.4 -4.3 7912	
-2.1 -2.0 -5.5 -5.4 3460	
-2.1 -2.0 -6.1 -6.0 3102	
-2.1 -2.0 -7.2 -7.1 1446	
-2.1 -2.0 -8.3 -8.2 264	
-2.1 -2.0 -8.7 -8.6 85	
-2.1 -2.0 -9.0 -8.9 42	
-2.1 -2.0 -9.8 -9.7 2	
-2.1 -2.0 0.2 0.3 15359	
-2.1 -2.0 1.5 1.6 10895	
-2.1 -2.0 2.1 2.2 14317	
-2.1 -2.0 2.8 2.9 18104	
-2.1 -2.0 3.4 3.5 16503	
-2.1 -2.0 4.0 4.1 10886	
-2.1 -2.0 4.7 4.8 5220	
-2.1 -2.0 5.1 5.2 3892	
-2.1 -2.0 5.8 5.9 3178	
-2.1 -2.0 6.4 6.5 2615	
-2.1 -2.0 7.0 7.1 1623	
-2.1 -2.0 7.7 7.8 612	
-2.1 -2.0 8.3 8.4 204	
-2.1 -2.0 9.6 9.7 5	
-2.2 -2.1 -0.8 -0.7 13926	
-2.2 -2.1 -1.9 -1.8 12876	
-2.2 -2.1 -10.0 -9.9 3	
-2.2 -2.1 -2.5 -2.4 17064	
-2.2 -2.1 -3.6 -3.5 16425	
-2.2 -2.1 -4.2 -4.1 10262	
-2.2 -2.1 -5.0 -4.9 4202	
-2.2 -2.1 -5.3 -5.2 3369	
-2.2 -2.1 -5.7 -5.6 2810	
-2.2 -2.1 -6.8 -6.7 1834	
-2.2 -2.1 -7.4 -7.3 933	
-2.2 -2.1 -7.9 -7.8 435	
-2.2 -2.1 -8.5 -8.4 123	
-2.2 -2.1 -9.6 -9.5 7	
-2.2 -2.1 0.2 0.3 16726	
-2.2 -2.1 1.5 1.6 11707	
-2.2 -2.1 10.4 10.5 1	
-2.2 -2.1 2.1 2.2 14976	
-2.2 -2.1 2.8 2.9 18901	
-2.2 -2.1 3.2 3.3 18621	
-2.2 -2.1 4.5 4.6 6618	
-2.2 -2.1 5.1 5.2 3585	
-2.2 -2.1 5.8 5.9 2692	
-2.2 -2.1 6.4 6.5 2140	
-2.2 -2.1 7.0 7.1 1384	
-2.2 -2.1 7.7 7.8 517	
-2.2 -2.1 8.1 8.2 219	
-2.2 -2.1 9.4 9.5 6	
-2.3 -2.2 -0.1 0.0 18413	
-2.3 -2.2 -0.6 -0.5 16762	
-2.3 -2.2 -1.2 -1.1 12921	
-2.3 -2.2 -2.0 -1.9 14171	
-2.3 -2.2 -2.3 -2.2 16564	
-2.3 -2.2 -3.4 -3.3 18876	
-2.3 -2.2 -3.8 -3.7 14899	
-2.3 -2.2 -4.9 -4.8 4627	
-2.3 -2.2 -5.1 -5.0 3698	
-2.3 -2.2 -5.5 -5.4 2603	
-2.3 -2.2 -6.6 -6.5 1691	
-2.3 -2.2 -7.2 -7.1 1014	
-2.3 -2.2 -8.0 -7.9 295	
-2.3 -2.2 -8.3 -8.2 152	
-2.3 -2.2 0.2 0.3 18111	
-2.3 -2.2 1.3 1.4 12566	
-2.3 -2.2 2.6 2.7 19220	
-2.3 -2.2 2.9 3.0 20225	
-2.3 -2.2 3.2 3.3 19328	
-2.3 -2.2 4.5 4.6 6768	
-2.3 -2.2 5.1 5.2 3298	
-2.3 -2.2 5.8 5.9 2228	
-2.3 -2.2 6.2 6.3 1904	
-2.3 -2.2 7.5 7.6 561	
-2.3 -2.2 8.1 8.2 189	
-2.3 -2.2 8.8 8.9 22	
-2.3 -2.2 9.4 9.5 4	
-2.3 -2.2 9.9 10.0 1	
-2.4 -2.3 -0.4 -0.3 18908	
-2.4 -2.3 -0.8 -0.7 16266	
-2.4 -2.3 -1.9 -1.8 14261	
-2.4 -2.3 -2.1 -2.0 15663	
-2.4 -2.3 -2.5 -2.4 18992	
-2.4 -2.3 -3.6 -3.5 17721	
-2.4 -2.3 -4.7 -4.6 5913	
-2.4 -2.3 -5.0 -4.9 4008	
-2.4 -2.3 -5.3 -5.2 2739	
-2.4 -2.3 -6.4 -6.3 1487	
-2.4 -2.3 -6.8 -6.7 1148	
-2.4 -2.3 -7.9 -7.8 280	
-2.4 -2.3 -8.1 -8.0 189	
-2.4 -2.3 -8.5 -8.4 77	
-2.4 -2.3 -9.6 -9.5 2	
-2.4 -2.3 0.0 0.1 19870	
-2.4 -2.3 0.7 0.8 16157	
-2.4 -2.3 1.3 1.4 13124	
-2.4 -2.3 2.6 2.7 20271	
-2.4 -2.3 2.9 3.0 21073	
-2.4 -2.3 3.2 3.3 20187	
-2.4 -2.3 4.3 4.4 8722	
-2.4 -2.3 5.6 5.7 2033	
-2.4 -2.3 5.9 6.0 1738	
-2.4 -2.3 6.2 6.3 1549	
-2.4 -2.3 7.5 7.6 453	
-2.4 -2.3 8.1 8.2 160	
-2.4 -2.3 8.8 8.9 20	
-2.4 -2.3 9.2 9.3 10	
-2.4 -2.3 9.4 9.5 6	
-2.5 -2.4 -0.2 -0.1 20889	
-2.5 -2.4 -0.6 -0.5 18813	
-2.5 -2.4 -1.7 -1.6 13839	
-2.5 -2.4 -2.0 -1.9 15598	
-2.5 -2.4 -2.3 -2.2 17948	
-2.5 -2.4 -3.4 -3.3 20652	
-2.5 -2.4 -4.9 -4.8 4646	
-2.5 -2.4 -5.1 -5.0 3365	
-2.5 -2.4 -6.2 -6.1 1305	
-2.5 -2.4 -6.6 -6.5 1038	
-2.5 -2.4 -7.7 -7.6 328	
-2.5 -2.4 -8.0 -7.9 185	
-2.5 -2.4 -8.3 -8.2 81	
-2.5 -2.4 -9.4 -9.3 6	
-2.5 -2.4 0.0 0.1 20989	
-2.5 -2.4 0.7 0.8 17237	
-2.5 -2.4 1.3 1.4 13798	
-2.5 -2.4 2.4 2.5 19973	
-2.5 -2.4 3.0 3.1 21759	
-2.5 -2.4 3.7 3.8 16542	
-2.5 -2.4 4.3 4.4 8925	
-2.5 -2.4 5.6 5.7 1726	
-2.5 -2.4 5.9 6.0 1431	
-2.5 -2.4 6.2 6.3 1284	
-2.5 -2.4 7.3 7.4 498	
-2.5 -2.4 7.5 7.6 349	
-2.5 -2.4 8.6 8.7 38	
-2.5 -2.4 8.9 9.0 23	
-2.5 -2.4 9.2 9.3 8	
-2.6 -2.5 -0.4 -0.3 21126	
-2.6 -2.5 -1.5 -1.4 14207	
-2.6 -2.5 -1.9 -1.8 15703	
-2.6 -2.5 -2.1 -2.0 16925	
-2.6 -2.5 -3.2 -3.1 22473	
-2.6 -2.5 -3.6 -3.5 19502	
-2.6 -2.5 -4.7 -4.6 6234	
-2.6 -2.5 -5.0 -4.9 3962	
-2.6 -2.5 -5.8 -5.7 1410	
-2.6 -2.5 -6.4 -6.3 976	
-2.6 -2.5 -7.5 -7.4 310	
-2.6 -2.5 -7.9 -7.8 193	
-2.6 -2.5 -8.1 -8.0 89	
-2.6 -2.5 -9.2 -9.1 4	
-2.6 -2.5 -9.6 -9.5 4	
-2.6 -2.5 0.5 0.6 19485	
-2.6 -2.5 1.1 1.2 15065	
-2.6 -2.5 1.8 1.9 15505	
-2.6 -2.5 10.0 10.1 1	
-2.6 -2.5 2.4 2.5 20335	
-2.6 -2.5 3.0 3.1 22602	
-2.6 -2.5 3.7 3.8 17062	
-2.6 -2.5 4.3 4.4 9181	
-2.6 -2.5 5.4 5.5 1905	
-2.6 -2.5 5.6 5.7 1523	
-2.6 -2.5 5.9 6.0 1185	
-2.6 -2.5 6.0 6.1 1211	
-2.6 -2.5 6.7 6.8 704	
-2.6 -2.5 7.3 7.4 372	
-2.6 -2.5 8.6 8.7 25	
-2.6 -2.5 8.9 9.0 15	
-2.6 -2.5 9.2 9.3 4	
-2.7 -2.6 -0.2 -0.1 22962	
-2.7 -2.6 -1.3 -1.2 15255	
-2.7 -2.6 -1.7 -1.6 15157	
-2.7 -2.6 -2.0 -1.9 16853	
-2.7 -2.6 -2.8 -2.7 23031	
-2.7 -2.6 -3.4 -3.3 21731	
-2.7 -2.6 -4.5 -4.4 8369	
-2.7 -2.6 -5.1 -5.0 3357	
-2.7 -2.6 -6.2 -6.1 865	
-2.7 -2.6 -7.3 -7.2 336	
-2.7 -2.6 -7.7 -7.6 196	
-2.7 -2.6 -8.0 -7.9 115	
-2.7 -2.6 -8.8 -8.7 11	
-2.7 -2.6 0.5 0.6 20627	
-2.7 -2.6 1.1 1.2 15822	
-2.7 -2.6 1.8 1.9 16011	
-2.7 -2.6 2.4 2.5 20700	
-2.7 -2.6 3.5 3.6 19794	
-2.7 -2.6 3.7 3.8 17627	
-2.7 -2.6 4.1 4.2 12235	
-2.7 -2.6 4.8 4.9 4472	
-2.7 -2.6 5.4 5.5 1810	
-2.7 -2.6 6.0 6.1 876	
-2.7 -2.6 6.7 6.8 546	
-2.7 -2.6 7.3 7.4 298	
-2.7 -2.6 8.6 8.7 23	
-2.7 -2.6 8.9 9.0 13	
-2.7 -2.6 9.0 9.1 8	
-2.8 -2.7 -0.9 -0.8 18467	
-2.8 -2.7 -1.5 -1.4 15122	
-2.8 -2.7 -2.6 -2.5 22237	
-2.8 -2.7 -3.2 -3.1 23653	
-2.8 -2.7 -4.3 -4.2 10815	
-2.8 -2.7 -4.7 -4.6 6242	
-2.8 -2.7 -5.8 -5.7 1035	
-2.8 -2.7 -6.4 -6.3 632	
-2.8 -2.7 -6.9 -6.8 390	
-2.8 -2.7 -7.5 -7.4 203	
-2.8 -2.7 -8.6 -8.5 27	
-2.8 -2.7 -9.2 -9.1 1	
-2.8 -2.7 0.5 0.6 21249	
-2.8 -2.7 1.6 1.7 15633	
-2.8 -2.7 1.8 1.9 16489	
-2.8 -2.7 10.0 10.1 1	
-2.8 -2.7 2.2 2.3 19765	
-2.8 -2.7 3.5 3.6 20340	
-2.8 -2.7 4.1 4.2 12412	
-2.8 -2.7 4.8 4.9 4615	
-2.8 -2.7 5.4 5.5 1636	
-2.8 -2.7 6.7 6.8 453	
-2.8 -2.7 7.1 7.2 272	
-2.8 -2.7 7.8 7.9 82	
-2.8 -2.7 8.4 8.5 18	
-2.8 -2.7 9.0 9.1 3	
-2.9 -2.8 -0.2 -0.1 24425	
-2.9 -2.8 -1.0 -0.9 18042	
-2.9 -2.8 -1.3 -1.2 16053	
-2.9 -2.8 -2.4 -2.3 20820	
-2.9 -2.8 -2.8 -2.7 23758	
-2.9 -2.8 -3.9 -3.8 16739	
-2.9 -2.8 -4.1 -4.0 13972	
-2.9 -2.8 -4.5 -4.4 8668	
-2.9 -2.8 -5.6 -5.5 1319	
-2.9 -2.8 -6.2 -6.1 560	
-2.9 -2.8 -7.0 -6.9 285	
-2.9 -2.8 -7.3 -7.2 181	
-2.9 -2.8 -8.8 -8.7 8	
-2.9 -2.8 0.3 0.4 23517	
-2.9 -2.8 1.6 1.7 16052	
-2.9 -2.8 1.9 2.0 17344	
-2.9 -2.8 2.2 2.3 19993	
-2.9 -2.8 3.5 3.6 20730	
-2.9 -2.8 4.8 4.9 4693	
-2.9 -2.8 5.2 5.3 2128	
-2.9 -2.8 6.5 6.6 392	
-2.9 -2.8 7.1 7.2 236	
-2.9 -2.8 7.8 7.9 70	
-2.9 -2.8 8.4 8.5 19	
-3.0 -2.9 -0.2 -0.1 24225	
-3.0 -2.9 -1.0 -0.9 18439	
-3.0 -2.9 -1.3 -1.2 16222	
-3.0 -2.9 -2.4 -2.3 20869	
-3.0 -2.9 -2.8 -2.7 23787	
-3.0 -2.9 -3.9 -3.8 16756	
-3.0 -2.9 -4.1 -4.0 13943	
-3.0 -2.9 -4.5 -4.4 8563	
-3.0 -2.9 -5.6 -5.5 1183	
-3.0 -2.9 -6.2 -6.1 446	
-3.0 -2.9 -7.0 -6.9 228	
-3.0 -2.9 -7.3 -7.2 158	
-3.0 -2.9 -8.8 -8.7 6	
-3.0 -2.9 0.1 0.2 24441	
-3.0 -2.9 1.4 1.5 15657	
-3.0 -2.9 2.0 2.1 18278	
-3.0 -2.9 2.7 2.8 23749	
-3.0 -2.9 3.3 3.4 22655	
-3.0 -2.9 4.6 4.7 6325	
-3.0 -2.9 4.9 5.0 3793	
-3.0 -2.9 5.0 5.1 3212	
-3.0 -2.9 5.2 5.3 2233	
-3.0 -2.9 6.3 6.4 394	
-3.0 -2.9 7.6 7.7 76	
-3.0 -2.9 7.9 8.0 42	
-3.0 -2.9 8.2 8.3 24	
-3.1 -3.0 -0.4 -0.3 23456	
-3.1 -3.0 -1.5 -1.4 15518	
-3.1 -3.0 -1.9 -1.8 16834	
-3.1 -3.0 -2.1 -2.0 18315	
-3.1 -3.0 -3.2 -3.1 23838	
-3.1 -3.0 -3.6 -3.5 20693	
-3.1 -3.0 -4.7 -4.6 6246	
-3.1 -3.0 -5.0 -4.9 3712	
-3.1 -3.0 -5.3 -5.2 2062	
-3.1 -3.0 -6.4 -6.3 289	
-3.1 -3.0 -7.5 -7.4 86	
-3.1 -3.0 -7.9 -7.8 27	
-3.1 -3.0 -8.1 -8.0 26	
-3.1 -3.0 -9.2 -9.1 1	
-3.1 -3.0 0.3 0.4 23699	
-3.1 -3.0 1.6 1.7 16033	
-3.1 -3.0 1.9 2.0 17516	
-3.1 -3.0 2.2 2.3 19930	
-3.1 -3.0 3.3 3.4 22674	
-3.1 -3.0 3.5 3.6 20761	
-3.1 -3.0 4.6 4.7 6257	
-3.1 -3.0 4.9 5.0 3740	
-3.1 -3.0 5.2 5.3 2044	
-3.1 -3.0 6.5 6.6 247	
-3.1 -3.0 7.1 7.2 147	
-3.1 -3.0 7.8 7.9 40	
-3.1 -3.0 8.4 8.5 12	
-3.1 -3.0 9.5 9.6 1	
-3.2 -3.1 -0.2 -0.1 24166	
-3.2 -3.1 -1.7 -1.6 15737	
-3.2 -3.1 -2.0 -1.9 17293	
-3.2 -3.1 -2.8 -2.7 23500	
-3.2 -3.1 -3.4 -3.3 22537	
-3.2 -3.1 -4.5 -4.4 8194	
-3.2 -3.1 -4.9 -4.8 4383	
-3.2 -3.1 -5.1 -5.0 3048	
-3.2 -3.1 -6.2 -6.1 323	
-3.2 -3.1 -7.7 -7.6 34	
-3.2 -3.1 -8.0 -7.9 27	
-3.2 -3.1 -8.8 -8.7 4	
-3.2 -3.1 0.3 0.4 23309	
-3.2 -3.1 1.4 1.5 15479	
-3.2 -3.1 1.6 1.7 15788	
-3.2 -3.1 1.9 2.0 16902	
-3.2 -3.1 2.0 2.1 17904	
-3.2 -3.1 2.7 2.8 23532	
-3.2 -3.1 3.3 3.4 22205	
-3.2 -3.1 4.6 4.7 6040	
-3.2 -3.1 4.9 5.0 3616	
-3.2 -3.1 5.2 5.3 2020	
-3.2 -3.1 6.5 6.6 209	
-3.2 -3.1 7.6 7.7 34	
-3.2 -3.1 7.9 8.0 26	
-3.2 -3.1 8.2 8.3 10	
-3.3 -3.2 -0.4 -0.3 23128	
-3.3 -3.2 -1.5 -1.4 15409	
-3.3 -3.2 -2.6 -2.5 21843	
-3.3 -3.2 -3.2 -3.1 23118	
-3.3 -3.2 -4.3 -4.2 10830	
-3.3 -3.2 -4.7 -4.6 5967	
-3.3 -3.2 -5.8 -5.7 635	
-3.3 -3.2 -6.4 -6.3 206	
-3.3 -3.2 -7.5 -7.4 48	
-3.3 -3.2 -8.1 -8.0 12	
-3.3 -3.2 -8.6 -8.5 4	
-3.3 -3.2 0.1 0.2 23971	
-3.3 -3.2 0.8 0.9 18746	
-3.3 -3.2 1.4 1.5 15253	
-3.3 -3.2 2.0 2.1 17819	
-3.3 -3.2 2.7 2.8 23215	
-3.3 -3.2 3.3 3.4 21755	
-3.3 -3.2 4.6 4.7 6014	
-3.3 -3.2 4.9 5.0 3551	
-3.3 -3.2 5.0 5.1 2934	
-3.3 -3.2 5.7 5.8 624	
-3.3 -3.2 6.3 6.4 203	
-3.3 -3.2 7.6 7.7 39	
-3.3 -3.2 7.9 8.0 13	
-3.3 -3.2 8.2 8.3 13	
-3.4 -3.3 -0.2 -0.1 23524	
-3.4 -3.3 -1.0 -0.9 17521	
-3.4 -3.3 -1.3 -1.2 15362	
-3.4 -3.3 -2.8 -2.7 22435	
-3.4 -3.3 -3.9 -3.8 15574	
-3.4 -3.3 -4.1 -4.0 12859	
-3.4 -3.3 -4.5 -4.4 8014	
-3.4 -3.3 -5.6 -5.5 948	
-3.4 -3.3 -6.2 -6.1 257	
-3.4 -3.3 -7.0 -6.9 60	
-3.4 -3.3 -7.3 -7.2 40	
-3.4 -3.3 -7.7 -7.6 28	
-3.4 -3.3 -8.8 -8.7 1	
-3.4 -3.3 0.1 0.2 23378	
-3.4 -3.3 0.8 0.9 18148	
-3.4 -3.3 1.4 1.5 14713	
-3.4 -3.3 2.7 2.8 22497	
-3.4 -3.3 3.1 3.2 22456	
-3.4 -3.3 3.8 3.9 15986	
-3.4 -3.3 4.4 4.5 7882	
-3.4 -3.3 5.0 5.1 2832	
-3.4 -3.3 5.7 5.8 594	
-3.4 -3.3 6.3 6.4 160	
-3.4 -3.3 7.6 7.7 17	
-3.4 -3.3 7.9 8.0 11	
-3.4 -3.3 8.0 8.1 12	
-3.4 -3.3 8.7 8.8 3	
-3.5 -3.4 -0.9 -0.8 17825	
-3.5 -3.4 -1.1 -1.0 16155	
-3.5 -3.4 -1.5 -1.4 14442	
-3.5 -3.4 -2.6 -2.5 20540	
-3.5 -3.4 -3.2 -3.1 21909	
-3.5 -3.4 -3.7 -3.6 17427	
-3.5 -3.4 -4.0 -3.9 13867	
-3.5 -3.4 -4.3 -4.2 9975	
-3.5 -3.4 -5.4 -5.3 1434	
-3.5 -3.4 -5.8 -5.7 564	
-3.5 -3.4 -6.9 -6.8 49	
-3.5 -3.4 -7.1 -7.0 57	
-3.5 -3.4 -7.5 -7.4 24	
-3.5 -3.4 -8.6 -8.5 3	
-3.5 -3.4 0.8 0.9 17623	
-3.5 -3.4 1.2 1.3 14780	
-3.5 -3.4 2.5 2.6 20472	
-3.5 -3.4 3.1 3.2 21701	
-3.5 -3.4 3.8 3.9 15114	
-3.5 -3.4 4.4 4.5 7602	
-3.5 -3.4 5.0 5.1 2647	
-3.5 -3.4 5.7 5.8 544	
-3.5 -3.4 6.1 6.2 189	
-3.5 -3.4 6.8 6.9 60	
-3.5 -3.4 7.4 7.5 32	
-3.5 -3.4 8.0 8.1 5	
-3.5 -3.4 8.7 8.8 1	
-3.6 -3.5 -0.7 -0.6 18834	
-3.6 -3.5 -1.0 -0.9 16143	
-3.6 -3.5 -1.3 -1.2 14450	
-3.6 -3.5 -2.4 -2.3 18013	
-3.6 -3.5 -2.8 -2.7 20381	
-3.6 -3.5 -3.9 -3.8 14455	
-3.6 -3.5 -4.1 -4.0 11892	
-3.6 -3.5 -5.6 -5.5 843	
-3.6 -3.5 -6.7 -6.6 61	
-3.6 -3.5 -7.0 -6.9 33	
-3.6 -3.5 -7.3 -7.2 20	
-3.6 -3.5 -8.4 -8.3 2	
-3.6 -3.5 -8.8 -8.7 1	
-3.6 -3.5 0.6 0.7 18963	
-3.6 -3.5 0.9 1.0 16348	
-3.6 -3.5 1.2 1.3 14444	
-3.6 -3.5 2.5 2.6 19227	
-3.6 -3.5 3.1 3.2 20639	
-3.6 -3.5 3.8 3.9 14301	
-3.6 -3.5 4.2 4.3 9391	
-3.6 -3.5 5.5 5.6 832	
-3.6 -3.5 6.1 6.2 182	
-3.6 -3.5 6.8 6.9 48	
-3.6 -3.5 7.4 7.5 14	
-3.6 -3.5 8.0 8.1 6	
-3.6 -3.5 8.7 8.8 1	
-3.7 -3.6 -0.5 -0.4 19393	
-3.7 -3.6 -0.9 -0.8 16337	
-3.7 -3.6 -1.1 -1.0 14784	
-3.7 -3.6 -2.2 -2.1 15645	
-3.7 -3.6 -2.6 -2.5 18432	
-3.7 -3.6 -3.7 -3.6 15684	
-3.7 -3.6 -4.0 -3.9 12376	
-3.7 -3.6 -4.3 -4.2 8742	
-3.7 -3.6 -5.4 -5.3 1159	
-3.7 -3.6 -6.5 -6.4 63	
-3.7 -3.6 -6.9 -6.8 30	
-3.7 -3.6 -7.1 -7.0 26	
-3.7 -3.6 -8.2 -8.1 3	
-3.7 -3.6 -8.6 -8.5 2	
-3.7 -3.6 -9.7 -9.6 1	
-3.7 -3.6 0.6 0.7 18121	
-3.7 -3.6 0.9 1.0 15689	
-3.7 -3.6 1.0 1.1 15172	
-3.7 -3.6 1.2 1.3 13684	
-3.7 -3.6 2.3 2.4 16970	
-3.7 -3.6 3.6 3.7 15651	
-3.7 -3.6 3.9 4.0 12252	
-3.7 -3.6 4.2 4.3 8716	
-3.7 -3.6 5.5 5.6 771	
-3.7 -3.6 6.1 6.2 150	
-3.7 -3.6 6.8 6.9 35	
-3.7 -3.6 7.2 7.3 27	
-3.7 -3.6 8.5 8.6 2	
-3.8 -3.7 -0.7 -0.6 17422	
-3.8 -3.7 -1.0 -0.9 14944	
-3.8 -3.7 -1.8 -1.7 12740	
-3.8 -3.7 -2.4 -2.3 15897	
-3.8 -3.7 -3.5 -3.4 16527	
-3.8 -3.7 -3.9 -3.8 12617	
-3.8 -3.7 -4.1 -4.0 10565	
-3.8 -3.7 -5.2 -5.1 1833	
-3.8 -3.7 -5.6 -5.5 701	
-3.8 -3.7 -6.7 -6.6 37	
-3.8 -3.7 -7.0 -6.9 14	
-3.8 -3.7 -7.8 -7.7 1	
-3.8 -3.7 -8.4 -8.3 1	
-3.8 -3.7 0.4 0.5 18685	
-3.8 -3.7 1.0 1.1 14295	
-3.8 -3.7 1.7 1.8 12704	
-3.8 -3.7 2.3 2.4 15864	
-3.8 -3.7 3.6 3.7 14568	
-3.8 -3.7 3.9 4.0 11534	
-3.8 -3.7 4.2 4.3 8124	
-3.8 -3.7 5.3 5.4 1142	
-3.8 -3.7 6.6 6.7 28	
-3.8 -3.7 6.9 7.0 17	
-3.8 -3.7 7.2 7.3 11	
-3.8 -3.7 8.5 8.6 1	
-3.9 -3.8 -0.1 0.0 19237	
-3.9 -3.8 -0.5 -0.4 17890	
-3.9 -3.8 -1.1 -1.0 13476	
-3.9 -3.8 -1.6 -1.5 11547	
-3.9 -3.8 -2.2 -2.1 13643	
-3.9 -3.8 -3.3 -3.2 16234	
-3.9 -3.8 -3.7 -3.6 13464	
-3.9 -3.8 -4.8 -4.7 3639	
-3.9 -3.8 -5.4 -5.3 1058	
-3.9 -3.8 -6.5 -6.4 63	
-3.9 -3.8 -7.1 -7.0 9	
-3.9 -3.8 -7.6 -7.5 5	
-3.9 -3.8 0.4 0.5 17734	
-3.9 -3.8 1.0 1.1 13328	
-3.9 -3.8 1.7 1.8 11662	
-3.9 -3.8 2.3 2.4 14520	
-3.9 -3.8 3.4 3.5 15191	
-3.9 -3.8 4.0 4.1 9636	
-3.9 -3.8 4.7 4.8 3574	
-3.9 -3.8 5.3 5.4 1137	
-3.9 -3.8 6.6 6.7 37	
-3.9 -3.8 6.9 7.0 22	
-3.9 -3.8 7.2 7.3 7	
-3.9 -3.8 8.3 8.4 2	
-4.0 -3.9 -0.5 -0.4 17054	
-4.0 -3.9 -1.1 -1.0 12532	
-4.0 -3.9 -1.6 -1.5 10720	
-4.0 -3.9 -2.2 -2.1 12606	
-4.0 -3.9 -3.3 -3.2 14940	
-4.0 -3.9 -3.7 -3.6 12175	
-4.0 -3.9 -4.8 -4.7 3374	
-4.0 -3.9 -5.4 -5.3 997	
-4.0 -3.9 -6.5 -6.4 46	
-4.0 -3.9 -7.1 -7.0 7	
-4.0 -3.9 -7.6 -7.5 5	
-4.0 -3.9 -8.2 -8.1 1	
-4.0 -3.9 0.2 0.3 18261	
-4.0 -3.9 1.5 1.6 10751	
-4.0 -3.9 2.1 2.2 12407	
-4.0 -3.9 2.8 2.9 15569	
-4.0 -3.9 3.4 3.5 13747	
-4.0 -3.9 4.5 4.6 4409	
-4.0 -3.9 5.1 5.2 1509	
-4.0 -3.9 5.8 5.9 260	
-4.0 -3.9 6.4 6.5 47	
-4.0 -3.9 7.0 7.1 12	
-4.0 -3.9 7.7 7.8 2	
-4.1 -4.0 -0.7 -0.6 14751	
-4.1 -4.0 -1.0 -0.9 12801	
-4.1 -4.0 -1.3 -1.2 10918	
-4.1 -4.0 -2.4 -2.3 12188	
-4.1 -4.0 -2.8 -2.7 13874	
-4.1 -4.0 -3.9 -3.8 9575	
-4.1 -4.0 -4.1 -4.0 8035	
-4.1 -4.0 -4.5 -4.4 4823	
-4.1 -4.0 -5.6 -5.5 538	
-4.1 -4.0 -6.7 -6.6 26	
-4.1 -4.0 -7.0 -6.9 14	
-4.1 -4.0 -7.3 -7.2 3	
-4.1 -4.0 0.4 0.5 16369	
-4.1 -4.0 1.0 1.1 12203	
-4.1 -4.0 1.7 1.8 10057	
-4.1 -4.0 2.1 2.2 11318	
-4.1 -4.0 2.8 2.9 13974	
-4.1 -4.0 3.4 3.5 12520	
-4.1 -4.0 4.0 4.1 7929	
-4.1 -4.0 4.7 4.8 3006	
-4.1 -4.0 5.3 5.4 851	
-4.1 -4.0 6.6 6.7 19	
-4.1 -4.0 6.9 7.0 7	
-4.1 -4.0 7.0 7.1 2	
-4.1 -4.0 7.7 7.8 1	
-4.1 -4.0 8.3 8.4 2	
-4.2 -4.1 -0.5 -0.4 15627	
-4.2 -4.1 -0.9 -0.8 12808	
-4.2 -4.1 -1.1 -1.0 11379	
-4.2 -4.1 -2.2 -2.1 10216	
-4.2 -4.1 -2.6 -2.5 11696	
-4.2 -4.1 -3.7 -3.6 9983	
-4.2 -4.1 -4.0 -3.9 7836	
-4.2 -4.1 -4.3 -4.2 5706	
-4.2 -4.1 -5.4 -5.3 700	
-4.2 -4.1 -6.9 -6.8 11	
-4.2 -4.1 -7.1 -7.0 6	
-4.2 -4.1 -8.2 -8.1 1	
-4.2 -4.1 0.2 0.3 16488	
-4.2 -4.1 1.5 1.6 9366	
-4.2 -4.1 2.1 2.2 10233	
-4.2 -4.1 2.8 2.9 12631	
-4.2 -4.1 3.4 3.5 11002	
-4.2 -4.1 4.0 4.1 6951	
-4.2 -4.1 4.7 4.8 2683	
-4.2 -4.1 5.1 5.2 1243	
-4.2 -4.1 5.8 5.9 231	
-4.2 -4.1 6.4 6.5 36	
-4.2 -4.1 7.0 7.1 5	
-4.2 -4.1 7.7 7.8 2	
-4.3 -4.2 -0.7 -0.6 13807	
-4.3 -4.2 -1.0 -0.9 11689	
-4.3 -4.2 -1.8 -1.7 8457	
-4.3 -4.2 -2.4 -2.3 9968	
-4.3 -4.2 -3.5 -3.4 9704	
-4.3 -4.2 -3.9 -3.8 7516	
-4.3 -4.2 -4.1 -4.0 6281	
-4.3 -4.2 -5.2 -5.1 1100	
-4.3 -4.2 -5.6 -5.5 395	
-4.3 -4.2 -6.7 -6.6 12	
-4.3 -4.2 -7.0 -6.9 6	
-4.3 -4.2 -7.3 -7.2 1	
-4.3 -4.2 0.2 0.3 15854	
-4.3 -4.2 1.5 1.6 8837	
-4.3 -4.2 2.1 2.2 9268	
-4.3 -4.2 2.8 2.9 11039	
-4.3 -4.2 3.2 3.3 10777	
-4.3 -4.2 4.5 4.6 3279	
-4.3 -4.2 5.1 5.2 1039	
-4.3 -4.2 5.8 5.9 184	
-4.3 -4.2 6.4 6.5 27	
-4.3 -4.2 7.0 7.1 5	
-4.4 -4.3 -0.1 0.0 15713	
-4.4 -4.3 -0.5 -0.4 14639	
-4.4 -4.3 -1.1 -1.0 10509	
-4.4 -4.3 -2.2 -2.1 8173	
-4.4 -4.3 -3.3 -3.2 9248	
-4.4 -4.3 -3.7 -3.6 7812	
-4.4 -4.3 -4.0 -3.9 6218	
-4.4 -4.3 -4.8 -4.7 2112	
-4.4 -4.3 -5.4 -5.3 631	
-4.4 -4.3 -6.5 -6.4 35	
-4.4 -4.3 -7.1 -7.0 1	
-4.4 -4.3 0.2 0.3 15455	
-4.4 -4.3 1.3 1.4 8746	
-4.4 -4.3 2.6 2.7 9485	
-4.4 -4.3 2.9 3.0 9870	
-4.4 -4.3 3.2 3.3 9429	
-4.4 -4.3 4.5 4.6 2832	
-4.4 -4.3 5.1 5.2 948	
-4.4 -4.3 5.8 5.9 148	
-4.4 -4.3 6.2 6.3 53	
-4.4 -4.3 7.5 7.6 3	
-4.5 -4.4 -0.3 -0.2 15489	
-4.5 -4.4 -0.7 -0.6 13051	
-4.5 -4.4 -1.8 -1.7 7211	
-4.5 -4.4 -2.4 -2.3 7885	
-4.5 -4.4 -2.9 -2.8 8551	
-4.5 -4.4 -3.5 -3.4 7489	
-4.5 -4.4 -4.6 -4.5 2476	
-4.5 -4.4 -5.2 -5.1 874	
-4.5 -4.4 -6.3 -6.2 54	
-4.5 -4.4 -6.7 -6.6 8	
-4.5 -4.4 0.0 0.1 15684	
-4.5 -4.4 0.7 0.8 12515	
-4.5 -4.4 1.3 1.4 8427	
-4.5 -4.4 2.6 2.7 8326	
-4.5 -4.4 2.9 3.0 8561	
-4.5 -4.4 3.2 3.3 8093	
-4.5 -4.4 4.3 4.4 3375	
-4.5 -4.4 5.6 5.7 252	
-4.5 -4.4 5.9 6.0 109	
-4.5 -4.4 6.2 6.3 34	
-4.5 -4.4 7.5 7.6 2	
-4.6 -4.5 -0.5 -0.4 14501	
-4.6 -4.5 -1.6 -1.5 7142	
-4.6 -4.5 -2.2 -2.1 6463	
-4.6 -4.5 -3.0 -2.9 7412	
-4.6 -4.5 -3.3 -3.2 6956	
-4.6 -4.5 -4.4 -4.3 2871	
-4.6 -4.5 -4.8 -4.7 1549	
-4.6 -4.5 -5.9 -5.8 124	
-4.6 -4.5 -6.1 -6.0 52	
-4.6 -4.5 -6.5 -6.4 23	
-4.6 -4.5 -7.6 -7.5 1	
-4.6 -4.5 0.0 0.1 15477	
-4.6 -4.5 0.7 0.8 12293	
-4.6 -4.5 1.3 1.4 8266	
-4.6 -4.5 2.4 2.5 7047	
-4.6 -4.5 3.0 3.1 7228	
-4.6 -4.5 3.7 3.8 5447	
-4.6 -4.5 4.3 4.4 2917	
-4.6 -4.5 5.6 5.7 219	
-4.6 -4.5 5.9 6.0 98	
-4.6 -4.5 6.2 6.3 36	
-4.6 -4.5 7.3 7.4 2	
-4.7 -4.6 -0.3 -0.2 15214	
-4.7 -4.6 -1.4 -1.3 7902	
-4.7 -4.6 -1.8 -1.7 6162	
-4.7 -4.6 -2.9 -2.8 6383	
-4.7 -4.6 -3.1 -3.0 6366	
-4.7 -4.6 -3.5 -3.4 5609	
-4.7 -4.6 -4.6 -4.5 1765	
-4.7 -4.6 -5.7 -5.6 153	
-4.7 -4.6 -6.0 -5.9 92	
-4.7 -4.6 -6.3 -6.2 29	
-4.7 -4.6 0.5 0.6 13658	
-4.7 -4.6 1.1 1.2 9121	
-4.7 -4.6 1.8 1.9 6049	
-4.7 -4.6 2.4 2.5 6095	
-4.7 -4.6 3.0 3.1 6270	
-4.7 -4.6 3.7 3.8 4688	
-4.7 -4.6 4.3 4.4 2463	
-4.7 -4.6 5.4 5.5 291	
-4.7 -4.6 5.9 6.0 94	
-4.7 -4.6 6.0 6.1 69	
-4.7 -4.6 6.7 6.8 6	
-4.7 -4.6 7.3 7.4 1	
-4.8 -4.7 -0.1 0.0 16363	
-4.8 -4.7 -1.2 -1.1 9270	
-4.8 -4.7 -1.6 -1.5 6457	
-4.8 -4.7 -2.7 -2.6 5411	
-4.8 -4.7 -3.0 -2.9 5464	
-4.8 -4.7 -3.3 -3.2 5074	
-4.8 -4.7 -4.4 -4.3 2033	
-4.8 -4.7 -5.9 -5.8 91	
-4.8 -4.7 -6.1 -6.0 41	
-4.8 -4.7 -7.2 -7.1 3	
-4.8 -4.7 0.5 0.6 13930	
-4.8 -4.7 1.1 1.2 9196	
-4.8 -4.7 1.8 1.9 5489	
-4.8 -4.7 2.4 2.5 5253	
-4.8 -4.7 3.5 3.6 4483	
-4.8 -4.7 4.1 4.2 2617	
-4.8 -4.7 4.8 4.9 900	
-4.8 -4.7 5.4 5.5 242	
-4.8 -4.7 6.0 6.1 57	
-4.8 -4.7 6.7 6.8 5	
-4.9 -4.8 -0.8 -0.7 12958	
-4.9 -4.8 -1.4 -1.3 7691	
-4.9 -4.8 -2.5 -2.4 4524	
-4.9 -4.8 -2.9 -2.8 4585	
-4.9 -4.8 -3.1 -3.0 4505	
-4.9 -4.8 -4.2 -4.1 2264	
-4.9 -4.8 -4.6 -4.5 1323	
-4.9 -4.8 -5.7 -5.6 134	
-4.9 -4.8 -6.0 -5.9 49	
-4.9 -4.8 -6.3 -6.2 28	
-4.9 -4.8 -6.8 -6.7 3	
-4.9 -4.8 -7.4 -7.3 1	
-4.9 -4.8 0.5 0.6 14509	
-4.9 -4.8 1.6 1.7 6036	
-4.9 -4.8 2.2 2.3 4516	
-4.9 -4.8 3.5 3.6 3757	
-4.9 -4.8 4.1 4.2 2198	
-4.9 -4.8 4.8 4.9 784	
-4.9 -4.8 5.4 5.5 228	
-4.9 -4.8 6.7 6.8 3	
-4.9 -4.8 7.1 7.2 2	
-5.0 -4.9 -0.8 -0.7 13339	
-5.0 -4.9 -1.4 -1.3 7821	
-5.0 -4.9 -2.5 -2.4 3887	
-5.0 -4.9 -2.9 -2.8 3781	
-5.0 -4.9 -3.1 -3.0 3825	
-5.0 -4.9 -4.2 -4.1 1787	
-5.0 -4.9 -4.6 -4.5 1092	
-5.0 -4.9 -5.7 -5.6 99	
-5.0 -4.9 -6.0 -5.9 59	
-5.0 -4.9 -6.3 -6.2 18	
-5.0 -4.9 -6.8 -6.7 4	
-5.0 -4.9 0.3 0.4 16284	
-5.0 -4.9 1.6 1.7 5894	
-5.0 -4.9 1.9 2.0 4745	
-5.0 -4.9 2.0 2.1 4482	
-5.0 -4.9 3.3 3.4 3412	
-5.0 -4.9 4.6 4.7 975	
-5.0 -4.9 4.9 5.0 531	
-5.0 -4.9 5.2 5.3 296	
-5.0 -4.9 6.5 6.6 7	
-5.1 -5.0 -0.5 -0.4 16472	
-5.1 -5.0 -1.6 -1.5 6533	
-5.1 -5.0 -2.2 -2.1 3880	
-5.1 -5.0 -3.0 -2.9 3169	
-5.1 -5.0 -3.3 -3.2 2883	
-5.1 -5.0 -4.8 -4.7 598	
-5.1 -5.0 -5.9 -5.8 61	
-5.1 -5.0 -6.1 -6.0 35	
-5.1 -5.0 -6.5 -6.4 5	
-5.1 -5.0 0.3 0.4 17097	
-5.1 -5.0 1.6 1.7 5777	
-5.1 -5.0 1.9 2.0 4397	
-5.1 -5.0 2.2 2.3 3616	
-5.1 -5.0 3.5 3.6 2576	
-5.1 -5.0 4.1 4.2 1530	
-5.1 -5.0 4.8 4.9 530	
-5.1 -5.0 5.2 5.3 233	
-5.1 -5.0 6.5 6.6 5	
-5.1 -5.0 7.1 7.2 3	
-5.2 -5.1 -0.3 -0.2 18596	
-5.2 -5.1 -1.4 -1.3 8210	
-5.2 -5.1 -1.8 -1.7 5117	
-5.2 -5.1 -2.9 -2.8 2644	
-5.2 -5.1 -3.1 -3.0 2497	
-5.2 -5.1 -3.5 -3.4 2144	
-5.2 -5.1 -4.6 -4.5 699	
-5.2 -5.1 -5.2 -5.1 224	
-5.2 -5.1 -5.7 -5.6 66	
-5.2 -5.1 -6.0 -5.9 30	
-5.2 -5.1 -6.3 -6.2 11	
-5.2 -5.1 0.3 0.4 17997	
-5.2 -5.1 1.6 1.7 5905	
-5.2 -5.1 1.9 2.0 4141	
-5.2 -5.1 2.2 2.3 3422	
-5.2 -5.1 3.3 3.4 2325	
-5.2 -5.1 4.6 4.7 585	
-5.2 -5.1 4.9 5.0 347	
-5.2 -5.1 5.2 5.3 214	
-5.2 -5.1 6.5 6.6 5	
-5.3 -5.2 -0.1 0.0 19816	
-5.3 -5.2 -1.2 -1.1 10755	
-5.3 -5.2 -1.6 -1.5 6708	
-5.3 -5.2 -2.7 -2.6 2355	
-5.3 -5.2 -3.0 -2.9 2212	
-5.3 -5.2 -3.3 -3.2 1937	
-5.3 -5.2 -4.4 -4.3 758	
-5.3 -5.2 -4.8 -4.7 369	
-5.3 -5.2 -5.9 -5.8 32	
-5.3 -5.2 -6.1 -6.0 14	
-5.3 -5.2 0.3 0.4 19126	
-5.3 -5.2 1.4 1.5 7599	
-5.3 -5.2 1.9 2.0 4026	
-5.3 -5.2 2.0 2.1 3611	
-5.3 -5.2 2.7 2.8 2344	
-5.3 -5.2 3.3 3.4 1878	
-5.3 -5.2 4.6 4.7 502	
-5.3 -5.2 4.9 5.0 275	
-5.3 -5.2 5.2 5.3 159	
-5.3 -5.2 7.6 7.7 1	
-5.4 -5.3 -0.3 -0.2 20239	
-5.4 -5.3 -0.8 -0.7 15816	
-5.4 -5.3 -1.4 -1.3 8759	
-5.4 -5.3 -2.5 -2.4 2366	
-5.4 -5.3 -2.9 -2.8 1961	
-5.4 -5.3 -3.1 -3.0 1704	
-5.4 -5.3 -4.2 -4.1 798	
-5.4 -5.3 -4.6 -4.5 501	
-5.4 -5.3 -5.7 -5.6 38	
-5.4 -5.3 -6.0 -5.9 24	
-5.4 -5.3 -6.3 -6.2 4	
-5.4 -5.3 0.1 0.2 20509	
-5.4 -5.3 0.8 0.9 14725	
-5.4 -5.3 1.4 1.5 7710	
-5.4 -5.3 2.0 2.1 3646	
-5.4 -5.3 2.7 2.8 1963	
-5.4 -5.3 3.3 3.4 1473	
-5.4 -5.3 4.6 4.7 377	
-5.4 -5.3 4.9 5.0 232	
-5.4 -5.3 5.0 5.1 194	
-5.4 -5.3 5.7 5.8 31	
-5.4 -5.3 6.3 6.4 7	
-5.5 -5.4 -1.2 -1.1 11447	
-5.5 -5.4 -2.7 -2.6 1754	
-5.5 -5.4 -3.0 -2.9 1510	
-5.5 -5.4 -3.8 -3.7 919	
-5.5 -5.4 -4.4 -4.3 495	
-5.5 -5.4 -5.5 -5.4 64	
-5.5 -5.4 -5.9 -5.8 20	
-5.5 -5.4 -6.1 -6.0 13	
-5.5 -5.4 0.1 0.2 21707	
-5.5 -5.4 0.8 0.9 15236	
-5.5 -5.4 1.4 1.5 7916	
-5.5 -5.4 2.7 2.8 1647	
-5.5 -5.4 3.1 3.2 1346	
-5.5 -5.4 3.8 3.9 862	
-5.5 -5.4 4.4 4.5 421	
-5.5 -5.4 5.0 5.1 135	
-5.5 -5.4 5.7 5.8 20	
-5.5 -5.4 6.3 6.4 5	
-5.6 -5.5 -0.8 -0.7 16982	
-5.6 -5.5 -1.4 -1.3 9192	
-5.6 -5.5 -2.5 -2.4 1898	
-5.6 -5.5 -3.1 -3.0 1183	
-5.6 -5.5 -3.6 -3.5 847	
-5.6 -5.5 -4.2 -4.1 484	
-5.6 -5.5 -5.3 -5.2 78	
-5.6 -5.5 -5.7 -5.6 29	
-5.6 -5.5 -6.8 -6.7 3	
-5.6 -5.5 0.8 0.9 15785	
-5.6 -5.5 1.2 1.3 10555	
-5.6 -5.5 2.5 2.6 1683	
-5.6 -5.5 3.1 3.2 1071	
-5.6 -5.5 3.8 3.9 648	
-5.6 -5.5 4.4 4.5 298	
-5.6 -5.5 5.7 5.8 18	
-5.6 -5.5 6.1 6.2 5	
-5.7 -5.6 -0.6 -0.5 19860	
-5.7 -5.6 -1.2 -1.1 11650	
-5.7 -5.6 -2.0 -1.9 3901	
-5.7 -5.6 -2.3 -2.2 2351	
-5.7 -5.6 -2.7 -2.6 1399	
-5.7 -5.6 -3.8 -3.7 566	
-5.7 -5.6 -4.9 -4.8 128	
-5.7 -5.6 -5.5 -5.4 29	
-5.7 -5.6 -6.6 -6.5 3	
-5.7 -5.6 0.6 0.7 18636	
-5.7 -5.6 0.9 1.0 15063	
-5.7 -5.6 1.2 1.3 10674	
-5.7 -5.6 2.5 2.6 1578	
-5.7 -5.6 3.8 3.9 495	
-5.7 -5.6 4.2 4.3 347	
-5.7 -5.6 5.5 5.6 28	
-5.7 -5.6 6.1 6.2 2	
-5.8 -5.7 -0.4 -0.3 22328	
-5.8 -5.7 -0.8 -0.7 17847	
-5.8 -5.7 -1.9 -1.8 4480	
-5.8 -5.7 -2.1 -2.0 3257	
-5.8 -5.7 -2.5 -2.4 1604	
-5.8 -5.7 -3.6 -3.5 487	
-5.8 -5.7 -4.2 -4.1 282	
-5.8 -5.7 -5.0 -4.9 79	
-5.8 -5.7 -5.3 -5.2 46	
-5.8 -5.7 -6.4 -6.3 1	
-5.8 -5.7 -6.8 -6.7 2	
-5.8 -5.7 0.6 0.7 19368	
-5.8 -5.7 0.9 1.0 15087	
-5.8 -5.7 1.0 1.1 13883	
-5.8 -5.7 2.3 2.4 1875	
-5.8 -5.7 3.6 3.7 516	
-5.8 -5.7 3.9 4.0 371	
-5.8 -5.7 4.2 4.3 252	
-5.8 -5.7 5.5 5.6 16	
-5.8 -5.7 6.1 6.2 7	
-5.9 -5.8 -0.6 -0.5 20344	
-5.9 -5.8 -1.7 -1.6 6372	
-5.9 -5.8 -2.0 -1.9 3826	
-5.9 -5.8 -2.3 -2.2 2243	
-5.9 -5.8 -3.4 -3.3 484	
-5.9 -5.8 -3.8 -3.7 323	
-5.9 -5.8 -4.9 -4.8 77	
-5.9 -5.8 -5.1 -5.0 45	
-5.9 -5.8 -6.6 -6.5 1	
-5.9 -5.8 0.4 0.5 21593	
-5.9 -5.8 1.0 1.1 13886	
-5.9 -5.8 1.7 1.8 5313	
-5.9 -5.8 2.3 2.4 1898	
-5.9 -5.8 3.6 3.7 407	
-5.9 -5.8 3.9 4.0 256	
-5.9 -5.8 4.2 4.3 188	
-5.9 -5.8 5.3 5.4 29	
-6.0 -5.9 -0.6 -0.5 20561	
-6.0 -5.9 -1.7 -1.6 6300	
-6.0 -5.9 -2.0 -1.9 3832	
-6.0 -5.9 -2.3 -2.2 2157	
-6.0 -5.9 -3.4 -3.3 377	
-6.0 -5.9 -3.8 -3.7 250	
-6.0 -5.9 -4.9 -4.8 69	
-6.0 -5.9 -5.1 -5.0 44	
-6.0 -5.9 0.4 0.5 21703	
-6.0 -5.9 1.5 1.6 7423	
-6.0 -5.9 2.1 2.2 2565	
-6.0 -5.9 2.8 2.9 720	
-6.0 -5.9 3.4 3.5 375	
-6.0 -5.9 4.0 4.1 170	
-6.0 -5.9 4.7 4.8 56	
-6.0 -5.9 5.3 5.4 28	
-6.1 -6.0 -0.8 -0.7 18016	
-6.1 -6.0 -1.4 -1.3 9726	
-6.1 -6.0 -2.5 -2.4 1404	
-6.1 -6.0 -3.1 -3.0 473	
-6.1 -6.0 -4.2 -4.1 111	
-6.1 -6.0 -5.3 -5.2 20	
-6.1 -6.0 -5.7 -5.6 6	
-6.1 -6.0 -6.0 -5.9 4	
-6.1 -6.0 0.4 0.5 21628	
-6.1 -6.0 1.0 1.1 13915	
-6.1 -6.0 1.7 1.8 5397	
-6.1 -6.0 2.3 2.4 1745	
-6.1 -6.0 3.6 3.7 231	
-6.1 -6.0 3.9 4.0 154	
-6.1 -6.0 4.0 4.1 130	
-6.1 -6.0 4.7 4.8 65	
-6.1 -6.0 5.3 5.4 20	
-6.2 -6.1 -0.6 -0.5 20463	
-6.2 -6.1 -1.2 -1.1 12286	
-6.2 -6.1 -2.0 -1.9 3599	
-6.2 -6.1 -2.3 -2.2 1958	
-6.2 -6.1 -2.7 -2.6 869	
-6.2 -6.1 -3.8 -3.7 157	
-6.2 -6.1 -4.4 -4.3 66	
-6.2 -6.1 -4.9 -4.8 23	
-6.2 -6.1 -5.5 -5.4 6	
-6.2 -6.1 0.4 0.5 21551	
-6.2 -6.1 1.7 1.8 5311	
-6.2 -6.1 2.1 2.2 2515	
-6.2 -6.1 2.8 2.9 579	
-6.2 -6.1 3.4 3.5 190	
-6.2 -6.1 4.0 4.1 105	
-6.2 -6.1 4.7 4.8 39	
-6.2 -6.1 5.3 5.4 9	
-6.2 -6.1 6.6 6.7 1	
-6.3 -6.2 -0.4 -0.3 21818	
-6.3 -6.2 -0.8 -0.7 17433	
-6.3 -6.2 -1.9 -1.8 4318	
-6.3 -6.2 -2.1 -2.0 2967	
-6.3 -6.2 -2.5 -2.4 1220	
-6.3 -6.2 -3.6 -3.5 159	
-6.3 -6.2 -4.2 -4.1 63	
-6.3 -6.2 -5.0 -4.9 16	
-6.3 -6.2 -5.3 -5.2 12	
-6.3 -6.2 0.2 0.3 22535	
-6.3 -6.2 1.5 1.6 6987	
-6.3 -6.2 2.1 2.2 2389	
-6.3 -6.2 2.8 2.9 497	
-6.3 -6.2 3.4 3.5 163	
-6.3 -6.2 4.0 4.1 65	
-6.3 -6.2 4.7 4.8 25	
-6.3 -6.2 5.1 5.2 17	
-6.3 -6.2 5.8 5.9 1	
-6.4 -6.3 -0.6 -0.5 19298	
-6.4 -6.3 -1.7 -1.6 5846	
-6.4 -6.3 -2.0 -1.9 3391	
-6.4 -6.3 -2.3 -2.2 1795	
-6.4 -6.3 -3.4 -3.3 177	
-6.4 -6.3 -3.8 -3.7 77	
-6.4 -6.3 -4.9 -4.8 21	
-6.4 -6.3 -5.1 -5.0 14	
-6.4 -6.3 -5.5 -5.4 5	
-6.4 -6.3 -6.6 -6.5 1	
-6.4 -6.3 0.2 0.3 21730	
-6.4 -6.3 1.5 1.6 6803	
-6.4 -6.3 2.1 2.2 2262	
-6.4 -6.3 2.8 2.9 481	
-6.4 -6.3 3.2 3.3 192	
-6.4 -6.3 4.5 4.6 34	
-6.4 -6.3 5.1 5.2 7	
-6.4 -6.3 5.8 5.9 1	
-6.5 -6.4 -0.1 0.0 21665	
-6.5 -6.4 -0.4 -0.3 20450	
-6.5 -6.4 -1.9 -1.8 3955	
-6.5 -6.4 -2.1 -2.0 2638	
-6.5 -6.4 -3.2 -3.1 222	
-6.5 -6.4 -3.6 -3.5 90	
-6.5 -6.4 -4.7 -4.6 21	
-6.5 -6.4 -5.0 -4.9 11	
-6.5 -6.4 -5.3 -5.2 7	
-6.5 -6.4 0.2 0.3 20980	
-6.5 -6.4 1.3 1.4 8514	
-6.5 -6.4 2.6 2.7 737	
-6.5 -6.4 2.9 3.0 328	
-6.5 -6.4 3.2 3.3 175	
-6.5 -6.4 4.5 4.6 16	
-6.5 -6.4 5.1 5.2 8	
-6.5 -6.4 6.2 6.3 1	
-6.6 -6.5 -0.2 -0.1 20489	
-6.6 -6.5 -0.6 -0.5 17903	
-6.6 -6.5 -1.7 -1.6 5307	
-6.6 -6.5 -2.0 -1.9 3039	
-6.6 -6.5 -2.8 -2.7 545	
-6.6 -6.5 -3.4 -3.3 127	
-6.6 -6.5 -4.5 -4.4 12	
-6.6 -6.5 -4.9 -4.8 10	
-6.6 -6.5 -5.1 -5.0 3	
-6.6 -6.5 0.0 0.1 20546	
-6.6 -6.5 0.7 0.8 15493	
-6.6 -6.5 1.3 1.4 8177	
-6.6 -6.5 2.6 2.7 682	
-6.6 -6.5 2.9 3.0 319	
-6.6 -6.5 3.2 3.3 138	
-6.6 -6.5 4.3 4.4 20	
-6.6 -6.5 5.6 5.7 1	
-6.7 -6.6 -0.4 -0.3 18367	
-6.7 -6.6 -1.5 -1.4 6754	
-6.7 -6.6 -2.1 -2.0 2376	
-6.7 -6.6 -3.2 -3.1 172	
-6.7 -6.6 -4.3 -4.2 15	
-6.7 -6.6 -4.7 -4.6 10	
-6.7 -6.6 -5.0 -4.9 4	
-6.7 -6.6 -5.8 -5.7 1	
-6.7 -6.6 -6.4 -6.3 1	
-6.7 -6.6 0.0 0.1 19249	
-6.7 -6.6 0.7 0.8 14538	
-6.7 -6.6 1.3 1.4 8010	
-6.7 -6.6 2.4 2.5 1013	
-6.7 -6.6 3.0 3.1 214	
-6.7 -6.6 3.7 3.8 45	
-6.7 -6.6 4.3 4.4 16	
-6.7 -6.6 5.6 5.7 3	
-6.8 -6.7 -0.2 -0.1 17788	
-6.8 -6.7 -1.0 -0.9 11704	
-6.8 -6.7 -1.3 -1.2 8160	
-6.8 -6.7 -1.7 -1.6 4633	
-6.8 -6.7 -2.8 -2.7 457	
-6.8 -6.7 -3.4 -3.3 89	
-6.8 -6.7 -3.9 -3.8 23	
-6.8 -6.7 -4.5 -4.4 11	
-6.8 -6.7 -5.6 -5.5 1	
-6.8 -6.7 0.5 0.6 15338	
-6.8 -6.7 1.1 1.2 9281	
-6.8 -6.7 1.8 1.9 3258	
-6.8 -6.7 2.4 2.5 938	
-6.8 -6.7 3.0 3.1 189	
-6.8 -6.7 3.7 3.8 40	
-6.8 -6.7 4.3 4.4 14	
-6.8 -6.7 5.4 5.5 1	
-6.9 -6.8 -0.1 0.0 16582	
-6.9 -6.8 -0.9 -0.8 11501	
-6.9 -6.8 -1.1 -1.0 9629	
-6.9 -6.8 -1.5 -1.4 5836	
-6.9 -6.8 -2.6 -2.5 661	
-6.9 -6.8 -3.2 -3.1 116	
-6.9 -6.8 -4.0 -3.9 12	
-6.9 -6.8 -4.3 -4.2 9	
-6.9 -6.8 0.5 0.6 14327	
-6.9 -6.8 1.1 1.2 8591	
-6.9 -6.8 1.8 1.9 3046	
-6.9 -6.8 2.4 2.5 889	
-6.9 -6.8 3.5 3.6 34	
-6.9 -6.8 4.1 4.2 7	
-6.9 -6.8 4.8 4.9 4	
-6.9 -6.8 5.4 5.5 1	
-6.9 -6.8 6.0 6.1 1	
-7.0 -6.9 -0.9 -0.8 10634	
-7.0 -6.9 -1.1 -1.0 8748	
-7.0 -6.9 -1.5 -1.4 5344	
-7.0 -6.9 -2.6 -2.5 661	
-7.0 -6.9 -3.2 -3.1 112	
-7.0 -6.9 -4.0 -3.9 11	
-7.0 -6.9 -4.3 -4.2 5	
-7.0 -6.9 0.3 0.4 14381	
-7.0 -6.9 1.6 1.7 3984	
-7.0 -6.9 1.9 2.0 2215	
-7.0 -6.9 2.2 2.3 1203	
-7.0 -6.9 3.5 3.6 38	
-7.0 -6.9 4.8 4.9 3	
-7.0 -6.9 5.2 5.3 1	
-7.1 -7.0 -0.2 -0.1 13581	
-7.1 -7.0 -0.6 -0.5 12053	
-7.1 -7.0 -1.7 -1.6 3540	
-7.1 -7.0 -2.0 -1.9 2099	
-7.1 -7.0 -2.3 -2.2 1063	
-7.1 -7.0 -2.8 -2.7 314	
-7.1 -7.0 -3.4 -3.3 60	
-7.1 -7.0 -4.5 -4.4 4	
-7.1 -7.0 -4.9 -4.8 1	
-7.1 -7.0 0.5 0.6 11969	
-7.1 -7.0 1.1 1.2 7193	
-7.1 -7.0 1.8 1.9 2394	
-7.1 -7.0 2.2 2.3 1077	
-7.1 -7.0 3.5 3.6 39	
-7.1 -7.0 4.1 4.2 3	
-7.1 -7.0 5.4 5.5 1	
-7.1 -7.0 6.0 6.1 1	
-7.2 -7.1 -0.4 -0.3 11375	
-7.2 -7.1 -1.5 -1.4 4424	
-7.2 -7.1 -1.9 -1.8 2254	
-7.2 -7.1 -2.1 -2.0 1498	
-7.2 -7.1 -3.2 -3.1 96	
-7.2 -7.1 -4.7 -4.6 2	
-7.2 -7.1 -5.0 -4.9 1	
-7.2 -7.1 0.3 0.4 11361	
-7.2 -7.1 1.6 1.7 3137	
-7.2 -7.1 1.9 2.0 1890	
-7.2 -7.1 2.2 2.3 998	
-7.2 -7.1 3.5 3.6 26	
-7.2 -7.1 4.1 4.2 2	
-7.2 -7.1 4.8 4.9 2	
-7.2 -7.1 5.2 5.3 1	
-7.3 -7.2 -0.2 -0.1 10842	
-7.3 -7.2 -1.3 -1.2 5137	
-7.3 -7.2 -1.7 -1.6 2807	
-7.3 -7.2 -2.8 -2.7 247	
-7.3 -7.2 -3.4 -3.3 41	
-7.3 -7.2 -4.5 -4.4 2	
-7.3 -7.2 -5.1 -5.0 2	
-7.3 -7.2 -5.6 -5.5 1	
-7.3 -7.2 0.3 0.4 10153	
-7.3 -7.2 1.6 1.7 2819	
-7.3 -7.2 1.9 2.0 1666	
-7.3 -7.2 2.2 2.3 849	
-7.3 -7.2 3.3 3.4 51	
-7.3 -7.2 4.6 4.7 1	
-7.3 -7.2 4.9 5.0 2	
-7.4 -7.3 -0.1 0.0 9621	
-7.4 -7.3 -0.9 -0.8 6656	
-7.4 -7.3 -1.1 -1.0 5407	
-7.4 -7.3 -1.5 -1.4 3293	
-7.4 -7.3 -2.6 -2.5 396	
-7.4 -7.3 -3.2 -3.1 67	
-7.4 -7.3 -4.0 -3.9 5	
-7.4 -7.3 -4.3 -4.2 1	
-7.4 -7.3 -4.7 -4.6 2	
-7.4 -7.3 0.3 0.4 9108	
-7.4 -7.3 1.4 1.5 3349	
-7.4 -7.3 1.9 2.0 1380	
-7.4 -7.3 2.0 2.1 1181	
-7.4 -7.3 2.7 2.8 247	
-7.4 -7.3 3.3 3.4 48	
-7.4 -7.3 4.9 5.0 1	
-7.5 -7.4 -0.2 -0.1 8315	
-7.5 -7.4 -0.7 -0.6 6778	
-7.5 -7.4 -1.0 -0.9 5288	
-7.5 -7.4 -1.3 -1.2 3911	
-7.5 -7.4 -2.4 -2.3 489	
-7.5 -7.4 -2.8 -2.7 202	
-7.5 -7.4 -3.9 -3.8 10	
-7.5 -7.4 -4.1 -4.0 4	
-7.5 -7.4 0.1 0.2 8232	
-7.5 -7.4 0.8 0.9 5693	
-7.5 -7.4 1.4 1.5 2985	
-7.5 -7.4 2.0 2.1 1068	
-7.5 -7.4 2.7 2.8 202	
-7.5 -7.4 3.3 3.4 27	
-7.5 -7.4 4.6 4.7 1	
-7.6 -7.5 -0.9 -0.8 5003	
-7.6 -7.5 -1.1 -1.0 4080	
-7.6 -7.5 -2.6 -2.5 279	
-7.6 -7.5 -3.7 -3.6 10	
-7.6 -7.5 -4.0 -3.9 4	
-7.6 -7.5 0.1 0.2 7107	
-7.6 -7.5 0.8 0.9 4927	
-7.6 -7.5 1.4 1.5 2536	
-7.6 -7.5 2.7 2.8 163	
-7.6 -7.5 3.1 3.2 55	
-7.6 -7.5 3.8 3.9 5	
-7.6 -7.5 4.4 4.5 1	
-7.7 -7.6 -0.7 -0.6 4906	
-7.7 -7.6 -1.0 -0.9 3916	
-7.7 -7.6 -1.3 -1.2 2873	
-7.7 -7.6 -2.4 -2.3 404	
-7.7 -7.6 -3.5 -3.4 15	
-7.7 -7.6 -3.9 -3.8 4	
-7.7 -7.6 -4.1 -4.0 1	
-7.7 -7.6 0.8 0.9 4297	
-7.7 -7.6 1.2 1.3 2809	
-7.7 -7.6 2.5 2.6 232	
-7.7 -7.6 3.1 3.2 46	
-7.7 -7.6 3.8 3.9 4	
-7.8 -7.7 -0.5 -0.4 4560	
-7.8 -7.7 -0.9 -0.8 3646	
-7.8 -7.7 -1.1 -1.0 3020	
-7.8 -7.7 -2.2 -2.1 520	
-7.8 -7.7 -3.7 -3.6 4	
-7.8 -7.7 -4.0 -3.9 2	
-7.8 -7.7 0.6 0.7 4158	
-7.8 -7.7 0.9 1.0 3287	
-7.8 -7.7 1.2 1.3 2347	
-7.8 -7.7 2.5 2.6 225	
-7.8 -7.7 3.8 3.9 6	
-7.8 -7.7 4.2 4.3 1	
-7.9 -7.8 -0.3 -0.2 4113	
-7.9 -7.8 -0.7 -0.6 3589	
-7.9 -7.8 -1.8 -1.7 936	
-7.9 -7.8 -2.4 -2.3 292	
-7.9 -7.8 -3.5 -3.4 12	
-7.9 -7.8 -4.1 -4.0 2	
-7.9 -7.8 0.6 0.7 3465	
-7.9 -7.8 0.9 1.0 2784	
-7.9 -7.8 1.0 1.1 2489	
-7.9 -7.8 2.3 2.4 283	
-7.9 -7.8 3.6 3.7 6	
-7.9 -7.8 3.9 4.0 2	
-8.0 -7.9 -0.3 -0.2 3373	
-8.0 -7.9 -0.7 -0.6 2947	
-8.0 -7.9 -1.8 -1.7 788	
-8.0 -7.9 -2.4 -2.3 207	
-8.0 -7.9 -3.5 -3.4 9	
-8.0 -7.9 -4.1 -4.0 1	
-8.0 -7.9 0.4 0.5 3129	
-8.0 -7.9 1.0 1.1 2103	
-8.0 -7.9 1.7 1.8 781	
-8.0 -7.9 2.3 2.4 235	
-8.0 -7.9 3.4 3.5 6	
-8.1 -8.0 -0.9 -0.8 1958	
-8.1 -8.0 -1.1 -1.0 1596	
-8.1 -8.0 -1.5 -1.4 1021	
-8.1 -8.0 -2.6 -2.5 114	
-8.1 -8.0 -3.7 -3.6 2	
-8.1 -8.0 0.6 0.7 2422	
-8.1 -8.0 0.9 1.0 1904	
-8.1 -8.0 1.0 1.1 1642	
-8.1 -8.0 1.7 1.8 639	
-8.1 -8.0 2.3 2.4 173	
-8.1 -8.0 3.6 3.7 2	
-8.2 -8.1 -0.7 -0.6 1942	
-8.2 -8.1 -1.0 -0.9 1532	
-8.2 -8.1 -1.3 -1.2 1118	
-8.2 -8.1 -2.4 -2.3 136	
-8.2 -8.1 -3.9 -3.8 1	
-8.2 -8.1 -4.1 -4.0 1	
-8.2 -8.1 0.4 0.5 2111	
-8.2 -8.1 1.0 1.1 1395	
-8.2 -8.1 1.7 1.8 516	
-8.2 -8.1 2.3 2.4 148	
-8.2 -8.1 3.6 3.7 2	
-8.3 -8.2 -0.1 0.0 1955	
-8.3 -8.2 -0.5 -0.4 1763	
-8.3 -8.2 -0.9 -0.8 1291	
-8.3 -8.2 -1.1 -1.0 1127	
-8.3 -8.2 -2.2 -2.1 190	
-8.3 -8.2 -2.6 -2.5 80	
-8.3 -8.2 -3.7 -3.6 2	
-8.3 -8.2 0.4 0.5 1698	
-8.3 -8.2 1.7 1.8 420	
-8.3 -8.2 2.1 2.2 219	
-8.3 -8.2 2.8 2.9 31	
-8.3 -8.2 3.4 3.5 6	
-8.3 -8.2 4.0 4.1 3	
-8.4 -8.3 -0.3 -0.2 1421	
-8.4 -8.3 -0.7 -0.6 1203	
-8.4 -8.3 -1.0 -0.9 943	
-8.4 -8.3 -1.8 -1.7 340	
-8.4 -8.3 -2.4 -2.3 93	
-8.4 -8.3 -3.5 -3.4 3	
-8.4 -8.3 0.2 0.3 1340	
-8.4 -8.3 1.5 1.6 474	
-8.4 -8.3 2.1 2.2 125	
-8.4 -8.3 2.8 2.9 31	
-8.4 -8.3 3.4 3.5 3	
-8.4 -8.3 4.0 4.1 1	
-8.5 -8.4 -0.5 -0.4 1041	
-8.5 -8.4 -1.6 -1.5 400	
-8.5 -8.4 -2.2 -2.1 128	
-8.5 -8.4 -3.3 -3.2 8	
-8.5 -8.4 0.2 0.3 1159	
-8.5 -8.4 1.5 1.6 338	
-8.5 -8.4 2.1 2.2 113	
-8.5 -8.4 2.8 2.9 20	
-8.5 -8.4 3.2 3.3 6	
-8.6 -8.5 -0.3 -0.2 866	
-8.6 -8.5 -1.4 -1.3 377	
-8.6 -8.5 -1.8 -1.7 177	
-8.6 -8.5 -2.9 -2.8 19	
-8.6 -8.5 -3.1 -3.0 5	
-8.6 -8.5 -3.5 -3.4 2	
-8.6 -8.5 0.2 0.3 885	
-8.6 -8.5 1.3 1.4 423	
-8.6 -8.5 2.6 2.7 23	
-8.6 -8.5 2.9 3.0 13	
-8.6 -8.5 3.2 3.3 3	
-8.7 -8.6 -0.5 -0.4 652	
-8.7 -8.6 -1.6 -1.5 200	
-8.7 -8.6 -2.7 -2.6 23	
-8.7 -8.6 -3.0 -2.9 10	
-8.7 -8.6 -3.3 -3.2 2	
-8.7 -8.6 0.0 0.1 791	
-8.7 -8.6 0.7 0.8 533	
-8.7 -8.6 1.3 1.4 291	
-8.7 -8.6 2.6 2.7 27	
-8.7 -8.6 2.9 3.0 13	
-8.7 -8.6 3.2 3.3 5	
-8.8 -8.7 -0.3 -0.2 543	
-8.8 -8.7 -1.4 -1.3 223	
-8.8 -8.7 -2.9 -2.8 8	
-8.8 -8.7 -3.1 -3.0 5	
-8.8 -8.7 0.0 0.1 579	
-8.8 -8.7 0.7 0.8 437	
-8.8 -8.7 1.3 1.4 234	
-8.8 -8.7 2.4 2.5 22	
-8.8 -8.7 3.0 3.1 8	
-8.9 -8.8 -1.2 -1.1 226	
-8.9 -8.8 -1.6 -1.5 119	
-8.9 -8.8 -2.7 -2.6 7	
-8.9 -8.8 -3.0 -2.9 6	
-8.9 -8.8 -3.3 -3.2 3	
-8.9 -8.8 0.5 0.6 337	
-8.9 -8.8 1.1 1.2 195	
-8.9 -8.8 1.8 1.9 81	
-8.9 -8.8 2.4 2.5 22	
-8.9 -8.8 3.0 3.1 5	
-8.9 -8.8 3.7 3.8 1	
-9.0 -8.9 -1.2 -1.1 168	
-9.0 -8.9 -1.6 -1.5 101	
-9.0 -8.9 -2.7 -2.6 7	
-9.0 -8.9 -3.0 -2.9 3	
-9.0 -8.9 0.5 0.6 296	
-9.0 -8.9 1.6 1.7 87	
-9.0 -8.9 1.9 2.0 60	
-9.0 -8.9 2.2 2.3 32	
-9.1 -9.0 -0.3 -0.2 227	
-9.1 -9.0 -1.8 -1.7 42	
-9.1 -9.0 -2.9 -2.8 1	
-9.1 -9.0 -3.1 -3.0 3	
-9.1 -9.0 0.5 0.6 193	
-9.1 -9.0 1.1 1.2 102	
-9.1 -9.0 1.8 1.9 31	
-9.1 -9.0 2.4 2.5 8	
-9.1 -9.0 3.0 3.1 3	
-9.2 -9.1 -0.5 -0.4 158	
-9.2 -9.1 -1.6 -1.5 49	
-9.2 -9.1 -2.2 -2.1 16	
-9.2 -9.1 -2.7 -2.6 4	
-9.2 -9.1 -3.3 -3.2 1	
-9.2 -9.1 0.5 0.6 154	
-9.2 -9.1 1.1 1.2 85	
-9.2 -9.1 1.8 1.9 28	
-9.2 -9.1 2.2 2.3 11	
-9.3 -9.2 -0.3 -0.2 101	
-9.3 -9.2 -1.4 -1.3 50	
-9.3 -9.2 -1.8 -1.7 31	
-9.3 -9.2 -2.9 -2.8 2	
-9.3 -9.2 0.3 0.4 126	
-9.3 -9.2 1.6 1.7 42	
-9.3 -9.2 1.9 2.0 20	
-9.3 -9.2 2.2 2.3 8	
-9.4 -9.3 -1.2 -1.1 42	
-9.4 -9.3 -1.6 -1.5 20	
-9.4 -9.3 -2.7 -2.6 3	
-9.4 -9.3 -3.3 -3.2 1	
-9.4 -9.3 0.3 0.4 79	
-9.4 -9.3 1.6 1.7 26	
-9.4 -9.3 1.9 2.0 6	
-9.4 -9.3 2.2 2.3 6	
-9.4 -9.3 3.3 3.4 1	
-9.5 -9.4 -0.1 0.0 53	
-9.5 -9.4 -0.8 -0.7 47	
-9.5 -9.4 -1.4 -1.3 19	
-9.5 -9.4 -2.5 -2.4 5	
-9.5 -9.4 0.3 0.4 60	
-9.5 -9.4 1.4 1.5 12	
-9.5 -9.4 1.9 2.0 8	
-9.5 -9.4 2.0 2.1 8	
-9.5 -9.4 2.7 2.8 2	
-9.6 -9.5 -0.6 -0.5 50	
-9.6 -9.5 -1.2 -1.1 17	
-9.6 -9.5 -2.3 -2.2 4	
-9.6 -9.5 -2.7 -2.6 1	
-9.6 -9.5 0.1 0.2 39	
-9.6 -9.5 0.8 0.9 28	
-9.6 -9.5 1.4 1.5 13	
-9.6 -9.5 2.0 2.1 3	
-9.7 -9.6 -0.8 -0.7 23	
-9.7 -9.6 -1.9 -1.8 4	
-9.7 -9.6 0.1 0.2 18	
-9.7 -9.6 0.8 0.9 17	
-9.7 -9.6 1.4 1.5 6	
-9.7 -9.6 2.5 2.6 1	
-9.8 -9.7 -0.6 -0.5 20	
-9.8 -9.7 -1.2 -1.1 13	
-9.8 -9.7 -1.7 -1.6 7	
-9.8 -9.7 -2.0 -1.9 4	
-9.8 -9.7 -2.3 -2.2 3	
-9.8 -9.7 0.6 0.7 14	
-9.8 -9.7 0.8 0.9 12	
-9.8 -9.7 1.2 1.3 11	
-9.9 -9.8 -0.1 0.0 12	
-9.9 -9.8 -0.4 -0.3 13	
-9.9 -9.8 -0.8 -0.7 17	
-9.9 -9.8 -1.9 -1.8 7	
-9.9 -9.8 -2.1 -2.0 3	
-9.9 -9.8 0.6 0.7 13	
-9.9 -9.8 0.9 1.0 14	
-9.9 -9.8 1.2 1.3 7	
-9.9 -9.8 2.5 2.6 1	
0.0 0.1 -0.8 -0.7 2446	
0.0 0.1 -1.4 -1.3 6437	
0.0 0.1 -10.1 -10.0 9	
0.0 0.1 -10.6 -10.5 2	
0.0 0.1 -2.5 -2.4 20856	
0.0 0.1 -3.1 -3.0 24654	
0.0 0.1 -4.2 -4.1 16762	
0.0 0.1 -5.3 -5.2 19735	
0.0 0.1 -5.7 -5.6 23051	
0.0 0.1 -6.0 -5.9 23958	
0.0 0.1 -6.8 -6.7 18107	
0.0 0.1 -7.4 -7.3 9556	
0.0 0.1 -8.5 -8.4 1136	
0.0 0.1 -9.1 -9.0 258	
0.0 0.1 0.3 0.4 1326	
0.0 0.1 1.6 1.7 9885	
0.0 0.1 1.9 2.0 14209	
0.0 0.1 10.4 10.5 2	
0.0 0.1 2.2 2.3 18473	
0.0 0.1 3.3 3.4 23722	
0.0 0.1 4.6 4.7 15968	
0.0 0.1 4.9 5.0 17395	
0.0 0.1 5.2 5.3 20046	
0.0 0.1 6.5 6.6 20542	
0.0 0.1 7.1 7.2 12312	
0.0 0.1 7.8 7.9 4294	
0.0 0.1 8.2 8.3 1912	
0.0 0.1 9.5 9.6 51	
0.1 0.2 -0.2 -0.1 1202	
0.1 0.2 -1.0 -0.9 3350	
0.1 0.2 -1.3 -1.2 5485	
0.1 0.2 -1.7 -1.6 9861	
0.1 0.2 -2.8 -2.7 23572	
0.1 0.2 -3.4 -3.3 23244	
0.1 0.2 -3.9 -3.8 19243	
0.1 0.2 -4.5 -4.4 15544	
0.1 0.2 -5.6 -5.5 22285	
0.1 0.2 -6.2 -6.1 23374	
0.1 0.2 -7.3 -7.2 10711	
0.1 0.2 -7.7 -7.6 6097	
0.1 0.2 -8.8 -8.7 524	
0.1 0.2 -9.4 -9.3 83	
0.1 0.2 -9.9 -9.8 16	
0.1 0.2 0.0 0.1 1075	
0.1 0.2 0.7 0.8 2376	
0.1 0.2 1.1 1.2 4558	
0.1 0.2 2.4 2.5 20924	
0.1 0.2 3.0 3.1 24696	
0.1 0.2 3.7 3.8 20316	
0.1 0.2 4.3 4.4 15690	
0.1 0.2 5.6 5.7 22940	
0.1 0.2 5.9 6.0 23771	
0.1 0.2 6.0 6.1 23737	
0.1 0.2 6.2 6.3 23218	
0.1 0.2 7.3 7.4 9515	
0.1 0.2 8.6 8.7 728	
0.1 0.2 8.9 9.0 310	
0.1 0.2 9.2 9.3 121	
0.2 0.3 -0.5 -0.4 1593	
0.2 0.3 -1.6 -1.5 8360	
0.2 0.3 -10.0 -9.9 12	
0.2 0.3 -10.3 -10.2 3	
0.2 0.3 -2.2 -2.1 16512	
0.2 0.3 -3.0 -2.9 23990	
0.2 0.3 -3.3 -3.2 23610	
0.2 0.3 -4.8 -4.7 15736	
0.2 0.3 -5.9 -5.8 23325	
0.2 0.3 -6.1 -6.0 23287	
0.2 0.3 -6.5 -6.4 21031	
0.2 0.3 -7.6 -7.5 6920	
0.2 0.3 -8.2 -8.1 2245	
0.2 0.3 -9.0 -8.9 307	
0.2 0.3 -9.3 -9.2 142	
0.2 0.3 0.2 0.3 1355	
0.2 0.3 1.5 1.6 8554	
0.2 0.3 10.1 10.2 5	
0.2 0.3 2.1 2.2 16565	
0.2 0.3 2.8 2.9 23354	
0.2 0.3 3.4 3.5 22466	
0.2 0.3 4.0 4.1 16985	
0.2 0.3 4.7 4.8 15565	
0.2 0.3 5.1 5.2 18402	
0.2 0.3 5.8 5.9 23313	
0.2 0.3 6.4 6.5 21017	
0.2 0.3 7.0 7.1 13443	
0.2 0.3 7.7 7.8 5102	
0.2 0.3 8.3 8.4 1481	
0.2 0.3 9.6 9.7 31	
0.3 0.4 -0.4 -0.3 1499	
0.3 0.4 -0.8 -0.7 2467	
0.3 0.4 -1.9 -1.8 12229	
0.3 0.4 -10.3 -10.2 1	
0.3 0.4 -11.0 -10.9 1	
0.3 0.4 -2.1 -2.0 14837	
0.3 0.4 -2.5 -2.4 20156	
0.3 0.4 -3.6 -3.5 20757	
0.3 0.4 -4.2 -4.1 16039	
0.3 0.4 -4.7 -4.6 14940	
0.3 0.4 -5.0 -4.9 16622	
0.3 0.4 -5.3 -5.2 18882	
0.3 0.4 -6.4 -6.3 21434	
0.3 0.4 -6.8 -6.7 17085	
0.3 0.4 -7.9 -7.8 4099	
0.3 0.4 -8.1 -8.0 2731	
0.3 0.4 -8.5 -8.4 1155	
0.3 0.4 -9.6 -9.5 36	
0.3 0.4 0.6 0.7 2191	
0.3 0.4 0.9 1.0 3327	
0.3 0.4 1.2 1.3 5364	
0.3 0.4 10.0 10.1 4	
0.3 0.4 2.5 2.6 20978	
0.3 0.4 3.6 3.7 20214	
0.3 0.4 4.2 4.3 15383	
0.3 0.4 5.5 5.6 21214	
0.3 0.4 6.1 6.2 22260	
0.3 0.4 6.8 6.9 15419	
0.3 0.4 7.4 7.5 7857	
0.3 0.4 8.7 8.8 510	
0.3 0.4 9.1 9.2 158	
0.3 0.4 9.8 9.9 10	
0.4 0.5 -0.7 -0.6 2256	
0.4 0.5 -1.0 -0.9 3377	
0.4 0.5 -1.3 -1.2 5211	
0.4 0.5 -10.3 -10.2 4	
0.4 0.5 -10.8 -10.7 1	
0.4 0.5 -2.4 -2.3 18550	
0.4 0.5 -2.8 -2.7 22223	
0.4 0.5 -3.9 -3.8 17784	
0.4 0.5 -4.1 -4.0 16067	
0.4 0.5 -5.6 -5.5 20643	
0.4 0.5 -6.7 -6.6 17418	
0.4 0.5 -7.0 -6.9 13785	
0.4 0.5 -7.3 -7.2 9921	
0.4 0.5 -8.4 -8.3 1384	
0.4 0.5 -8.8 -8.7 473	
0.4 0.5 -9.9 -9.8 9	
0.4 0.5 0.3 0.4 1628	
0.4 0.5 1.4 1.5 7068	
0.4 0.5 1.6 1.7 9298	
0.4 0.5 1.9 2.0 13366	
0.4 0.5 10.3 10.4 2	
0.4 0.5 10.7 10.8 2	
0.4 0.5 2.0 2.1 14515	
0.4 0.5 2.7 2.8 21929	
0.4 0.5 3.3 3.4 21921	
0.4 0.5 4.6 4.7 14434	
0.4 0.5 4.9 5.0 15652	
0.4 0.5 5.2 5.3 18115	
0.4 0.5 6.5 6.6 18406	
0.4 0.5 7.6 7.7 5660	
0.4 0.5 7.9 8.0 3197	
0.4 0.5 8.2 8.3 1723	
0.4 0.5 9.5 9.6 38	
0.5 0.6 -1.2 -1.1 4642	
0.5 0.6 -1.6 -1.5 7714	
0.5 0.6 -10.0 -9.9 5	
0.5 0.6 -2.7 -2.6 20335	
0.5 0.6 -3.0 -2.9 21771	
0.5 0.6 -3.3 -3.2 21494	
0.5 0.6 -4.4 -4.3 13931	
0.5 0.6 -5.5 -5.4 18509	
0.5 0.6 -5.9 -5.8 20784	
0.5 0.6 -6.1 -6.0 20824	
0.5 0.6 -7.2 -7.1 10675	
0.5 0.6 -7.6 -7.5 6118	
0.5 0.6 -8.7 -8.6 570	
0.5 0.6 -9.0 -8.9 248	
0.5 0.6 -9.3 -9.2 98	
0.5 0.6 0.5 0.6 2237	
0.5 0.6 1.1 1.2 4387	
0.5 0.6 1.8 1.9 11347	
0.5 0.6 10.6 10.7 2	
0.5 0.6 2.4 2.5 18682	
0.5 0.6 3.0 3.1 21969	
0.5 0.6 3.7 3.8 18139	
0.5 0.6 4.3 4.4 13809	
0.5 0.6 5.4 5.5 18699	
0.5 0.6 6.0 6.1 20588	
0.5 0.6 6.7 6.8 15589	
0.5 0.6 7.3 7.4 8217	
0.5 0.6 8.6 8.7 649	
0.5 0.6 8.9 9.0 251	
0.5 0.6 9.2 9.3 106	
0.6 0.7 -0.1 0.0 2050	
0.6 0.7 -0.4 -0.3 2160	
0.6 0.7 -1.5 -1.4 6731	
0.6 0.7 -1.9 -1.8 10989	
0.6 0.7 -2.1 -2.0 13431	
0.6 0.7 -3.2 -3.1 21164	
0.6 0.7 -3.6 -3.5 18839	
0.6 0.7 -4.7 -4.6 13229	
0.6 0.7 -5.0 -4.9 14234	
0.6 0.7 -5.8 -5.7 19209	
0.6 0.7 -6.4 -6.3 18223	
0.6 0.7 -7.5 -7.4 6746	
0.6 0.7 -7.9 -7.8 3513	
0.6 0.7 -8.1 -8.0 2396	
0.6 0.7 -9.2 -9.1 124	
0.6 0.7 -9.6 -9.5 31	
0.6 0.7 0.2 0.3 2053	
0.6 0.7 1.5 1.6 7620	
0.6 0.7 10.0 10.1 5	
0.6 0.7 2.1 2.2 14710	
0.6 0.7 2.8 2.9 20655	
0.6 0.7 3.2 3.3 20775	
0.6 0.7 4.5 4.6 13009	
0.6 0.7 5.1 5.2 15427	
0.6 0.7 5.8 5.9 19292	
0.6 0.7 6.4 6.5 17546	
0.6 0.7 7.0 7.1 11134	
0.6 0.7 7.7 7.8 4141	
0.6 0.7 8.1 8.2 1904	
0.6 0.7 8.3 8.4 1228	
0.6 0.7 9.4 9.5 45	
0.7 0.8 -0.3 -0.2 2430	
0.7 0.8 -0.7 -0.6 2849	
0.7 0.8 -1.0 -0.9 3685	
0.7 0.8 -1.8 -1.7 9489	
0.7 0.8 -2.4 -2.3 16190	
0.7 0.8 -3.5 -3.4 18590	
0.7 0.8 -3.9 -3.8 15821	
0.7 0.8 -4.1 -4.0 14378	
0.7 0.8 -5.2 -5.1 14492	
0.7 0.8 -6.7 -6.6 14853	
0.7 0.8 -7.0 -6.9 11539	
0.7 0.8 -7.8 -7.7 3860	
0.7 0.8 -8.4 -8.3 1130	
0.7 0.8 -9.5 -9.4 52	
0.7 0.8 -9.9 -9.8 9	
0.7 0.8 0.6 0.7 2913	
0.7 0.8 0.9 1.0 3648	
0.7 0.8 1.0 1.1 4029	
0.7 0.8 10.3 10.4 3	
0.7 0.8 2.3 2.4 16381	
0.7 0.8 3.6 3.7 17282	
0.7 0.8 3.9 4.0 14950	
0.7 0.8 4.2 4.3 13060	
0.7 0.8 5.5 5.6 16987	
0.7 0.8 6.1 6.2 17751	
0.7 0.8 6.8 6.9 12419	
0.7 0.8 7.2 7.3 8129	
0.7 0.8 8.5 8.6 703	
0.7 0.8 9.1 9.2 129	
0.7 0.8 9.8 9.9 13	
0.8 0.9 -0.6 -0.5 3048	
0.8 0.9 -1.2 -1.1 4690	
0.8 0.9 -11.5 -11.4 1	
0.8 0.9 -2.3 -2.2 14504	
0.8 0.9 -2.7 -2.6 18279	
0.8 0.9 -3.8 -3.7 15698	
0.8 0.9 -4.4 -4.3 11793	
0.8 0.9 -5.5 -5.4 15437	
0.8 0.9 -6.1 -6.0 16888	
0.8 0.9 -6.6 -6.5 14439	
0.8 0.9 -7.2 -7.1 8449	
0.8 0.9 -8.3 -8.2 1302	
0.8 0.9 -8.7 -8.6 466	
0.8 0.9 -9.8 -9.7 13	
0.8 0.9 0.1 0.2 2804	
0.8 0.9 0.8 0.9 3516	
0.8 0.9 1.4 1.5 6629	
0.8 0.9 10.2 10.3 3	
0.8 0.9 2.0 2.1 12310	
0.8 0.9 2.7 2.8 18456	
0.8 0.9 3.3 3.4 18228	
0.8 0.9 4.6 4.7 11581	
0.8 0.9 4.9 5.0 12573	
0.8 0.9 5.0 5.1 12986	
0.8 0.9 5.7 5.8 16645	
0.8 0.9 6.3 6.4 15740	
0.8 0.9 7.6 7.7 4247	
0.8 0.9 7.9 8.0 2433	
0.8 0.9 8.2 8.3 1332	
0.8 0.9 9.5 9.6 39	
0.9 1.0 -0.4 -0.3 3440	
0.9 1.0 -0.8 -0.7 3708	
0.9 1.0 -1.9 -1.8 9772	
0.9 1.0 -10.7 -10.6 1	
0.9 1.0 -2.1 -2.0 11908	
0.9 1.0 -2.5 -2.4 15777	
0.9 1.0 -3.6 -3.5 16301	
0.9 1.0 -4.7 -4.6 10653	
0.9 1.0 -5.0 -4.9 11464	
0.9 1.0 -5.3 -5.2 12942	
0.9 1.0 -6.4 -6.3 14367	
0.9 1.0 -6.8 -6.7 11320	
0.9 1.0 -7.9 -7.8 2699	
0.9 1.0 -8.1 -8.0 1898	
0.9 1.0 -8.5 -8.4 751	
0.9 1.0 -9.6 -9.5 27	
0.9 1.0 0.0 0.1 3291	
0.9 1.0 0.7 0.8 3837	
0.9 1.0 1.3 1.4 5768	
0.9 1.0 10.0 10.1 4	
0.9 1.0 10.4 10.5 1	
0.9 1.0 2.6 2.7 17073	
0.9 1.0 2.9 3.0 18242	
0.9 1.0 3.0 3.1 18198	
0.9 1.0 3.7 3.8 15078	
0.9 1.0 4.3 4.4 11253	
0.9 1.0 5.6 5.7 14615	
0.9 1.0 5.9 6.0 15472	
0.9 1.0 6.2 6.3 14879	
0.9 1.0 7.5 7.6 4532	
0.9 1.0 8.8 8.9 256	
0.9 1.0 9.2 9.3 101	
1.0 1.1 -0.8 -0.7 4025	
1.0 1.1 -1.9 -1.8 9548	
1.0 1.1 -2.1 -2.0 11416	
1.0 1.1 -2.5 -2.4 15140	
1.0 1.1 -3.6 -3.5 15434	
1.0 1.1 -4.2 -4.1 11431	
1.0 1.1 -5.0 -4.9 10432	
1.0 1.1 -5.3 -5.2 11992	
1.0 1.1 -6.8 -6.7 10332	
1.0 1.1 -7.9 -7.8 2514	
1.0 1.1 -8.1 -8.0 1597	
1.0 1.1 -8.5 -8.4 705	
1.0 1.1 -9.6 -9.5 31	
1.0 1.1 0.6 0.7 3999	
1.0 1.1 0.9 1.0 4468	
1.0 1.1 1.2 1.3 5394	
1.0 1.1 2.3 2.4 14425	
1.0 1.1 3.6 3.7 14856	
1.0 1.1 3.9 4.0 12867	
1.0 1.1 4.2 4.3 10782	
1.0 1.1 5.5 5.6 12938	
1.0 1.1 6.1 6.2 13813	
1.0 1.1 6.8 6.9 9644	
1.0 1.1 7.2 7.3 6409	
1.0 1.1 8.5 8.6 534	
1.0 1.1 9.1 9.2 100	
1.0 1.1 9.8 9.9 6	
1.1 1.2 -0.2 -0.1 4673	
1.1 1.2 -0.7 -0.6 4591	
1.1 1.2 -1.0 -0.9 4744	
1.1 1.2 -1.3 -1.2 5600	
1.1 1.2 -10.0 -9.9 3	
1.1 1.2 -2.4 -2.3 13834	
1.1 1.2 -2.8 -2.7 16087	
1.1 1.2 -3.9 -3.8 13004	
1.1 1.2 -4.1 -4.0 11597	
1.1 1.2 -4.5 -4.4 9554	
1.1 1.2 -5.6 -5.5 11571	
1.1 1.2 -6.2 -6.1 12132	
1.1 1.2 -6.7 -6.6 9949	
1.1 1.2 -7.0 -6.9 7672	
1.1 1.2 -7.3 -7.2 5585	
1.1 1.2 -8.4 -8.3 783	
1.1 1.2 -8.8 -8.7 286	
1.1 1.2 -9.9 -9.8 3	
1.1 1.2 0.1 0.2 4737	
1.1 1.2 1.4 1.5 6667	
1.1 1.2 10.3 10.4 2	
1.1 1.2 2.0 2.1 10910	
1.1 1.2 2.7 2.8 16281	
1.1 1.2 3.3 3.4 15956	
1.1 1.2 4.6 4.7 9310	
1.1 1.2 4.9 5.0 9664	
1.1 1.2 5.0 5.1 9954	
1.1 1.2 5.2 5.3 10610	
1.1 1.2 6.3 6.4 11740	
1.1 1.2 7.6 7.7 3088	
1.1 1.2 7.9 8.0 1872	
1.1 1.2 8.2 8.3 985	
1.1 1.2 9.5 9.6 24	
1.2 1.3 -1.6 -1.5 7183	
1.2 1.3 -10.5 -10.4 1	
1.2 1.3 -2.7 -2.6 15352	
1.2 1.3 -3.0 -2.9 16338	
1.2 1.3 -3.3 -3.2 15756	
1.2 1.3 -4.4 -4.3 9139	
1.2 1.3 -4.8 -4.7 8567	
1.2 1.3 -5.9 -5.8 11175	
1.2 1.3 -6.1 -6.0 11115	
1.2 1.3 -7.6 -7.5 3379	
1.2 1.3 -8.7 -8.6 385	
1.2 1.3 -9.0 -8.9 145	
1.2 1.3 -9.3 -9.2 54	
1.2 1.3 0.5 0.6 5357	
1.2 1.3 1.1 1.2 5701	
1.2 1.3 1.8 1.9 9220	
1.2 1.3 2.4 2.5 14043	
1.2 1.3 3.0 3.1 16312	
1.2 1.3 3.7 3.8 12860	
1.2 1.3 4.1 4.2 10415	
1.2 1.3 4.8 4.9 8525	
1.2 1.3 5.4 5.5 10223	
1.2 1.3 6.0 6.1 11142	
1.2 1.3 6.7 6.8 8358	
1.2 1.3 7.3 7.4 4462	
1.2 1.3 8.6 8.7 311	
1.2 1.3 8.9 9.0 156	
1.2 1.3 9.0 9.1 113	
1.3 1.4 -0.4 -0.3 6357	
1.3 1.4 -1.5 -1.4 7103	
1.3 1.4 -1.9 -1.8 9295	
1.3 1.4 -2.1 -2.0 10678	
1.3 1.4 -3.2 -3.1 15536	
1.3 1.4 -3.6 -3.5 13798	
1.3 1.4 -4.7 -4.6 7936	
1.3 1.4 -5.0 -4.9 7997	
1.3 1.4 -5.3 -5.2 8497	
1.3 1.4 -6.4 -6.3 9138	
1.3 1.4 -7.9 -7.8 1720	
1.3 1.4 -8.1 -8.0 1130	
1.3 1.4 -9.2 -9.1 61	
1.3 1.4 -9.6 -9.5 15	
1.3 1.4 0.2 0.3 6357	
1.3 1.4 1.5 1.6 7203	
1.3 1.4 10.0 10.1 2	
1.3 1.4 2.6 2.7 15113	
1.3 1.4 2.8 2.9 15757	
1.3 1.4 3.2 3.3 15240	
1.3 1.4 4.5 4.6 8055	
1.3 1.4 5.1 5.2 8278	
1.3 1.4 5.8 5.9 9790	
1.3 1.4 6.4 6.5 8753	
1.3 1.4 7.7 7.8 2066	
1.3 1.4 8.1 8.2 917	
1.3 1.4 8.8 8.9 150	
1.3 1.4 9.4 9.5 29	
1.3 1.4 9.9 10.0 4	
1.4 1.5 -0.7 -0.6 6795	
1.4 1.5 -1.0 -0.9 6483	
1.4 1.5 -1.8 -1.7 8581	
1.4 1.5 -10.0 -9.9 3	
1.4 1.5 -2.4 -2.3 12905	
1.4 1.5 -3.5 -3.4 14395	
1.4 1.5 -3.9 -3.8 11777	
1.4 1.5 -4.1 -4.0 10243	
1.4 1.5 -5.2 -5.1 7460	
1.4 1.5 -5.6 -5.5 8249	
1.4 1.5 -6.7 -6.6 6827	
1.4 1.5 -7.0 -6.9 5260	
1.4 1.5 -7.3 -7.2 3796	
1.4 1.5 -7.8 -7.7 1909	
1.4 1.5 -8.4 -8.3 527	
1.4 1.5 -9.5 -9.4 18	
1.4 1.5 -9.9 -9.8 5	
1.4 1.5 0.6 0.7 6670	
1.4 1.5 0.9 1.0 6432	
1.4 1.5 1.0 1.1 6521	
1.4 1.5 1.7 1.8 8565	
1.4 1.5 2.3 2.4 13220	
1.4 1.5 3.6 3.7 13012	
1.4 1.5 3.9 4.0 10972	
1.4 1.5 4.2 4.3 8941	
1.4 1.5 5.5 5.6 8014	
1.4 1.5 6.6 6.7 6824	
1.4 1.5 6.9 7.0 5411	
1.4 1.5 7.2 7.3 3681	
1.4 1.5 8.5 8.6 317	
1.4 1.5 9.1 9.2 57	
1.4 1.5 9.8 9.9 6	
1.5 1.6 -1.2 -1.1 7008	
1.5 1.6 -2.3 -2.2 12334	
1.5 1.6 -2.7 -2.6 14698	
1.5 1.6 -3.0 -2.9 15605	
1.5 1.6 -3.8 -3.7 12339	
1.5 1.6 -4.4 -4.3 7982	
1.5 1.6 -5.5 -5.4 7069	
1.5 1.6 -5.9 -5.8 7470	
1.5 1.6 -6.1 -6.0 7404	
1.5 1.6 -7.2 -7.1 3731	
1.5 1.6 -8.7 -8.6 209	
1.5 1.6 -9.0 -8.9 103	
1.5 1.6 -9.8 -9.7 3	
1.5 1.6 0.1 0.2 8743	
1.5 1.6 0.8 0.9 7466	
1.5 1.6 1.4 1.5 7686	
1.5 1.6 2.0 2.1 10773	
1.5 1.6 2.7 2.8 15290	
1.5 1.6 3.3 3.4 14708	
1.5 1.6 4.4 4.5 7686	
1.5 1.6 5.0 5.1 6488	
1.5 1.6 5.7 5.8 7350	
1.5 1.6 6.3 6.4 6750	
1.5 1.6 7.6 7.7 1893	
1.5 1.6 7.9 8.0 1067	
1.5 1.6 8.2 8.3 551	
1.5 1.6 9.3 9.4 28	
1.6 1.7 -0.4 -0.3 9678	
1.6 1.7 -1.5 -1.4 8141	
1.6 1.7 -2.6 -2.5 14627	
1.6 1.7 -3.2 -3.1 15635	
1.6 1.7 -4.3 -4.2 8615	
1.6 1.7 -4.7 -4.6 6517	
1.6 1.7 -5.8 -5.7 6297	
1.6 1.7 -6.4 -6.3 5834	
1.6 1.7 -7.5 -7.4 2171	
1.6 1.7 -8.1 -8.0 760	
1.6 1.7 -8.6 -8.5 235	
1.6 1.7 -9.2 -9.1 41	
1.6 1.7 0.5 0.6 8965	
1.6 1.7 1.1 1.2 7938	
1.6 1.7 1.8 1.9 9813	
1.6 1.7 2.2 2.3 12689	
1.6 1.7 3.5 3.6 13802	
1.6 1.7 4.1 4.2 9348	
1.6 1.7 4.8 4.9 5889	
1.6 1.7 5.4 5.5 6056	
1.6 1.7 6.0 6.1 6068	
1.6 1.7 6.7 6.8 4712	
1.6 1.7 7.1 7.2 3151	
1.6 1.7 7.3 7.4 2510	
1.6 1.7 8.4 8.5 285	
1.6 1.7 9.0 9.1 50	
1.6 1.7 9.7 9.8 3	
1.7 1.8 -0.3 -0.2 11068	
1.7 1.8 -0.7 -0.6 9869	
1.7 1.8 -1.8 -1.7 9668	
1.7 1.8 -2.9 -2.8 16099	
1.7 1.8 -3.5 -3.4 14918	
1.7 1.8 -4.6 -4.5 6717	
1.7 1.8 -5.2 -5.1 5226	
1.7 1.8 -6.0 -5.9 5335	
1.7 1.8 -6.3 -6.2 5099	
1.7 1.8 -6.7 -6.6 4210	
1.7 1.8 -7.8 -7.7 1140	
1.7 1.8 -8.9 -8.8 85	
1.7 1.8 -9.5 -9.4 21	
1.7 1.8 0.0 0.1 11246	
1.7 1.8 1.3 1.4 8352	
1.7 1.8 2.6 2.7 15468	
1.7 1.8 2.9 3.0 16124	
1.7 1.8 3.2 3.3 15657	
1.7 1.8 4.5 4.6 6688	
1.7 1.8 5.1 5.2 5257	
1.7 1.8 5.8 5.9 5381	
1.7 1.8 6.2 6.3 5129	
1.7 1.8 7.5 7.6 1536	
1.7 1.8 8.1 8.2 476	
1.7 1.8 8.8 8.9 85	
1.7 1.8 9.4 9.5 9	
1.8 1.9 -0.6 -0.5 11644	
1.8 1.9 -1.2 -1.1 9414	
1.8 1.9 -10.2 -10.1 1	
1.8 1.9 -2.0 -1.9 11194	
1.8 1.9 -2.3 -2.2 13505	
1.8 1.9 -3.4 -3.3 15806	
1.8 1.9 -3.8 -3.7 12835	
1.8 1.9 -4.9 -4.8 5265	
1.8 1.9 -5.1 -5.0 4964	
1.8 1.9 -5.5 -5.4 4603	
1.8 1.9 -6.6 -6.5 3749	
1.8 1.9 -7.2 -7.1 2193	
1.8 1.9 -8.0 -7.9 637	
1.8 1.9 -8.3 -8.2 356	
1.8 1.9 -9.4 -9.3 12	
1.8 1.9 -9.8 -9.7 9	
1.8 1.9 0.4 0.5 12108	
1.8 1.9 1.0 1.1 9475	
1.8 1.9 1.7 1.8 10280	
1.8 1.9 2.3 2.4 14360	
1.8 1.9 3.6 3.7 13651	
1.8 1.9 3.9 4.0 11155	
1.8 1.9 4.0 4.1 10290	
1.8 1.9 4.7 4.8 5478	
1.8 1.9 5.3 5.4 4431	
1.8 1.9 6.6 6.7 3575	
1.8 1.9 6.9 7.0 2794	
1.8 1.9 7.2 7.3 2033	
1.8 1.9 8.5 8.6 194	
1.8 1.9 9.8 9.9 1	
1.9 2.0 -0.4 -0.3 13639	
1.9 2.0 -1.5 -1.4 10020	
1.9 2.0 -1.9 -1.8 11511	
1.9 2.0 -2.1 -2.0 12797	
1.9 2.0 -3.2 -3.1 17487	
1.9 2.0 -3.6 -3.5 15109	
1.9 2.0 -4.7 -4.6 5871	
1.9 2.0 -5.0 -4.9 4616	
1.9 2.0 -5.3 -5.2 4036	
1.9 2.0 -5.8 -5.7 3988	
1.9 2.0 -6.4 -6.3 3389	
1.9 2.0 -7.5 -7.4 1179	
1.9 2.0 -7.9 -7.8 634	
1.9 2.0 -8.1 -8.0 428	
1.9 2.0 -9.2 -9.1 23	
1.9 2.0 -9.6 -9.5 11	
1.9 2.0 0.3 0.4 13401	
1.9 2.0 1.6 1.7 10523	
1.9 2.0 1.9 2.0 12040	
1.9 2.0 11.1 11.2 1	
1.9 2.0 2.0 2.1 12752	
1.9 2.0 3.3 3.4 16786	
1.9 2.0 4.6 4.7 5891	
1.9 2.0 4.9 5.0 4764	
1.9 2.0 5.2 5.3 4075	
1.9 2.0 6.5 6.6 3100	
1.9 2.0 7.8 7.9 635	
1.9 2.0 8.2 8.3 257	
1.9 2.0 9.5 9.6 5	
10.0 10.1 -0.7 -0.6 2	
10.0 10.1 -1.0 -0.9 6	
10.0 10.1 -1.3 -1.2 3	
10.0 10.1 -2.8 -2.7 1	
10.0 10.1 0.6 0.7 10	
10.0 10.1 0.9 1.0 3	
10.1 10.2 -0.1 0.0 3	
10.1 10.2 -0.5 -0.4 6	
10.1 10.2 -0.9 -0.8 7	
10.1 10.2 -1.1 -1.0 4	
10.1 10.2 -2.6 -2.5 1	
10.1 10.2 0.4 0.5 2	
10.1 10.2 1.0 1.1 3	
10.1 10.2 1.7 1.8 1	
10.1 10.2 2.3 2.4 4	
10.2 10.3 -0.7 -0.6 2	
10.2 10.3 -1.0 -0.9 1	
10.2 10.3 0.4 0.5 6	
10.2 10.3 1.0 1.1 2	
10.3 10.4 -0.5 -0.4 3	
10.3 10.4 0.4 0.5 5	
10.4 10.5 -0.3 -0.2 2	
10.4 10.5 -1.8 -1.7 1	
10.4 10.5 0.2 0.3 1	
10.4 10.5 1.5 1.6 2	
10.4 10.5 2.1 2.2 1	
10.5 10.6 -0.5 -0.4 1	
10.5 10.6 0.2 0.3 1	
10.6 10.7 0.0 0.1 3	
10.6 10.7 1.3 1.4 1	
10.6 10.7 3.2 3.3 1	
10.8 10.9 0.7 0.8 1	
11.1 11.2 0.5 0.6 1	
2.0 2.1 -0.4 -0.3 14795	
2.0 2.1 -0.8 -0.7 13268	
2.0 2.1 -1.9 -1.8 12195	
2.0 2.1 -10.0 -9.9 1	
2.0 2.1 -2.1 -2.0 13522	
2.0 2.1 -3.6 -3.5 15731	
2.0 2.1 -4.7 -4.6 5907	
2.0 2.1 -5.0 -4.9 4404	
2.0 2.1 -5.3 -5.2 3648	
2.0 2.1 -6.4 -6.3 2884	
2.0 2.1 -6.8 -6.7 2133	
2.0 2.1 -7.9 -7.8 578	
2.0 2.1 -8.1 -8.0 348	
2.0 2.1 -8.5 -8.4 144	
2.0 2.1 -9.6 -9.5 3	
2.0 2.1 0.2 0.3 15405	
2.0 2.1 1.3 1.4 10894	
2.0 2.1 10.0 10.1 1	
2.0 2.1 2.6 2.7 17379	
2.0 2.1 2.9 3.0 18377	
2.0 2.1 3.2 3.3 17944	
2.0 2.1 4.5 4.6 6535	
2.0 2.1 5.1 5.2 3854	
2.0 2.1 5.8 5.9 3177	
2.0 2.1 6.2 6.3 2909	
2.0 2.1 6.4 6.5 2623	
2.0 2.1 7.5 7.6 820	
2.0 2.1 8.1 8.2 267	
2.0 2.1 8.8 8.9 51	
2.0 2.1 9.4 9.5 10	
2.1 2.2 -0.7 -0.6 14804	
2.1 2.2 -1.0 -0.9 12974	
2.1 2.2 -1.3 -1.2 11854	
2.1 2.2 -2.4 -2.3 16358	
2.1 2.2 -3.5 -3.4 17178	
2.1 2.2 -3.9 -3.8 13440	
2.1 2.2 -4.1 -4.0 11441	
2.1 2.2 -5.2 -5.1 3550	
2.1 2.2 -5.6 -5.5 2868	
2.1 2.2 -6.7 -6.6 1994	
2.1 2.2 -7.0 -6.9 1491	
2.1 2.2 -7.3 -7.2 1090	
2.1 2.2 -8.4 -8.3 144	
2.1 2.2 0.4 0.5 15811	
2.1 2.2 1.0 1.1 12378	
2.1 2.2 1.7 1.8 12189	
2.1 2.2 2.3 2.4 16469	
2.1 2.2 3.6 3.7 15644	
2.1 2.2 3.9 4.0 12393	
2.1 2.2 4.0 4.1 11305	
2.1 2.2 4.2 4.3 9314	
2.1 2.2 5.3 5.4 3103	
2.1 2.2 6.6 6.7 1927	
2.1 2.2 6.9 7.0 1477	
2.1 2.2 7.2 7.3 1081	
2.1 2.2 8.5 8.6 99	
2.1 2.2 9.1 9.2 19	
2.1 2.2 9.8 9.9 2	
2.2 2.3 -0.1 0.0 18554	
2.2 2.3 -1.2 -1.1 12839	
2.2 2.3 -1.6 -1.5 12092	
2.2 2.3 -2.7 -2.6 19286	
2.2 2.3 -3.0 -2.9 20367	
2.2 2.3 -3.8 -3.7 15095	
2.2 2.3 -4.4 -4.3 8575	
2.2 2.3 -5.5 -5.4 2658	
2.2 2.3 -5.9 -5.8 2155	
2.2 2.3 -6.1 -6.0 2037	
2.2 2.3 -7.2 -7.1 970	
2.2 2.3 -7.6 -7.5 594	
2.2 2.3 -8.7 -8.6 72	
2.2 2.3 -9.0 -8.9 25	
2.2 2.3 -9.3 -9.2 9	
2.2 2.3 -9.8 -9.7 2	
2.2 2.3 0.1 0.2 18236	
2.2 2.3 0.8 0.9 14222	
2.2 2.3 1.4 1.5 12365	
2.2 2.3 10.6 10.7 1	
2.2 2.3 2.0 2.1 14858	
2.2 2.3 2.7 2.8 19579	
2.2 2.3 3.1 3.2 19572	
2.2 2.3 3.8 3.9 13963	
2.2 2.3 4.4 4.5 7592	
2.2 2.3 5.0 5.1 3655	
2.2 2.3 5.7 5.8 2297	
2.2 2.3 6.3 6.4 1803	
2.2 2.3 7.6 7.7 502	
2.2 2.3 7.9 8.0 267	
2.2 2.3 8.0 8.1 250	
2.2 2.3 9.3 9.4 3	
2.3 2.4 -0.4 -0.3 18748	
2.3 2.4 -1.5 -1.4 13228	
2.3 2.4 -1.9 -1.8 14283	
2.3 2.4 -2.1 -2.0 15646	
2.3 2.4 -3.2 -3.1 20849	
2.3 2.4 -4.7 -4.6 5956	
2.3 2.4 -5.0 -4.9 4011	
2.3 2.4 -5.8 -5.7 1926	
2.3 2.4 -6.4 -6.3 1449	
2.3 2.4 -7.5 -7.4 520	
2.3 2.4 -7.9 -7.8 265	
2.3 2.4 -8.1 -8.0 190	
2.3 2.4 -9.2 -9.1 17	
2.3 2.4 0.5 0.6 17466	
2.3 2.4 1.6 1.7 13164	
2.3 2.4 1.8 1.9 14313	
2.3 2.4 2.2 2.3 17379	
2.3 2.4 3.5 3.6 17889	
2.3 2.4 4.1 4.2 11119	
2.3 2.4 4.8 4.9 4556	
2.3 2.4 5.4 5.5 2272	
2.3 2.4 6.7 6.8 1182	
2.3 2.4 7.1 7.2 871	
2.3 2.4 7.8 7.9 259	
2.3 2.4 8.4 8.5 62	
2.3 2.4 9.0 9.1 16	
2.4 2.5 -0.3 -0.2 20561	
2.4 2.5 -0.7 -0.6 18214	
2.4 2.5 -1.8 -1.7 14183	
2.4 2.5 -2.4 -2.3 18962	
2.4 2.5 -3.5 -3.4 20020	
2.4 2.5 -4.1 -4.0 12802	
2.4 2.5 -4.6 -4.5 6995	
2.4 2.5 -5.2 -5.1 2996	
2.4 2.5 -6.3 -6.2 1288	
2.4 2.5 -6.7 -6.6 1070	
2.4 2.5 -7.8 -7.7 241	
2.4 2.5 -8.4 -8.3 77	
2.4 2.5 -9.5 -9.4 4	
2.4 2.5 0.0 0.1 20825	
2.4 2.5 0.7 0.8 17202	
2.4 2.5 1.3 1.4 13916	
2.4 2.5 10.3 10.4 1	
2.4 2.5 2.6 2.7 20940	
2.4 2.5 2.9 3.0 22004	
2.4 2.5 3.2 3.3 21075	
2.4 2.5 4.5 4.6 6859	
2.4 2.5 5.6 5.7 1773	
2.4 2.5 5.9 6.0 1454	
2.4 2.5 6.2 6.3 1273	
2.4 2.5 7.5 7.6 383	
2.4 2.5 8.1 8.2 114	
2.4 2.5 8.8 8.9 20	
2.4 2.5 9.4 9.5 4	
2.5 2.6 -0.6 -0.5 19731	
2.5 2.6 -1.2 -1.1 15236	
2.5 2.6 -2.0 -1.9 16120	
2.5 2.6 -2.3 -2.2 18870	
2.5 2.6 -2.7 -2.6 21683	
2.5 2.6 -3.8 -3.7 17214	
2.5 2.6 -4.9 -4.8 4508	
2.5 2.6 -5.5 -5.4 1962	
2.5 2.6 -6.6 -6.5 822	
2.5 2.6 -7.2 -7.1 483	
2.5 2.6 -8.0 -7.9 151	
2.5 2.6 -8.3 -8.2 82	
2.5 2.6 -8.7 -8.6 24	
2.5 2.6 -9.8 -9.7 1	
2.5 2.6 0.4 0.5 20410	
2.5 2.6 1.0 1.1 15734	
2.5 2.6 1.7 1.8 15008	
2.5 2.6 2.3 2.4 19329	
2.5 2.6 3.4 3.5 20619	
2.5 2.6 3.9 4.0 14329	
2.5 2.6 4.0 4.1 12897	
2.5 2.6 4.7 4.8 5251	
2.5 2.6 5.3 5.4 2070	
2.5 2.6 6.6 6.7 775	
2.5 2.6 6.9 7.0 600	
2.5 2.6 7.2 7.3 423	
2.5 2.6 8.3 8.4 57	
2.5 2.6 8.5 8.6 35	
2.5 2.6 9.6 9.7 1	
2.6 2.7 -0.9 -0.8 18058	
2.6 2.7 -1.1 -1.0 16725	
2.6 2.7 -1.5 -1.4 14912	
2.6 2.7 -2.6 -2.5 21866	
2.6 2.7 -3.2 -3.1 23048	
2.6 2.7 -4.0 -3.9 14845	
2.6 2.7 -4.3 -4.2 10808	
2.6 2.7 -5.4 -5.3 2085	
2.6 2.7 -5.8 -5.7 1225	
2.6 2.7 -6.9 -6.8 521	
2.6 2.7 -7.1 -7.0 432	
2.6 2.7 -7.5 -7.4 242	
2.6 2.7 -8.6 -8.5 28	
2.6 2.7 -9.2 -9.1 5	
2.6 2.7 0.1 0.2 22686	
2.6 2.7 0.8 0.9 17933	
2.6 2.7 1.2 1.3 15206	
2.6 2.7 2.5 2.6 21574	
2.6 2.7 3.1 3.2 23286	
2.6 2.7 3.8 3.9 16017	
2.6 2.7 4.4 4.5 8483	
2.6 2.7 5.0 5.1 3277	
2.6 2.7 5.7 5.8 1274	
2.6 2.7 6.3 6.4 721	
2.6 2.7 7.4 7.5 256	
2.6 2.7 8.0 8.1 96	
2.6 2.7 8.7 8.8 10	
2.6 2.7 9.3 9.4 1	
2.7 2.8 -0.3 -0.2 23078	
2.7 2.8 -1.4 -1.3 15325	
2.7 2.8 -1.8 -1.7 15920	
2.7 2.8 -2.9 -2.8 23730	
2.7 2.8 -3.1 -3.0 24021	
2.7 2.8 -3.5 -3.4 21701	
2.7 2.8 -4.6 -4.5 7384	
2.7 2.8 -5.7 -5.6 1231	
2.7 2.8 -6.0 -5.9 914	
2.7 2.8 -6.3 -6.2 665	
2.7 2.8 -7.4 -7.3 218	
2.7 2.8 -7.8 -7.7 130	
2.7 2.8 -8.9 -8.8 10	
2.7 2.8 -9.1 -9.0 7	
2.7 2.8 0.3 0.4 22787	
2.7 2.8 1.6 1.7 15446	
2.7 2.8 1.9 2.0 17224	
2.7 2.8 2.2 2.3 19817	
2.7 2.8 3.5 3.6 20365	
2.7 2.8 4.1 4.2 12595	
2.7 2.8 4.8 4.9 4528	
2.7 2.8 5.2 5.3 2257	
2.7 2.8 6.5 6.6 528	
2.7 2.8 7.1 7.2 290	
2.7 2.8 7.8 7.9 108	
2.7 2.8 8.4 8.5 30	
2.7 2.8 9.0 9.1 3	
2.8 2.9 -0.2 -0.1 24254	
2.8 2.9 -0.6 -0.5 21579	
2.8 2.9 -1.7 -1.6 15678	
2.8 2.9 -2.0 -1.9 17492	
2.8 2.9 -2.3 -2.2 20061	
2.8 2.9 -3.4 -3.3 22450	
2.8 2.9 -4.9 -4.8 4710	
2.8 2.9 -5.1 -5.0 3177	
2.8 2.9 -6.6 -6.5 388	
2.8 2.9 -7.7 -7.6 107	
2.8 2.9 -8.0 -7.9 58	
2.8 2.9 -8.3 -8.2 41	
2.8 2.9 -9.4 -9.3 1	
2.8 2.9 0.0 0.1 24398	
2.8 2.9 0.7 0.8 19860	
2.8 2.9 1.3 1.4 15764	
2.8 2.9 2.6 2.7 23287	
2.8 2.9 2.9 3.0 24157	
2.8 2.9 3.0 3.1 24096	
2.8 2.9 3.7 3.8 17884	
2.8 2.9 4.3 4.4 9900	
2.8 2.9 5.6 5.7 1130	
2.8 2.9 5.9 6.0 741	
2.8 2.9 6.2 6.3 522	
2.8 2.9 7.5 7.6 120	
2.8 2.9 8.8 8.9 6	
2.8 2.9 9.2 9.3 1	
2.9 3.0 -0.4 -0.3 23699	
2.9 3.0 -1.5 -1.4 15534	
2.9 3.0 -2.1 -2.0 18237	
2.9 3.0 -2.6 -2.5 22790	
2.9 3.0 -3.2 -3.1 24046	
2.9 3.0 -4.3 -4.2 11035	
2.9 3.0 -4.7 -4.6 6239	
2.9 3.0 -5.8 -5.7 836	
2.9 3.0 -6.4 -6.3 361	
2.9 3.0 -7.5 -7.4 132	
2.9 3.0 -8.1 -8.0 46	
2.9 3.0 -9.2 -9.1 1	
2.9 3.0 0.6 0.7 20943	
2.9 3.0 0.9 1.0 18245	
2.9 3.0 1.0 1.1 17489	
2.9 3.0 10.0 10.1 1	
2.9 3.0 2.3 2.4 21244	
2.9 3.0 3.6 3.7 19626	
2.9 3.0 3.9 4.0 15660	
2.9 3.0 4.2 4.3 11025	
2.9 3.0 5.5 5.6 1157	
2.9 3.0 6.8 6.9 241	
2.9 3.0 7.2 7.3 151	
2.9 3.0 8.5 8.6 9	
2.9 3.0 9.1 9.2 6	
2.9 3.0 9.8 9.9 1	
3.0 3.1 -0.4 -0.3 23626	
3.0 3.1 -1.5 -1.4 15678	
3.0 3.1 -1.9 -1.8 16789	
3.0 3.1 -2.1 -2.0 18459	
3.0 3.1 -3.2 -3.1 23925	
3.0 3.1 -3.6 -3.5 20776	
3.0 3.1 -4.7 -4.6 6227	
3.0 3.1 -5.0 -4.9 3647	
3.0 3.1 -5.3 -5.2 2092	
3.0 3.1 -5.8 -5.7 763	
3.0 3.1 -6.4 -6.3 296	
3.0 3.1 -7.5 -7.4 89	
3.0 3.1 -7.9 -7.8 45	
3.0 3.1 -8.1 -8.0 24	
3.0 3.1 -9.2 -9.1 3	
3.0 3.1 0.3 0.4 23515	
3.0 3.1 1.6 1.7 15789	
3.0 3.1 1.9 2.0 17348	
3.0 3.1 2.2 2.3 20070	
3.0 3.1 3.5 3.6 20812	
3.0 3.1 4.1 4.2 12553	
3.0 3.1 4.8 4.9 4427	
3.0 3.1 5.2 5.3 2069	
3.0 3.1 5.4 5.5 1417	
3.0 3.1 6.5 6.6 269	
3.0 3.1 7.1 7.2 124	
3.0 3.1 7.8 7.9 52	
3.0 3.1 8.4 8.5 15	
3.0 3.1 9.0 9.1 3	
3.1 3.2 -0.1 0.0 24586	
3.1 3.2 -0.3 -0.2 23845	
3.1 3.2 -0.7 -0.6 21048	
3.1 3.2 -1.0 -0.9 18156	
3.1 3.2 -1.8 -1.7 16100	
3.1 3.2 -2.4 -2.3 20894	
3.1 3.2 -3.5 -3.4 21747	
3.1 3.2 -3.9 -3.8 16802	
3.1 3.2 -4.1 -4.0 13718	
3.1 3.2 -5.2 -5.1 2585	
3.1 3.2 -6.7 -6.6 131	
3.1 3.2 -7.0 -6.9 115	
3.1 3.2 -7.8 -7.7 36	
3.1 3.2 -8.4 -8.3 11	
3.1 3.2 0.0 0.1 24547	
3.1 3.2 0.7 0.8 20140	
3.1 3.2 1.3 1.4 15686	
3.1 3.2 2.6 2.7 22941	
3.1 3.2 2.9 3.0 23812	
3.1 3.2 3.2 3.3 23111	
3.1 3.2 4.3 4.4 9646	
3.1 3.2 5.6 5.7 845	
3.1 3.2 5.9 6.0 455	
3.1 3.2 6.2 6.3 286	
3.1 3.2 7.5 7.6 62	
3.1 3.2 8.1 8.2 23	
3.1 3.2 8.8 8.9 8	
3.2 3.3 -0.6 -0.5 21533	
3.2 3.3 -1.2 -1.1 16323	
3.2 3.3 -2.3 -2.2 19314	
3.2 3.3 -2.7 -2.6 22510	
3.2 3.3 -3.8 -3.7 17615	
3.2 3.3 -4.4 -4.3 9414	
3.2 3.3 -5.5 -5.4 1297	
3.2 3.3 -6.1 -6.0 348	
3.2 3.3 -6.6 -6.5 148	
3.2 3.3 -7.2 -7.1 82	
3.2 3.3 -8.3 -8.2 11	
3.2 3.3 -8.7 -8.6 5	
3.2 3.3 0.4 0.5 22530	
3.2 3.3 1.0 1.1 17125	
3.2 3.3 1.7 1.8 15508	
3.2 3.3 2.1 2.2 18566	
3.2 3.3 2.8 2.9 23206	
3.2 3.3 3.4 3.5 21146	
3.2 3.3 4.0 4.1 13410	
3.2 3.3 4.7 4.8 5146	
3.2 3.3 5.3 5.4 1541	
3.2 3.3 6.6 6.7 127	
3.2 3.3 6.9 7.0 79	
3.2 3.3 7.0 7.1 77	
3.2 3.3 8.3 8.4 8	
3.2 3.3 9.6 9.7 1	
3.3 3.4 -0.9 -0.8 18542	
3.3 3.4 -1.5 -1.4 14953	
3.3 3.4 -2.6 -2.5 21327	
3.3 3.4 -3.2 -3.1 22217	
3.3 3.4 -4.0 -3.9 14375	
3.3 3.4 -4.3 -4.2 10523	
3.3 3.4 -4.7 -4.6 5725	
3.3 3.4 -5.8 -5.7 618	
3.3 3.4 -6.9 -6.8 84	
3.3 3.4 -7.5 -7.4 42	
3.3 3.4 -8.6 -8.5 3	
3.3 3.4 -9.2 -9.1 1	
3.3 3.4 0.8 0.9 18556	
3.3 3.4 1.2 1.3 15415	
3.3 3.4 2.5 2.6 21132	
3.3 3.4 3.1 3.2 22361	
3.3 3.4 3.8 3.9 15918	
3.3 3.4 4.4 4.5 7946	
3.3 3.4 5.7 5.8 550	
3.3 3.4 6.1 6.2 230	
3.3 3.4 6.8 6.9 58	
3.3 3.4 7.4 7.5 28	
3.3 3.4 8.0 8.1 11	
3.4 3.5 -0.3 -0.2 22366	
3.4 3.5 -1.4 -1.3 14650	
3.4 3.5 -1.8 -1.7 14725	
3.4 3.5 -2.9 -2.8 21825	
3.4 3.5 -3.1 -3.0 21930	
3.4 3.5 -3.5 -3.4 19785	
3.4 3.5 -4.6 -4.5 6479	
3.4 3.5 -5.2 -5.1 2227	
3.4 3.5 -6.0 -5.9 355	
3.4 3.5 -6.3 -6.2 158	
3.4 3.5 -7.8 -7.7 12	
3.4 3.5 -8.9 -8.8 1	
3.4 3.5 0.3 0.4 21738	
3.4 3.5 1.6 1.7 14404	
3.4 3.5 1.9 2.0 15837	
3.4 3.5 2.2 2.3 18222	
3.4 3.5 3.5 3.6 18597	
3.4 3.5 4.6 4.7 5589	
3.4 3.5 4.9 5.0 3315	
3.4 3.5 5.2 5.3 1716	
3.4 3.5 6.5 6.6 91	
3.4 3.5 7.1 7.2 28	
3.4 3.5 7.8 7.9 13	
3.4 3.5 8.4 8.5 2	
3.5 3.6 -0.6 -0.5 19390	
3.5 3.6 -1.7 -1.6 13734	
3.5 3.6 -2.0 -1.9 15181	
3.5 3.6 -2.3 -2.2 17218	
3.5 3.6 -3.4 -3.3 19418	
3.5 3.6 -3.8 -3.7 15627	
3.5 3.6 -4.9 -4.8 3631	
3.5 3.6 -5.1 -5.0 2478	
3.5 3.6 -5.5 -5.4 1039	
3.5 3.6 -6.6 -6.5 75	
3.5 3.6 -7.2 -7.1 28	
3.5 3.6 -7.7 -7.6 9	
3.5 3.6 -8.0 -7.9 6	
3.5 3.6 -8.3 -8.2 3	
3.5 3.6 0.0 0.1 22124	
3.5 3.6 0.7 0.8 17961	
3.5 3.6 1.3 1.4 14138	
3.5 3.6 2.4 2.5 18936	
3.5 3.6 2.9 3.0 20584	
3.5 3.6 3.0 3.1 20698	
3.5 3.6 3.7 3.8 15622	
3.5 3.6 4.3 4.4 8352	
3.5 3.6 5.6 5.7 668	
3.5 3.6 5.9 6.0 295	
3.5 3.6 6.2 6.3 144	
3.5 3.6 7.3 7.4 17	
3.5 3.6 7.5 7.6 13	
3.5 3.6 8.6 8.7 1	
3.5 3.6 8.9 9.0 3	
3.6 3.7 -0.1 0.0 21543	
3.6 3.7 -0.9 -0.8 16642	
3.6 3.7 -1.1 -1.0 14984	
3.6 3.7 -2.2 -2.1 15638	
3.6 3.7 -2.6 -2.5 18305	
3.6 3.7 -3.7 -3.6 15650	
3.6 3.7 -4.0 -3.9 12512	
3.6 3.7 -4.3 -4.2 8832	
3.6 3.7 -5.4 -5.3 1178	
3.6 3.7 -5.8 -5.7 509	
3.6 3.7 -6.9 -6.8 21	
3.6 3.7 -7.1 -7.0 35	
3.6 3.7 -8.6 -8.5 1	
3.6 3.7 0.2 0.3 20878	
3.6 3.7 1.5 1.6 13015	
3.6 3.7 2.1 2.2 15916	
3.6 3.7 2.8 2.9 19527	
3.6 3.7 3.4 3.5 17553	
3.6 3.7 4.0 4.1 11209	
3.6 3.7 4.7 4.8 4126	
3.6 3.7 5.3 5.4 1253	
3.6 3.7 6.4 6.5 86	
3.6 3.7 7.0 7.1 25	
3.6 3.7 7.7 7.8 13	
3.6 3.7 8.3 8.4 2	
3.7 3.8 -0.3 -0.2 19926	
3.7 3.8 -0.8 -0.7 16634	
3.7 3.8 -1.4 -1.3 12707	
3.7 3.8 -2.5 -2.4 16654	
3.7 3.8 -2.9 -2.8 18328	
3.7 3.8 -3.1 -3.0 18273	
3.7 3.8 -4.2 -4.1 9380	
3.7 3.8 -4.6 -4.5 5354	
3.7 3.8 -5.7 -5.6 539	
3.7 3.8 -6.0 -5.9 249	
3.7 3.8 -6.3 -6.2 116	
3.7 3.8 -7.4 -7.3 14	
3.7 3.8 0.6 0.7 17368	
3.7 3.8 0.9 1.0 14815	
3.7 3.8 1.2 1.3 13004	
3.7 3.8 2.5 2.6 17111	
3.7 3.8 3.1 3.2 17803	
3.7 3.8 3.8 3.9 12680	
3.7 3.8 4.2 4.3 8221	
3.7 3.8 5.5 5.6 689	
3.7 3.8 6.1 6.2 149	
3.7 3.8 6.8 6.9 26	
3.7 3.8 7.4 7.5 6	
3.7 3.8 8.0 8.1 1	
3.7 3.8 8.7 8.8 2	
3.8 3.9 -0.2 -0.1 19402	
3.8 3.9 -1.7 -1.6 11802	
3.8 3.9 -2.0 -1.9 12274	
3.8 3.9 -2.8 -2.7 16547	
3.8 3.9 -3.4 -3.3 15690	
3.8 3.9 -4.5 -4.4 5802	
3.8 3.9 -4.9 -4.8 3016	
3.8 3.9 -5.1 -5.0 2011	
3.8 3.9 -6.2 -6.1 129	
3.8 3.9 -6.6 -6.5 48	
3.8 3.9 -7.7 -7.6 7	
3.8 3.9 -8.0 -7.9 2	
3.8 3.9 0.3 0.4 18321	
3.8 3.9 1.6 1.7 11357	
3.8 3.9 1.9 2.0 12425	
3.8 3.9 2.0 2.1 12949	
3.8 3.9 3.3 3.4 15881	
3.8 3.9 4.6 4.7 4322	
3.8 3.9 4.9 5.0 2484	
3.8 3.9 5.2 5.3 1314	
3.8 3.9 6.5 6.6 41	
3.8 3.9 7.8 7.9 2	
3.8 3.9 8.2 8.3 2	
3.9 4.0 -0.9 -0.8 14131	
3.9 4.0 -1.1 -1.0 12548	
3.9 4.0 -1.5 -1.4 11091	
3.9 4.0 -2.6 -2.5 14744	
3.9 4.0 -3.2 -3.1 15190	
3.9 4.0 -4.0 -3.9 9715	
3.9 4.0 -4.3 -4.2 6910	
3.9 4.0 -5.8 -5.7 337	
3.9 4.0 -6.9 -6.8 17	
3.9 4.0 -7.1 -7.0 5	
3.9 4.0 -7.5 -7.4 3	
3.9 4.0 0.0 0.1 18572	
3.9 4.0 1.3 1.4 11284	
3.9 4.0 2.6 2.7 14823	
3.9 4.0 2.9 3.0 15382	
3.9 4.0 3.2 3.3 14617	
3.9 4.0 4.5 4.6 4581	
3.9 4.0 5.1 5.2 1515	
3.9 4.0 5.8 5.9 282	
3.9 4.0 6.2 6.3 91	
3.9 4.0 7.5 7.6 2	
3.9 4.0 8.1 8.2 1	
4.0 4.1 -0.1 0.0 17920	
4.0 4.1 -0.4 -0.3 16647	
4.0 4.1 -1.5 -1.4 10177	
4.0 4.1 -2.1 -2.0 10990	
4.0 4.1 -2.6 -2.5 12996	
4.0 4.1 -3.2 -3.1 13683	
4.0 4.1 -4.3 -4.2 6254	
4.0 4.1 -4.7 -4.6 3570	
4.0 4.1 -5.8 -5.7 333	
4.0 4.1 -6.4 -6.3 53	
4.0 4.1 -7.5 -7.4 3	
4.0 4.1 -8.1 -8.0 2	
4.0 4.1 0.6 0.7 14894	
4.0 4.1 0.9 1.0 12720	
4.0 4.1 1.2 1.3 10797	
4.0 4.1 2.5 2.6 13247	
4.0 4.1 3.1 3.2 13828	
4.0 4.1 3.8 3.9 9543	
4.0 4.1 4.2 4.3 6245	
4.0 4.1 4.4 4.5 4821	
4.0 4.1 5.5 5.6 551	
4.0 4.1 6.1 6.2 96	
4.0 4.1 6.8 6.9 15	
4.0 4.1 7.4 7.5 6	
4.0 4.1 8.7 8.8 1	
4.1 4.2 -0.3 -0.2 16612	
4.1 4.2 -0.7 -0.6 14324	
4.1 4.2 -1.8 -1.7 9223	
4.1 4.2 -2.9 -2.8 12282	
4.1 4.2 -3.5 -3.4 11271	
4.1 4.2 -4.6 -4.5 3733	
4.1 4.2 -5.2 -5.1 1199	
4.1 4.2 -6.0 -5.9 187	
4.1 4.2 -6.3 -6.2 71	
4.1 4.2 -6.7 -6.6 18	
4.1 4.2 -7.8 -7.7 3	
4.1 4.2 0.3 0.4 15989	
4.1 4.2 1.6 1.7 9350	
4.1 4.2 1.9 2.0 9550	
4.1 4.2 2.2 2.3 10569	
4.1 4.2 3.3 3.4 11601	
4.1 4.2 4.6 4.7 3014	
4.1 4.2 4.9 5.0 1889	
4.1 4.2 5.2 5.3 978	
4.1 4.2 6.5 6.6 32	
4.1 4.2 7.1 7.2 1	
4.1 4.2 7.8 7.9 1	
4.2 4.3 -0.6 -0.5 14468	
4.2 4.3 -1.2 -1.1 10158	
4.2 4.3 -2.0 -1.9 8681	
4.2 4.3 -2.3 -2.2 9563	
4.2 4.3 -3.4 -3.3 10187	
4.2 4.3 -3.8 -3.7 8435	
4.2 4.3 -4.9 -4.8 1923	
4.2 4.3 -5.1 -5.0 1296	
4.2 4.3 -5.5 -5.4 500	
4.2 4.3 -6.6 -6.5 26	
4.2 4.3 -7.2 -7.1 2	
4.2 4.3 0.0 0.1 16359	
4.2 4.3 0.7 0.8 13010	
4.2 4.3 1.1 1.2 10386	
4.2 4.3 1.8 1.9 8539	
4.2 4.3 2.4 2.5 10160	
4.2 4.3 3.0 3.1 10955	
4.2 4.3 3.7 3.8 8224	
4.2 4.3 4.3 4.4 4344	
4.2 4.3 5.6 5.7 323	
4.2 4.3 5.9 6.0 148	
4.2 4.3 6.0 6.1 104	
4.2 4.3 7.3 7.4 1	
4.2 4.3 8.9 9.0 1	
4.3 4.4 -0.9 -0.8 11718	
4.3 4.4 -1.1 -1.0 10611	
4.3 4.4 -1.5 -1.4 8390	
4.3 4.4 -2.6 -2.5 9247	
4.3 4.4 -3.7 -3.6 7754	
4.3 4.4 -4.0 -3.9 6146	
4.3 4.4 -4.3 -4.2 4379	
4.3 4.4 -5.4 -5.3 609	
4.3 4.4 -5.8 -5.7 194	
4.3 4.4 -6.9 -6.8 7	
4.3 4.4 -7.1 -7.0 4	
4.3 4.4 -7.5 -7.4 1	
4.3 4.4 0.2 0.3 15305	
4.3 4.4 1.5 1.6 8105	
4.3 4.4 2.1 2.2 8270	
4.3 4.4 2.8 2.9 9670	
4.3 4.4 3.4 3.5 8576	
4.3 4.4 4.7 4.8 2118	
4.3 4.4 5.1 5.2 973	
4.3 4.4 5.8 5.9 172	
4.3 4.4 6.4 6.5 20	
4.3 4.4 7.0 7.1 5	
4.3 4.4 8.3 8.4 1	
4.4 4.5 -0.3 -0.2 15360	
4.4 4.5 -1.4 -1.3 8621	
4.4 4.5 -1.8 -1.7 7215	
4.4 4.5 -2.9 -2.8 8588	
4.4 4.5 -3.1 -3.0 8493	
4.4 4.5 -4.6 -4.5 2494	
4.4 4.5 -5.7 -5.6 261	
4.4 4.5 -6.0 -5.9 92	
4.4 4.5 -6.3 -6.2 39	
4.4 4.5 -7.8 -7.7 2	
4.4 4.5 0.6 0.7 13139	
4.4 4.5 0.9 1.0 10872	
4.4 4.5 1.2 1.3 8890	
4.4 4.5 2.5 2.6 8025	
4.4 4.5 3.6 3.7 6762	
4.4 4.5 3.9 4.0 5206	
4.4 4.5 4.2 4.3 3862	
4.4 4.5 5.5 5.6 306	
4.4 4.5 6.1 6.2 65	
4.4 4.5 6.8 6.9 4	
4.4 4.5 7.4 7.5 1	
4.4 4.5 8.7 8.8 1	
4.5 4.6 -0.1 0.0 15638	
4.5 4.6 -0.2 -0.1 15728	
4.5 4.6 -0.6 -0.5 13611	
4.5 4.6 -1.7 -1.6 6770	
4.5 4.6 -2.0 -1.9 6374	
4.5 4.6 -2.3 -2.2 6589	
4.5 4.6 -3.4 -3.3 6801	
4.5 4.6 -4.5 -4.4 2543	
4.5 4.6 -4.9 -4.8 1313	
4.5 4.6 -5.1 -5.0 872	
4.5 4.6 -6.2 -6.1 54	
4.5 4.6 -6.6 -6.5 17	
4.5 4.6 0.3 0.4 14797	
4.5 4.6 1.4 1.5 7501	
4.5 4.6 1.9 2.0 6458	
4.5 4.6 2.0 2.1 6462	
4.5 4.6 2.7 2.8 7365	
4.5 4.6 3.3 3.4 6662	
4.5 4.6 4.6 4.7 1751	
4.5 4.6 4.9 5.0 1077	
4.5 4.6 5.2 5.3 586	
4.5 4.6 6.3 6.4 24	
4.5 4.6 6.5 6.6 14	
4.6 4.7 -0.5 -0.4 14364	
4.6 4.7 -0.9 -0.8 11435	
4.6 4.7 -1.1 -1.0 9841	
4.6 4.7 -2.2 -2.1 5925	
4.6 4.7 -2.6 -2.5 6184	
4.6 4.7 -3.7 -3.6 4959	
4.6 4.7 -4.0 -3.9 3913	
4.6 4.7 -4.8 -4.7 1362	
4.6 4.7 -5.4 -5.3 374	
4.6 4.7 -6.5 -6.4 14	
4.6 4.7 -6.9 -6.8 5	
4.6 4.7 -7.1 -7.0 5	
4.6 4.7 0.5 0.6 13861	
4.6 4.7 1.1 1.2 9142	
4.6 4.7 1.8 1.9 6136	
4.6 4.7 2.4 2.5 6164	
4.6 4.7 3.0 3.1 6335	
4.6 4.7 3.7 3.8 4729	
4.6 4.7 4.3 4.4 2435	
4.6 4.7 5.4 5.5 298	
4.6 4.7 6.0 6.1 79	
4.6 4.7 6.7 6.8 5	
4.7 4.8 -0.8 -0.7 12728	
4.7 4.8 -1.4 -1.3 7843	
4.7 4.8 -2.5 -2.4 5244	
4.7 4.8 -3.1 -3.0 5267	
4.7 4.8 -4.2 -4.1 2614	
4.7 4.8 -5.3 -5.2 417	
4.7 4.8 -5.7 -5.6 154	
4.7 4.8 -6.0 -5.9 54	
4.7 4.8 -6.8 -6.7 4	
4.7 4.8 0.2 0.3 15508	
4.7 4.8 1.5 1.6 6570	
4.7 4.8 2.1 2.2 5094	
4.7 4.8 2.8 2.9 5325	
4.7 4.8 3.2 3.3 5155	
4.7 4.8 4.5 4.6 1589	
4.7 4.8 5.1 5.2 477	
4.7 4.8 5.8 5.9 94	
4.7 4.8 6.4 6.5 15	
4.7 4.8 7.0 7.1 2	
4.7 4.8 7.7 7.8 1	
4.8 4.9 -0.2 -0.1 16497	
4.8 4.9 -1.3 -1.2 8386	
4.8 4.9 -1.7 -1.6 6054	
4.8 4.9 -2.8 -2.7 4518	
4.8 4.9 -3.4 -3.3 4213	
4.8 4.9 -3.9 -3.8 3145	
4.8 4.9 -4.5 -4.4 1444	
4.8 4.9 -5.6 -5.5 169	
4.8 4.9 -6.2 -6.1 28	
4.8 4.9 0.6 0.7 13936	
4.8 4.9 0.9 1.0 11072	
4.8 4.9 1.0 1.1 10151	
4.8 4.9 2.3 2.4 4561	
4.8 4.9 3.6 3.7 3516	
4.8 4.9 3.9 4.0 2797	
4.8 4.9 4.2 4.3 1971	
4.8 4.9 5.5 5.6 151	
4.8 4.9 6.8 6.9 3	
4.9 5.0 -0.1 0.0 17334	
4.9 5.0 -0.9 -0.8 12307	
4.9 5.0 -1.1 -1.0 10666	
4.9 5.0 -2.6 -2.5 3908	
4.9 5.0 -3.7 -3.6 2919	
4.9 5.0 -4.0 -3.9 2298	
4.9 5.0 -4.3 -4.2 1659	
4.9 5.0 -5.4 -5.3 232	
4.9 5.0 -5.8 -5.7 84	
4.9 5.0 -6.9 -6.8 1	
4.9 5.0 -7.1 -7.0 2	
4.9 5.0 0.3 0.4 16548	
4.9 5.0 1.6 1.7 5863	
4.9 5.0 1.9 2.0 4611	
4.9 5.0 2.2 2.3 3951	
4.9 5.0 3.5 3.6 3082	
4.9 5.0 4.1 4.2 1817	
4.9 5.0 4.8 4.9 675	
4.9 5.0 5.2 5.3 281	
4.9 5.0 6.5 6.6 4	
4.9 5.0 7.1 7.2 1	
5.0 5.1 -0.9 -0.8 12793	
5.0 5.1 -1.1 -1.0 10797	
5.0 5.1 -1.5 -1.4 7215	
5.0 5.1 -2.6 -2.5 3272	
5.0 5.1 -3.2 -3.1 2999	
5.0 5.1 -4.0 -3.9 1881	
5.0 5.1 -4.3 -4.2 1391	
5.0 5.1 -5.8 -5.7 66	
5.0 5.1 -6.9 -6.8 1	
5.0 5.1 -7.1 -7.0 2	
5.0 5.1 0.2 0.3 17710	
5.0 5.1 1.5 1.6 6485	
5.0 5.1 2.1 2.2 3803	
5.0 5.1 2.8 2.9 3191	
5.0 5.1 3.4 3.5 2709	
5.0 5.1 4.5 4.6 859	
5.0 5.1 5.1 5.2 266	
5.0 5.1 5.8 5.9 50	
5.0 5.1 6.4 6.5 9	
5.1 5.2 -0.3 -0.2 18315	
5.1 5.2 -1.4 -1.3 8294	
5.1 5.2 -1.8 -1.7 5198	
5.1 5.2 -2.9 -2.8 2703	
5.1 5.2 -3.1 -3.0 2528	
5.1 5.2 -3.5 -3.4 2125	
5.1 5.2 -4.6 -4.5 748	
5.1 5.2 -5.2 -5.1 231	
5.1 5.2 -5.7 -5.6 64	
5.1 5.2 -6.0 -5.9 28	
5.1 5.2 -6.3 -6.2 12	
5.1 5.2 -7.8 -7.7 1	
5.1 5.2 0.6 0.7 15615	
5.1 5.2 0.9 1.0 12431	
5.1 5.2 1.2 1.3 9207	
5.1 5.2 2.3 2.4 3135	
5.1 5.2 3.6 3.7 1958	
5.1 5.2 3.9 4.0 1456	
5.1 5.2 4.2 4.3 1082	
5.1 5.2 5.5 5.6 91	
5.1 5.2 6.1 6.2 16	
5.2 5.3 -0.2 -0.1 19788	
5.2 5.3 -0.6 -0.5 17087	
5.2 5.3 -1.7 -1.6 5895	
5.2 5.3 -2.0 -1.9 4064	
5.2 5.3 -2.3 -2.2 3049	
5.2 5.3 -3.4 -3.3 1926	
5.2 5.3 -3.8 -3.7 1372	
5.2 5.3 -4.9 -4.8 364	
5.2 5.3 -5.1 -5.0 224	
5.2 5.3 -6.6 -6.5 1	
5.2 5.3 0.1 0.2 19618	
5.2 5.3 1.4 1.5 7556	
5.2 5.3 2.0 2.1 3642	
5.2 5.3 2.7 2.8 2300	
5.2 5.3 3.3 3.4 1815	
5.2 5.3 4.6 4.7 523	
5.2 5.3 4.9 5.0 284	
5.2 5.3 5.0 5.1 232	
5.2 5.3 6.3 6.4 6	
5.3 5.4 -0.5 -0.4 18917	
5.3 5.4 -0.9 -0.8 14671	
5.3 5.4 -1.1 -1.0 12211	
5.3 5.4 -2.2 -2.1 3093	
5.3 5.4 -2.6 -2.5 2239	
5.3 5.4 -3.7 -3.6 1233	
5.3 5.4 -4.0 -3.9 950	
5.3 5.4 -4.3 -4.2 702	
5.3 5.4 -5.4 -5.3 76	
5.3 5.4 -6.5 -6.4 6	
5.3 5.4 -6.9 -6.8 1	
5.3 5.4 0.5 0.6 17927	
5.3 5.4 1.1 1.2 11046	
5.3 5.4 1.8 1.9 4636	
5.3 5.4 2.4 2.5 2317	
5.3 5.4 3.0 3.1 1776	
5.3 5.4 3.7 3.8 1175	
5.3 5.4 4.1 4.2 752	
5.3 5.4 4.8 4.9 270	
5.3 5.4 5.4 5.5 77	
5.3 5.4 6.0 6.1 17	
5.3 5.4 6.7 6.8 4	
5.3 5.4 7.3 7.4 1	
5.4 5.5 -0.8 -0.7 16491	
5.4 5.5 -1.4 -1.3 9093	
5.4 5.5 -2.5 -2.4 2215	
5.4 5.5 -2.9 -2.8 1539	
5.4 5.5 -3.1 -3.0 1313	
5.4 5.5 -4.2 -4.1 637	
5.4 5.5 -4.6 -4.5 350	
5.4 5.5 -5.7 -5.6 33	
5.4 5.5 -6.0 -5.9 15	
5.4 5.5 0.2 0.3 20935	
5.4 5.5 1.5 1.6 6976	
5.4 5.5 2.6 2.7 1750	
5.4 5.5 2.9 3.0 1439	
5.4 5.5 3.2 3.3 1287	
5.4 5.5 4.5 4.6 353	
5.4 5.5 5.1 5.2 105	
5.4 5.5 5.8 5.9 29	
5.4 5.5 6.4 6.5 5	
5.5 5.6 -0.2 -0.1 22262	
5.5 5.6 -1.3 -1.2 10534	
5.5 5.6 -1.7 -1.6 6118	
5.5 5.6 -2.0 -1.9 3880	
5.5 5.6 -2.8 -2.7 1418	
5.5 5.6 -3.4 -3.3 974	
5.5 5.6 -4.5 -4.4 331	
5.5 5.6 -5.1 -5.0 116	
5.5 5.6 -6.2 -6.1 5	
5.5 5.6 -7.3 -7.2 2	
5.5 5.6 0.4 0.5 20342	
5.5 5.6 0.9 1.0 14397	
5.5 5.6 1.0 1.1 13042	
5.5 5.6 1.7 1.8 5364	
5.5 5.6 2.3 2.4 2192	
5.5 5.6 3.6 3.7 795	
5.5 5.6 3.9 4.0 614	
5.5 5.6 4.2 4.3 445	
5.5 5.6 5.5 5.6 32	
5.5 5.6 6.9 7.0 3	
5.6 5.7 -0.5 -0.4 21419	
5.6 5.7 -1.6 -1.5 7109	
5.6 5.7 -2.2 -2.1 2727	
5.6 5.7 -3.3 -3.2 834	
5.6 5.7 -3.7 -3.6 577	
5.6 5.7 -4.8 -4.7 159	
5.6 5.7 -5.4 -5.3 43	
5.6 5.7 -6.5 -6.4 1	
5.6 5.7 0.1 0.2 22633	
5.6 5.7 0.8 0.9 16137	
5.6 5.7 1.4 1.5 8371	
5.6 5.7 2.0 2.1 3268	
5.6 5.7 2.7 2.8 1224	
5.6 5.7 3.3 3.4 754	
5.6 5.7 4.4 4.5 258	
5.6 5.7 5.0 5.1 92	
5.6 5.7 5.7 5.8 15	
5.6 5.7 6.3 6.4 1	
5.7 5.8 -0.8 -0.7 18023	
5.7 5.8 -1.9 -1.8 4665	
5.7 5.8 -2.1 -2.0 3188	
5.7 5.8 -2.5 -2.4 1606	
5.7 5.8 -3.6 -3.5 502	
5.7 5.8 -4.2 -4.1 286	
5.7 5.8 -5.0 -4.9 92	
5.7 5.8 -5.3 -5.2 41	
5.7 5.8 -5.7 -5.6 23	
5.7 5.8 -6.8 -6.7 1	
5.7 5.8 0.5 0.6 20473	
5.7 5.8 1.1 1.2 12417	
5.7 5.8 1.8 1.9 4435	
5.7 5.8 2.2 2.3 2291	
5.7 5.8 3.5 3.6 482	
5.7 5.8 4.1 4.2 270	
5.7 5.8 4.8 4.9 89	
5.7 5.8 5.4 5.5 17	
5.7 5.8 6.0 6.1 9	
5.8 5.9 -0.2 -0.1 23909	
5.8 5.9 -0.7 -0.6 19412	
5.8 5.9 -1.0 -0.9 15237	
5.8 5.9 -1.3 -1.2 11091	
5.8 5.9 -2.4 -2.3 1916	
5.8 5.9 -2.8 -2.7 910	
5.8 5.9 -3.9 -3.8 307	
5.8 5.9 -4.1 -4.0 251	
5.8 5.9 -4.5 -4.4 150	
5.8 5.9 -5.6 -5.5 24	
5.8 5.9 -6.2 -6.1 3	
5.8 5.9 0.0 0.1 23887	
5.8 5.9 1.3 1.4 9767	
5.8 5.9 2.6 2.7 1120	
5.8 5.9 2.9 3.0 734	
5.8 5.9 3.2 3.3 508	
5.8 5.9 4.5 4.6 132	
5.8 5.9 5.1 5.2 33	
5.8 5.9 5.8 5.9 7	
5.8 5.9 6.2 6.3 1	
5.9 6.0 -0.5 -0.4 21968	
5.9 6.0 -0.9 -0.8 16777	
5.9 6.0 -1.1 -1.0 13766	
5.9 6.0 -2.2 -2.1 2647	
5.9 6.0 -2.6 -2.5 1189	
5.9 6.0 -3.7 -3.6 271	
5.9 6.0 -4.0 -3.9 215	
5.9 6.0 -4.3 -4.2 138	
5.9 6.0 -4.8 -4.7 62	
5.9 6.0 -5.4 -5.3 22	
5.9 6.0 0.6 0.7 19528	
5.9 6.0 0.9 1.0 15431	
5.9 6.0 1.2 1.3 11179	
5.9 6.0 2.5 2.6 1229	
5.9 6.0 3.1 3.2 476	
5.9 6.0 3.8 3.9 238	
5.9 6.0 4.2 4.3 161	
5.9 6.0 5.5 5.6 14	
5.9 6.0 6.1 6.2 2	
6.0 6.1 -0.9 -0.8 16910	
6.0 6.1 -1.1 -1.0 13672	
6.0 6.1 -2.6 -2.5 1183	
6.0 6.1 -3.7 -3.6 224	
6.0 6.1 -4.0 -3.9 157	
6.0 6.1 -4.3 -4.2 110	
6.0 6.1 -5.4 -5.3 17	
6.0 6.1 -5.8 -5.7 6	
6.0 6.1 0.5 0.6 20675	
6.0 6.1 1.1 1.2 12426	
6.0 6.1 1.8 1.9 4506	
6.0 6.1 2.4 2.5 1380	
6.0 6.1 3.5 3.6 252	
6.0 6.1 4.1 4.2 126	
6.0 6.1 4.8 4.9 43	
6.0 6.1 5.4 5.5 14	
6.0 6.1 6.0 6.1 4	
6.1 6.2 -0.1 0.0 23750	
6.1 6.2 -0.3 -0.2 23215	
6.1 6.2 -1.4 -1.3 9544	
6.1 6.2 -2.5 -2.4 1310	
6.1 6.2 -2.9 -2.8 582	
6.1 6.2 -3.1 -3.0 397	
6.1 6.2 -4.2 -4.1 98	
6.1 6.2 -4.6 -4.5 48	
6.1 6.2 -5.7 -5.6 2	
6.1 6.2 -6.0 -5.9 2	
6.1 6.2 0.2 0.3 23108	
6.1 6.2 1.3 1.4 9507	
6.1 6.2 2.6 2.7 805	
6.1 6.2 2.9 3.0 468	
6.1 6.2 3.2 3.3 276	
6.1 6.2 4.5 4.6 46	
6.1 6.2 5.1 5.2 14	
6.1 6.2 5.8 5.9 7	
6.1 6.2 6.2 6.3 1	
6.2 6.3 -0.2 -0.1 23194	
6.2 6.3 -0.6 -0.5 20086	
6.2 6.3 -1.7 -1.6 5982	
6.2 6.3 -2.0 -1.9 3554	
6.2 6.3 -2.8 -2.7 610	
6.2 6.3 -3.4 -3.3 243	
6.2 6.3 -4.5 -4.4 43	
6.2 6.3 -4.9 -4.8 16	
6.2 6.3 -5.1 -5.0 15	
6.2 6.3 -6.6 -6.5 1	
6.2 6.3 0.4 0.5 20883	
6.2 6.3 1.0 1.1 13598	
6.2 6.3 1.7 1.8 5083	
6.2 6.3 2.3 2.4 1553	
6.2 6.3 3.6 3.7 150	
6.2 6.3 3.9 4.0 92	
6.2 6.3 4.0 4.1 70	
6.2 6.3 5.3 5.4 12	
6.3 6.4 -0.5 -0.4 20322	
6.3 6.4 -1.1 -1.0 12918	
6.3 6.4 -2.2 -2.1 2257	
6.3 6.4 -3.3 -3.2 180	
6.3 6.4 -3.7 -3.6 112	
6.3 6.4 -4.0 -3.9 51	
6.3 6.4 -4.8 -4.7 15	
6.3 6.4 -5.4 -5.3 5	
6.3 6.4 0.1 0.2 22341	
6.3 6.4 0.8 0.9 15417	
6.3 6.4 1.4 1.5 7976	
6.3 6.4 2.0 2.1 2787	
6.3 6.4 2.7 2.8 605	
6.3 6.4 3.1 3.2 226	
6.3 6.4 3.8 3.9 65	
6.3 6.4 4.4 4.5 41	
6.3 6.4 5.0 5.1 10	
6.4 6.5 -0.8 -0.7 16326	
6.4 6.5 -1.4 -1.3 8697	
6.4 6.5 -1.9 -1.8 3863	
6.4 6.5 -2.5 -2.4 1115	
6.4 6.5 -3.6 -3.5 105	
6.4 6.5 -4.2 -4.1 36	
6.4 6.5 -5.3 -5.2 4	
6.4 6.5 -5.7 -5.6 1	
6.4 6.5 -6.8 -6.7 1	
6.4 6.5 0.5 0.6 18613	
6.4 6.5 1.6 1.7 5545	
6.4 6.5 1.9 2.0 3154	
6.4 6.5 2.2 2.3 1752	
6.4 6.5 3.5 3.6 104	
6.4 6.5 4.1 4.2 31	
6.4 6.5 4.8 4.9 11	
6.4 6.5 5.4 5.5 4	
6.5 6.6 -0.2 -0.1 20302	
6.5 6.6 -1.0 -0.9 13080	
6.5 6.6 -1.3 -1.2 9515	
6.5 6.6 -2.8 -2.7 520	
6.5 6.6 -3.9 -3.8 36	
6.5 6.6 -4.1 -4.0 29	
6.5 6.6 -4.5 -4.4 13	
6.5 6.6 -5.6 -5.5 1	
6.5 6.6 0.0 0.1 20488	
6.5 6.6 0.7 0.8 15492	
6.5 6.6 1.3 1.4 8259	
6.5 6.6 2.6 2.7 652	
6.5 6.6 2.9 3.0 311	
6.5 6.6 3.2 3.3 154	
6.5 6.6 4.5 4.6 6	
6.5 6.6 5.6 5.7 2	
6.6 6.7 -0.5 -0.4 17723	
6.6 6.7 -1.6 -1.5 5737	
6.6 6.7 -2.2 -2.1 2009	
6.6 6.7 -3.0 -2.9 297	
6.6 6.7 -3.3 -3.2 118	
6.6 6.7 -4.4 -4.3 13	
6.6 6.7 -4.8 -4.7 7	
6.6 6.7 0.4 0.5 17608	
6.6 6.7 1.0 1.1 11104	
6.6 6.7 1.7 1.8 4137	
6.6 6.7 2.3 2.4 1270	
6.6 6.7 3.4 3.5 76	
6.6 6.7 4.0 4.1 31	
6.6 6.7 4.7 4.8 6	
6.6 6.7 5.3 5.4 1	
6.7 6.8 -0.4 -0.3 17142	
6.7 6.8 -0.8 -0.7 13499	
6.7 6.8 -1.9 -1.8 3345	
6.7 6.8 -2.1 -2.0 2216	
6.7 6.8 -2.5 -2.4 921	
6.7 6.8 -3.6 -3.5 61	
6.7 6.8 -4.7 -4.6 5	
6.7 6.8 -5.0 -4.9 2	
6.7 6.8 -5.3 -5.2 2	
6.7 6.8 0.1 0.2 17984	
6.7 6.8 0.8 0.9 12401	
6.7 6.8 1.2 1.3 8026	
6.7 6.8 2.5 2.6 735	
6.7 6.8 3.1 3.2 144	
6.7 6.8 3.8 3.9 24	
6.7 6.8 4.4 4.5 8	
6.7 6.8 5.0 5.1 4	
6.8 6.9 -0.7 -0.6 13573	
6.8 6.9 -1.0 -0.9 10592	
6.8 6.9 -1.3 -1.2 7672	
6.8 6.9 -2.4 -2.3 1130	
6.8 6.9 -3.9 -3.8 16	
6.8 6.9 -4.1 -4.0 12	
6.8 6.9 -5.2 -5.1 2	
6.8 6.9 0.3 0.4 15695	
6.8 6.9 1.6 1.7 4269	
6.8 6.9 1.9 2.0 2463	
6.8 6.9 2.2 2.3 1341	
6.8 6.9 3.5 3.6 48	
6.8 6.9 4.1 4.2 8	
6.8 6.9 4.8 4.9 2	
6.8 6.9 5.2 5.3 1	
6.9 7.0 -0.5 -0.4 13811	
6.9 7.0 -1.1 -1.0 8707	
6.9 7.0 -1.6 -1.5 4672	
6.9 7.0 -2.2 -2.1 1486	
6.9 7.0 -3.3 -3.2 81	
6.9 7.0 -3.7 -3.6 26	
6.9 7.0 0.2 0.3 14570	
6.9 7.0 1.5 1.6 4603	
6.9 7.0 2.1 2.2 1489	
6.9 7.0 2.8 2.9 261	
6.9 7.0 3.2 3.3 83	
6.9 7.0 4.5 4.6 3	
6.9 7.0 5.1 5.2 2	
6.9 7.0 6.4 6.5 1	
7.0 7.1 -0.1 0.0 13890	
7.0 7.1 -0.5 -0.4 12508	
7.0 7.1 -0.9 -0.8 9699	
7.0 7.1 -1.1 -1.0 7976	
7.0 7.1 -2.2 -2.1 1370	
7.0 7.1 -2.6 -2.5 542	
7.0 7.1 -3.7 -3.6 22	
7.0 7.1 -4.0 -3.9 10	
7.0 7.1 -5.4 -5.3 2	
7.0 7.1 0.1 0.2 13748	
7.0 7.1 0.8 0.9 9623	
7.0 7.1 1.4 1.5 4834	
7.0 7.1 2.5 2.6 501	
7.0 7.1 3.1 3.2 102	
7.0 7.1 3.8 3.9 14	
7.0 7.1 4.4 4.5 3	
7.0 7.1 5.0 5.1 3	
7.1 7.2 -0.8 -0.7 9244	
7.1 7.2 -1.4 -1.3 5029	
7.1 7.2 -2.5 -2.4 605	
7.1 7.2 -3.1 -3.0 131	
7.1 7.2 -4.2 -4.1 4	
7.1 7.2 0.3 0.4 11575	
7.1 7.2 1.6 1.7 3257	
7.1 7.2 1.9 2.0 1795	
7.1 7.2 2.2 2.3 966	
7.1 7.2 3.5 3.6 27	
7.1 7.2 4.1 4.2 5	
7.1 7.2 4.8 4.9 1	
7.1 7.2 6.5 6.6 1	
7.2 7.3 -0.2 -0.1 10841	
7.2 7.3 -1.3 -1.2 4922	
7.2 7.3 -1.7 -1.6 2893	
7.2 7.3 -2.8 -2.7 272	
7.2 7.3 -3.4 -3.3 41	
7.2 7.3 -4.5 -4.4 1	
7.2 7.3 0.0 0.1 10859	
7.2 7.3 0.7 0.8 8284	
7.2 7.3 1.3 1.4 4359	
7.2 7.3 2.6 2.7 335	
7.2 7.3 2.9 3.0 136	
7.2 7.3 3.0 3.1 119	
7.2 7.3 4.3 4.4 2	
7.3 7.4 -0.5 -0.4 8791	
7.3 7.4 -1.6 -1.5 2886	
7.3 7.4 -2.2 -2.1 907	
7.3 7.4 -3.0 -2.9 142	
7.3 7.4 -3.3 -3.2 52	
7.3 7.4 -3.7 -3.6 23	
7.3 7.4 0.4 0.5 8660	
7.3 7.4 1.0 1.1 5405	
7.3 7.4 1.7 1.8 2130	
7.3 7.4 2.1 2.2 964	
7.3 7.4 2.8 2.9 173	
7.3 7.4 3.4 3.5 27	
7.3 7.4 4.0 4.1 3	
7.4 7.5 -0.4 -0.3 8052	
7.4 7.5 -0.8 -0.7 6366	
7.4 7.5 -1.9 -1.8 1510	
7.4 7.5 -2.1 -2.0 1012	
7.4 7.5 -2.5 -2.4 453	
7.4 7.5 -3.6 -3.5 11	
7.4 7.5 -4.2 -4.1 3	
7.4 7.5 -5.0 -4.9 1	
7.4 7.5 0.6 0.7 6560	
7.4 7.5 1.2 1.3 3836	
7.4 7.5 2.5 2.6 329	
7.4 7.5 3.1 3.2 53	
7.4 7.5 3.8 3.9 5	
7.4 7.5 4.4 4.5 2	
7.5 7.6 -0.1 0.0 7090	
7.5 7.6 -0.7 -0.6 5810	
7.5 7.6 -1.0 -0.9 4578	
7.5 7.6 -1.3 -1.2 3332	
7.5 7.6 -2.4 -2.3 476	
7.5 7.6 -2.8 -2.7 145	
7.5 7.6 -3.9 -3.8 6	
7.5 7.6 -4.1 -4.0 3	
7.5 7.6 -4.5 -4.4 1	
7.5 7.6 0.3 0.4 6847	
7.5 7.6 1.6 1.7 1826	
7.5 7.6 1.9 2.0 1082	
7.5 7.6 2.2 2.3 533	
7.5 7.6 3.5 3.6 11	
7.5 7.6 4.6 4.7 1	
7.6 7.7 -1.2 -1.1 3174	
7.6 7.7 -1.6 -1.5 1802	
7.6 7.7 -2.7 -2.6 191	
7.6 7.7 -3.0 -2.9 78	
7.6 7.7 -3.3 -3.2 18	
7.6 7.7 -4.4 -4.3 2	
7.6 7.7 0.0 0.1 6214	
7.6 7.7 0.7 0.8 4555	
7.6 7.7 1.3 1.4 2449	
7.6 7.7 2.4 2.5 294	
7.6 7.7 3.0 3.1 66	
7.6 7.7 3.7 3.8 4	
7.7 7.8 -0.4 -0.3 4870	
7.7 7.8 -1.5 -1.4 1811	
7.7 7.8 -1.9 -1.8 957	
7.7 7.8 -2.1 -2.0 672	
7.7 7.8 -3.2 -3.1 31	
7.7 7.8 -3.6 -3.5 10	
7.7 7.8 0.2 0.3 4986	
7.7 7.8 1.5 1.6 1506	
7.7 7.8 2.1 2.2 512	
7.7 7.8 2.8 2.9 98	
7.7 7.8 3.4 3.5 13	
7.7 7.8 4.0 4.1 2	
7.8 7.9 -0.7 -0.6 3505	
7.8 7.9 -1.0 -0.9 2746	
7.8 7.9 -1.8 -1.7 968	
7.8 7.9 -2.4 -2.3 277	
7.8 7.9 -3.5 -3.4 15	
7.8 7.9 -3.9 -3.8 6	
7.8 7.9 0.6 0.7 3460	
7.8 7.9 0.9 1.0 2703	
7.8 7.9 1.2 1.3 1941	
7.8 7.9 2.5 2.6 181	
7.8 7.9 3.1 3.2 31	
7.9 8.0 -0.1 0.0 3570	
7.9 8.0 -0.5 -0.4 3155	
7.9 8.0 -1.6 -1.5 1052	
7.9 8.0 -2.2 -2.1 358	
7.9 8.0 -3.0 -2.9 39	
7.9 8.0 -3.3 -3.2 25	
7.9 8.0 0.5 0.6 3021	
7.9 8.0 1.1 1.2 1769	
7.9 8.0 1.8 1.9 655	
7.9 8.0 2.2 2.3 286	
7.9 8.0 3.5 3.6 7	
7.9 8.0 4.1 4.2 3	
8.0 8.1 -0.5 -0.4 2632	
8.0 8.1 -1.6 -1.5 894	
8.0 8.1 -2.2 -2.1 325	
8.0 8.1 -3.3 -3.2 19	
8.0 8.1 -3.7 -3.6 3	
8.0 8.1 0.4 0.5 2641	
8.0 8.1 1.5 1.6 887	
8.0 8.1 2.1 2.2 289	
8.0 8.1 2.8 2.9 54	
8.0 8.1 3.4 3.5 6	
8.0 8.1 4.0 4.1 2	
8.1 8.2 -0.8 -0.7 1751	
8.1 8.2 -1.9 -1.8 476	
8.1 8.2 -2.5 -2.4 130	
8.1 8.2 -3.6 -3.5 3	
8.1 8.2 0.6 0.7 1866	
8.1 8.2 0.9 1.0 1449	
8.1 8.2 1.2 1.3 1072	
8.1 8.2 2.5 2.6 111	
8.1 8.2 3.1 3.2 17	
8.1 8.2 3.8 3.9 1	
8.2 8.3 -0.2 -0.1 1807	
8.2 8.3 -1.0 -0.9 1192	
8.2 8.3 -1.3 -1.2 881	
8.2 8.3 -2.4 -2.3 117	
8.2 8.3 -2.8 -2.7 42	
8.2 8.3 -3.9 -3.8 2	
8.2 8.3 0.3 0.4 1842	
8.2 8.3 1.6 1.7 460	
8.2 8.3 1.9 2.0 300	
8.2 8.3 2.0 2.1 221	
8.2 8.3 2.2 2.3 150	
8.2 8.3 3.3 3.4 8	
8.3 8.4 -0.5 -0.4 1349	
8.3 8.4 -1.6 -1.5 442	
8.3 8.4 -2.7 -2.6 48	
8.3 8.4 -3.0 -2.9 15	
8.3 8.4 -3.3 -3.2 9	
8.3 8.4 0.0 0.1 1581	
8.3 8.4 0.7 0.8 1126	
8.3 8.4 1.1 1.2 756	
8.3 8.4 1.8 1.9 313	
8.3 8.4 2.4 2.5 82	
8.3 8.4 3.0 3.1 20	
8.3 8.4 3.7 3.8 2	
8.4 8.5 -0.1 0.0 1250	
8.4 8.5 -0.4 -0.3 1156	
8.4 8.5 -1.9 -1.8 206	
8.4 8.5 -2.1 -2.0 145	
8.4 8.5 -3.2 -3.1 9	
8.4 8.5 -3.6 -3.5 2	
8.4 8.5 0.2 0.3 1172	
8.4 8.5 1.5 1.6 372	
8.4 8.5 2.1 2.2 99	
8.4 8.5 2.8 2.9 16	
8.4 8.5 3.4 3.5 3	
8.5 8.6 -0.7 -0.6 795	
8.5 8.6 -1.0 -0.9 599	
8.5 8.6 -1.3 -1.2 400	
8.5 8.6 -1.8 -1.7 222	
8.5 8.6 -2.4 -2.3 57	
8.5 8.6 -3.5 -3.4 1	
8.5 8.6 0.6 0.7 743	
8.5 8.6 0.9 1.0 590	
8.5 8.6 1.2 1.3 433	
8.5 8.6 2.5 2.6 32	
8.6 8.7 -1.2 -1.1 334	
8.6 8.7 -2.7 -2.6 29	
8.6 8.7 -3.0 -2.9 11	
8.6 8.7 0.3 0.4 633	
8.6 8.7 1.4 1.5 251	
8.6 8.7 2.0 2.1 77	
8.6 8.7 2.7 2.8 22	
8.6 8.7 3.3 3.4 3	
8.7 8.8 -0.4 -0.3 539	
8.7 8.8 -1.5 -1.4 202	
8.7 8.8 -2.1 -2.0 68	
8.7 8.8 -3.2 -3.1 2	
8.7 8.8 0.5 0.6 494	
8.7 8.8 1.1 1.2 291	
8.7 8.8 1.8 1.9 123	
8.7 8.8 2.4 2.5 34	
8.7 8.8 3.0 3.1 7	
8.7 8.8 4.1 4.2 1	
8.8 8.9 -0.3 -0.2 395	
8.8 8.9 -0.7 -0.6 342	
8.8 8.9 -1.8 -1.7 77	
8.8 8.9 -2.4 -2.3 26	
8.8 8.9 -2.9 -2.8 7	
8.8 8.9 -3.5 -3.4 1	
8.8 8.9 0.2 0.3 380	
8.8 8.9 1.5 1.6 124	
8.8 8.9 2.1 2.2 36	
8.8 8.9 2.8 2.9 6	
8.9 9.0 -1.6 -1.5 90	
8.9 9.0 -2.7 -2.6 14	
8.9 9.0 -3.0 -2.9 4	
8.9 9.0 -3.3 -3.2 1	
8.9 9.0 0.1 0.2 311	
8.9 9.0 0.8 0.9 178	
8.9 9.0 1.2 1.3 148	
8.9 9.0 2.5 2.6 9	
9.0 9.1 -0.5 -0.4 200	
9.0 9.1 -1.6 -1.5 58	
9.0 9.1 -2.2 -2.1 27	
9.0 9.1 -3.0 -2.9 3	
9.0 9.1 -3.3 -3.2 1	
9.0 9.1 0.5 0.6 188	
9.0 9.1 1.1 1.2 120	
9.0 9.1 1.8 1.9 42	
9.0 9.1 2.4 2.5 8	
9.0 9.1 3.0 3.1 3	
9.0 9.1 3.7 3.8 1	
9.1 9.2 -0.4 -0.3 190	
9.1 9.2 -0.8 -0.7 106	
9.1 9.2 -1.9 -1.8 36	
9.1 9.2 -2.1 -2.0 25	
9.1 9.2 -2.5 -2.4 9	
9.1 9.2 0.2 0.3 165	
9.1 9.2 1.5 1.6 49	
9.1 9.2 2.1 2.2 16	
9.1 9.2 2.8 2.9 1	
9.2 9.3 -0.7 -0.6 82	
9.2 9.3 -1.0 -0.9 80	
9.2 9.3 -1.3 -1.2 58	
9.2 9.3 -2.4 -2.3 6	
9.2 9.3 -4.1 -4.0 1	
9.2 9.3 0.6 0.7 100	
9.2 9.3 0.9 1.0 70	
9.2 9.3 1.0 1.1 82	
9.2 9.3 1.2 1.3 69	
9.2 9.3 2.3 2.4 9	
9.2 9.3 3.6 3.7 1	
9.3 9.4 -0.1 0.0 94	
9.3 9.4 -1.2 -1.1 38	
9.3 9.4 -1.6 -1.5 27	
9.3 9.4 -2.7 -2.6 1	
9.3 9.4 -3.0 -2.9 1	
9.3 9.4 0.1 0.2 89	
9.3 9.4 0.8 0.9 54	
9.3 9.4 1.4 1.5 21	
9.3 9.4 2.0 2.1 14	
9.4 9.5 -0.4 -0.3 58	
9.4 9.5 -1.5 -1.4 22	
9.4 9.5 -1.9 -1.8 11	
9.4 9.5 -2.1 -2.0 6	
9.4 9.5 0.5 0.6 49	
9.4 9.5 1.1 1.2 32	
9.4 9.5 1.8 1.9 10	
9.4 9.5 2.4 2.5 4	
9.5 9.6 -0.3 -0.2 59	
9.5 9.6 -0.7 -0.6 34	
9.5 9.6 -1.8 -1.7 4	
9.5 9.6 -2.4 -2.3 2	
9.5 9.6 0.2 0.3 45	
9.5 9.6 1.5 1.6 11	
9.5 9.6 2.6 2.7 2	
9.5 9.6 3.2 3.3 2	
9.6 9.7 -0.6 -0.5 29	
9.6 9.7 -1.2 -1.1 17	
9.6 9.7 0.4 0.5 27	
9.6 9.7 1.0 1.1 19	
9.6 9.7 1.7 1.8 7	
9.6 9.7 2.3 2.4 5	
9.7 9.8 -0.9 -0.8 18	
9.7 9.8 -1.1 -1.0 10	
9.7 9.8 -1.5 -1.4 7	
9.7 9.8 0.1 0.2 23	
9.7 9.8 0.8 0.9 22	
9.7 9.8 1.4 1.5 13	
9.7 9.8 2.0 2.1 3	
9.7 9.8 2.7 2.8 2	
9.7 9.8 3.1 3.2 1	
9.8 9.9 -0.1 0.0 9	
9.8 9.9 -0.3 -0.2 15	
9.8 9.9 -1.4 -1.3 4	
9.8 9.9 -1.8 -1.7 6	
9.8 9.9 0.5 0.6 17	
9.8 9.9 1.1 1.2 6	
9.8 9.9 1.8 1.9 6	
9.8 9.9 2.2 2.3 1	
9.9 10.0 -0.9 -0.8 6	
9.9 10.0 -1.5 -1.4 3	
9.9 10.0 0.1 0.2 8	
9.9 10.0 0.8 0.9 11	
9.9 10.0 1.2 1.3 3	
