-0.1 0.0 -0.7 -0.6 1999	
-0.1 0.0 -1.0 -0.9 3280	
-0.1 0.0 -1.3 -1.2 5516	
-0.1 0.0 -10.2 -10.1 9	
-0.1 0.0 -10.7 -10.6 2	
-0.1 0.0 -2.4 -2.3 19715	
-0.1 0.0 -2.8 -2.7 23734	
-0.1 0.0 -3.9 -3.8 19578	
-0.1 0.0 -4.1 -4.0 17537	
-0.1 0.0 -4.5 -4.4 15772	
-0.1 0.0 -5.6 -5.5 22527	
-0.1 0.0 -6.7 -6.6 19211	
-0.1 0.0 -7.0 -6.9 15264	
-0.1 0.0 -7.3 -7.2 11017	
-0.1 0.0 -8.4 -8.3 1503	
-0.1 0.0 -8.8 -8.7 525	
-0.1 0.0 -9.9 -9.8 19	
-0.1 0.0 0.2 0.3 1168	
-0.1 0.0 1.5 1.6 8819	
-0.1 0.0 10.3 10.4 3	
-0.1 0.0 2.1 2.2 16949	
-0.1 0.0 2.8 2.9 24387	
-0.1 0.0 3.4 3.5 22972	
-0.1 0.0 4.5 4.6 15542	
-0.1 0.0 5.1 5.2 19178	
-0.1 0.0 5.8 5.9 24118	
-0.1 0.0 6.4 6.5 21341	
-0.1 0.0 7.0 7.1 13739	
-0.1 0.0 7.7 7.8 5103	
-0.1 0.0 8.3 8.4 1618	
-0.1 0.0 9.4 9.5 46	
-0.2 -0.1 -0.5 -0.4 1530	
-0.2 -0.1 -1.6 -1.5 8475	
-0.2 -0.1 -2.2 -2.1 16909	
-0.2 -0.1 -3.3 -3.2 23935	
-0.2 -0.1 -3.7 -3.6 21357	
-0.2 -0.1 -4.8 -4.7 15866	
-0.2 -0.1 -5.4 -5.3 20772	
-0.2 -0.1 -6.5 -6.4 21458	
-0.2 -0.1 -7.1 -7.0 13671	
-0.2 -0.1 -7.6 -7.5 7071	
-0.2 -0.1 -8.2 -8.1 2314	
-0.2 -0.1 -9.3 -9.2 149	
-0.2 -0.1 -9.7 -9.6 35	
-0.2 -0.1 0.3 0.4 1340	
-0.2 -0.1 1.4 1.5 7460	
-0.2 -0.1 10.1 10.2 2	
-0.2 -0.1 2.0 2.1 15453	
-0.2 -0.1 2.7 2.8 23638	
-0.2 -0.1 3.3 3.4 23230	
-0.2 -0.1 4.6 4.7 15566	
-0.2 -0.1 4.9 5.0 17330	
-0.2 -0.1 5.2 5.3 19581	
-0.2 -0.1 6.3 6.4 22320	
-0.2 -0.1 7.6 7.7 5963	
-0.2 -0.1 7.9 8.0 3515	
-0.2 -0.1 8.2 8.3 1858	
-0.2 -0.1 9.5 9.6 41	
-0.3 -0.2 -0.3 -0.2 1246	
-0.3 -0.2 -1.8 -1.7 11027	
-0.3 -0.2 -10.2 -10.1 1	
-0.3 -0.2 -2.9 -2.8 23517	
-0.3 -0.2 -3.1 -3.0 24209	
-0.3 -0.2 -3.5 -3.4 22376	
-0.3 -0.2 -4.6 -4.5 15092	
-0.3 -0.2 -5.2 -5.1 18612	
-0.3 -0.2 -6.0 -5.9 23334	
-0.3 -0.2 -6.3 -6.2 22329	
-0.3 -0.2 -7.8 -7.7 4960	
-0.3 -0.2 -8.9 -8.8 402	
-0.3 -0.2 -9.1 -9.0 225	
-0.3 -0.2 -9.5 -9.4 73	
-0.3 -0.2 0.1 0.2 1232	
-0.3 -0.2 0.8 0.9 2848	
-0.3 -0.2 1.4 1.5 7504	
-0.3 -0.2 10.8 10.9 1	
-0.3 -0.2 2.0 2.1 15379	
-0.3 -0.2 2.7 2.8 23152	
-0.3 -0.2 3.3 3.4 22845	
-0.3 -0.2 4.4 4.5 15427	
-0.3 -0.2 4.9 5.0 16695	
-0.3 -0.2 5.0 5.1 17644	
-0.3 -0.2 5.7 5.8 23165	
-0.3 -0.2 6.3 6.4 21832	
-0.3 -0.2 7.6 7.7 5846	
-0.3 -0.2 7.9 8.0 3518	
-0.3 -0.2 8.2 8.3 1834	
-0.3 -0.2 9.3 9.4 72	
-0.3 -0.2 9.5 9.6 38	
-0.4 -0.3 -0.5 -0.4 1686	
-0.4 -0.3 -1.6 -1.5 8433	
-0.4 -0.3 -10.3 -10.2 6	
-0.4 -0.3 -10.8 -10.7 1	
-0.4 -0.3 -11.0 -10.9 1	
-0.4 -0.3 -2.2 -2.1 16185	
-0.4 -0.3 -2.7 -2.6 21951	
-0.4 -0.3 -3.0 -2.9 23339	
-0.4 -0.3 -3.3 -3.2 23273	
-0.4 -0.3 -4.4 -4.3 14962	
-0.4 -0.3 -4.8 -4.7 15117	
-0.4 -0.3 -5.9 -5.8 22678	
-0.4 -0.3 -6.1 -6.0 22765	
-0.4 -0.3 -6.5 -6.4 20333	
-0.4 -0.3 -7.6 -7.5 6738	
-0.4 -0.3 -8.2 -8.1 2245	
-0.4 -0.3 -8.7 -8.6 683	
-0.4 -0.3 -9.0 -8.9 281	
-0.4 -0.3 -9.3 -9.2 108	
-0.4 -0.3 0.1 0.2 1257	
-0.4 -0.3 0.8 0.9 2922	
-0.4 -0.3 1.4 1.5 7321	
-0.4 -0.3 10.1 10.2 8	
-0.4 -0.3 2.5 2.6 21027	
-0.4 -0.3 3.1 3.2 23218	
-0.4 -0.3 3.8 3.9 18342	
-0.4 -0.3 4.4 4.5 15032	
-0.4 -0.3 5.0 5.1 17310	
-0.4 -0.3 5.7 5.8 22166	
-0.4 -0.3 6.3 6.4 21371	
-0.4 -0.3 7.4 7.5 7685	
-0.4 -0.3 7.6 7.7 5938	
-0.4 -0.3 7.9 8.0 3382	
-0.4 -0.3 8.0 8.1 2693	
-0.4 -0.3 8.7 8.8 517	
-0.4 -0.3 9.3 9.4 68	
-0.5 -0.4 -0.3 -0.2 1537	
-0.5 -0.4 -1.4 -1.3 6155	
-0.5 -0.4 -2.9 -2.8 22550	
-0.5 -0.4 -3.1 -3.0 22927	
-0.5 -0.4 -4.2 -4.1 15677	
-0.5 -0.4 -4.6 -4.5 14349	
-0.5 -0.4 -5.7 -5.6 20980	
-0.5 -0.4 -6.0 -5.9 21902	
-0.5 -0.4 -6.3 -6.2 21042	
-0.5 -0.4 -7.4 -7.3 8720	
-0.5 -0.4 -7.8 -7.7 4773	
-0.5 -0.4 -8.9 -8.8 384	
-0.5 -0.4 -9.1 -9.0 233	
-0.5 -0.4 0.6 0.7 2231	
-0.5 -0.4 0.9 1.0 3369	
-0.5 -0.4 1.2 1.3 5332	
-0.5 -0.4 11.0 11.1 1	
-0.5 -0.4 2.5 2.6 20482	
-0.5 -0.4 3.1 3.2 22700	
-0.5 -0.4 3.8 3.9 17941	
-0.5 -0.4 4.4 4.5 14393	
-0.5 -0.4 5.5 5.6 20558	
-0.5 -0.4 5.7 5.8 21351	
-0.5 -0.4 6.1 6.2 21481	
-0.5 -0.4 6.8 6.9 14970	
-0.5 -0.4 7.4 7.5 7590	
-0.5 -0.4 8.0 8.1 2554	
-0.5 -0.4 8.7 8.8 517	
-0.5 -0.4 9.3 9.4 64	
-0.6 -0.5 -1.2 -1.1 4647	
-0.6 -0.5 -1.6 -1.5 7907	
-0.6 -0.5 -2.7 -2.6 20691	
-0.6 -0.5 -3.0 -2.9 22101	
-0.6 -0.5 -3.3 -3.2 21635	
-0.6 -0.5 -3.8 -3.7 17913	
-0.6 -0.5 -4.4 -4.3 14006	
-0.6 -0.5 -5.5 -5.4 18904	
-0.6 -0.5 -5.9 -5.8 20584	
-0.6 -0.5 -6.1 -6.0 20830	
-0.6 -0.5 -7.2 -7.1 10580	
-0.6 -0.5 -7.6 -7.5 6316	
-0.6 -0.5 -8.7 -8.6 619	
-0.6 -0.5 -9.0 -8.9 276	
-0.6 -0.5 -9.3 -9.2 102	
-0.6 -0.5 0.6 0.7 2334	
-0.6 -0.5 0.9 1.0 3461	
-0.6 -0.5 1.2 1.3 5259	
-0.6 -0.5 10.6 10.7 2	
-0.6 -0.5 2.5 2.6 19912	
-0.6 -0.5 3.6 3.7 18780	
-0.6 -0.5 3.8 3.9 17123	
-0.6 -0.5 4.2 4.3 14376	
-0.6 -0.5 5.5 5.6 19427	
-0.6 -0.5 6.1 6.2 20458	
-0.6 -0.5 6.8 6.9 14269	
-0.6 -0.5 7.4 7.5 7031	
-0.6 -0.5 8.7 8.8 438	
-0.6 -0.5 9.1 9.2 145	
-0.6 -0.5 9.8 9.9 22	
-0.7 -0.6 -0.1 0.0 1983	
-0.7 -0.6 -0.8 -0.7 2854	
-0.7 -0.6 -1.4 -1.3 6050	
-0.7 -0.6 -10.1 -10.0 3	
-0.7 -0.6 -10.6 -10.5 1	
-0.7 -0.6 -2.5 -2.4 18081	
-0.7 -0.6 -2.9 -2.8 20576	
-0.7 -0.6 -3.1 -3.0 21111	
-0.7 -0.6 -4.2 -4.1 14224	
-0.7 -0.6 -5.7 -5.6 18812	
-0.7 -0.6 -6.0 -5.9 19370	
-0.7 -0.6 -6.8 -6.7 14677	
-0.7 -0.6 -7.4 -7.3 7915	
-0.7 -0.6 -8.5 -8.4 975	
-0.7 -0.6 -8.9 -8.8 321	
-0.7 -0.6 -9.1 -9.0 204	
-0.7 -0.6 0.6 0.7 2507	
-0.7 -0.6 0.9 1.0 3490	
-0.7 -0.6 1.0 1.1 4020	
-0.7 -0.6 1.7 1.8 9931	
-0.7 -0.6 10.4 10.5 1	
-0.7 -0.6 2.3 2.4 16865	
-0.7 -0.6 3.6 3.7 18005	
-0.7 -0.6 3.9 4.0 15776	
-0.7 -0.6 4.2 4.3 13563	
-0.7 -0.6 5.5 5.6 18171	
-0.7 -0.6 6.8 6.9 13763	
-0.7 -0.6 7.2 7.3 8699	
-0.7 -0.6 8.5 8.6 754	
-0.7 -0.6 9.1 9.2 113	
-0.7 -0.6 9.8 9.9 6	
-0.7 -0.6 9.9 10.0 13	
-0.8 -0.7 -0.6 -0.5 2637	
-0.8 -0.7 -1.2 -1.1 4635	
-0.8 -0.7 -10.0 -9.9 10	
-0.8 -0.7 -10.2 -10.1 4	
-0.8 -0.7 -10.7 -10.6 1	
-0.8 -0.7 -2.3 -2.2 15385	
-0.8 -0.7 -2.7 -2.6 18700	
-0.8 -0.7 -3.8 -3.7 16541	
-0.8 -0.7 -4.4 -4.3 12783	
-0.8 -0.7 -5.5 -5.4 16626	
-0.8 -0.7 -6.1 -6.0 18309	
-0.8 -0.7 -6.6 -6.5 15491	
-0.8 -0.7 -7.2 -7.1 9338	
-0.8 -0.7 -8.3 -8.2 1398	
-0.8 -0.7 -8.7 -8.6 545	
-0.8 -0.7 -9.8 -9.7 18	
-0.8 -0.7 0.4 0.5 2558	
-0.8 -0.7 1.0 1.1 4009	
-0.8 -0.7 1.7 1.8 9540	
-0.8 -0.7 10.2 10.3 2	
-0.8 -0.7 2.3 2.4 16176	
-0.8 -0.7 3.6 3.7 17121	
-0.8 -0.7 3.9 4.0 14859	
-0.8 -0.7 4.0 4.1 14130	
-0.8 -0.7 5.3 5.4 15753	
-0.8 -0.7 6.6 6.7 14725	
-0.8 -0.7 6.9 7.0 11482	
-0.8 -0.7 7.2 7.3 8298	
-0.8 -0.7 8.5 8.6 646	
-0.8 -0.7 9.1 9.2 143	
-0.8 -0.7 9.8 9.9 16	
-0.9 -0.8 -0.8 -0.7 3273	
-0.9 -0.8 -1.9 -1.8 10154	
-0.9 -0.8 -2.1 -2.0 12291	
-0.9 -0.8 -2.5 -2.4 16484	
-0.9 -0.8 -3.6 -3.5 17490	
-0.9 -0.8 -4.2 -4.1 12774	
-0.9 -0.8 -5.0 -4.9 12318	
-0.9 -0.8 -5.3 -5.2 14167	
-0.9 -0.8 -5.7 -5.6 16311	
-0.9 -0.8 -6.8 -6.7 12780	
-0.9 -0.8 -7.9 -7.8 3000	
-0.9 -0.8 -8.5 -8.4 852	
-0.9 -0.8 -9.6 -9.5 34	
-0.9 -0.8 0.4 0.5 2925	
-0.9 -0.8 1.0 1.1 4178	
-0.9 -0.8 1.7 1.8 9099	
-0.9 -0.8 10.4 10.5 1	
-0.9 -0.8 2.1 2.2 13558	
-0.9 -0.8 3.4 3.5 17764	
-0.9 -0.8 4.0 4.1 13574	
-0.9 -0.8 4.7 4.8 11699	
-0.9 -0.8 5.3 5.4 14692	
-0.9 -0.8 6.6 6.7 13556	
-0.9 -0.8 6.9 7.0 10642	
-0.9 -0.8 7.0 7.1 9582	
-0.9 -0.8 7.2 7.3 7721	
-0.9 -0.8 8.3 8.4 1018	
-0.9 -0.8 9.6 9.7 22	
-1.0 -0.9 -0.8 -0.7 3590	
-1.0 -0.9 -1.9 -1.8 9944	
-1.0 -0.9 -10.2 -10.1 2	
-1.0 -0.9 -2.1 -2.0 11847	
-1.0 -0.9 -2.5 -2.4 15686	
-1.0 -0.9 -3.6 -3.5 16419	
-1.0 -0.9 -4.2 -4.1 12067	
-1.0 -0.9 -5.0 -4.9 11395	
-1.0 -0.9 -5.3 -5.2 12766	
-1.0 -0.9 -5.7 -5.6 14850	
-1.0 -0.9 -6.8 -6.7 11378	
-1.0 -0.9 -7.9 -7.8 2751	
-1.0 -0.9 -8.5 -8.4 779	
-1.0 -0.9 -9.6 -9.5 22	
-1.0 -0.9 0.2 0.3 3440	
-1.0 -0.9 1.5 1.6 7218	
-1.0 -0.9 10.4 10.5 1	
-1.0 -0.9 2.1 2.2 12962	
-1.0 -0.9 2.8 2.9 18003	
-1.0 -0.9 3.2 3.3 17762	
-1.0 -0.9 3.4 3.5 16886	
-1.0 -0.9 4.5 4.6 10753	
-1.0 -0.9 5.1 5.2 12452	
-1.0 -0.9 5.8 5.9 15319	
-1.0 -0.9 6.4 6.5 13894	
-1.0 -0.9 7.0 7.1 8671	
-1.0 -0.9 7.7 7.8 3131	
-1.0 -0.9 8.3 8.4 1000	
-1.0 -0.9 9.4 9.5 47	
-1.0 -0.9 9.9 10.0 9	
-1.1 -1.0 -1.2 -1.1 4954	
-1.1 -1.0 -1.6 -1.5 7152	
-1.1 -1.0 -2.7 -2.6 16435	
-1.1 -1.0 -3.0 -2.9 17311	
-1.1 -1.0 -3.3 -3.2 17185	
-1.1 -1.0 -4.4 -4.3 10463	
-1.1 -1.0 -5.5 -5.4 12779	
-1.1 -1.0 -5.9 -5.8 13910	
-1.1 -1.0 -6.1 -6.0 13921	
-1.1 -1.0 -7.2 -7.1 7127	
-1.1 -1.0 -7.6 -7.5 4205	
-1.1 -1.0 -8.7 -8.6 388	
-1.1 -1.0 -9.0 -8.9 158	
-1.1 -1.0 -9.3 -9.2 77	
-1.1 -1.0 0.4 0.5 3917	
-1.1 -1.0 1.5 1.6 7093	
-1.1 -1.0 1.7 1.8 8671	
-1.1 -1.0 2.1 2.2 12489	
-1.1 -1.0 2.8 2.9 17305	
-1.1 -1.0 3.4 3.5 16055	
-1.1 -1.0 4.0 4.1 11979	
-1.1 -1.0 4.7 4.8 10147	
-1.1 -1.0 5.3 5.4 12144	
-1.1 -1.0 6.6 6.7 10963	
-1.1 -1.0 6.9 7.0 8634	
-1.1 -1.0 7.0 7.1 7983	
-1.1 -1.0 7.7 7.8 3055	
-1.1 -1.0 8.3 8.4 866	
-1.1 -1.0 9.6 9.7 19	
-1.2 -1.1 -0.1 0.0 4648	
-1.2 -1.1 -0.8 -0.7 4688	
-1.2 -1.1 -1.4 -1.3 5908	
-1.2 -1.1 -10.1 -10.0 1	
-1.2 -1.1 -10.6 -10.5 1	
-1.2 -1.1 -2.5 -2.4 14676	
-1.2 -1.1 -2.9 -2.8 16500	
-1.2 -1.1 -3.1 -3.0 16832	
-1.2 -1.1 -4.2 -4.1 10966	
-1.2 -1.1 -4.6 -4.5 9230	
-1.2 -1.1 -5.7 -5.6 12057	
-1.2 -1.1 -6.0 -5.9 12331	
-1.2 -1.1 -6.8 -6.7 9337	
-1.2 -1.1 -7.4 -7.3 4956	
-1.2 -1.1 -8.5 -8.4 594	
-1.2 -1.1 -8.9 -8.8 203	
-1.2 -1.1 -9.1 -9.0 142	
-1.2 -1.1 0.2 0.3 4776	
-1.2 -1.1 1.5 1.6 7135	
-1.2 -1.1 10.4 10.5 1	
-1.2 -1.1 2.1 2.2 11981	
-1.2 -1.1 2.8 2.9 16751	
-1.2 -1.1 3.4 3.5 15526	
-1.2 -1.1 4.7 4.8 9243	
-1.2 -1.1 5.1 5.2 10344	
-1.2 -1.1 5.8 5.9 12325	
-1.2 -1.1 6.4 6.5 11148	
-1.2 -1.1 7.0 7.1 7133	
-1.2 -1.1 7.7 7.8 2617	
-1.2 -1.1 8.3 8.4 781	
-1.2 -1.1 9.6 9.7 11	
-1.3 -1.2 -0.6 -0.5 5106	
-1.3 -1.2 -1.2 -1.1 5602	
-1.3 -1.2 -2.3 -2.2 12651	
-1.3 -1.2 -2.7 -2.6 15580	
-1.3 -1.2 -3.8 -3.7 12924	
-1.3 -1.2 -4.4 -4.3 9240	
-1.3 -1.2 -5.5 -5.4 10330	
-1.3 -1.2 -6.1 -6.0 11221	
-1.3 -1.2 -7.2 -7.1 5650	
-1.3 -1.2 -8.3 -8.2 893	
-1.3 -1.2 -8.7 -8.6 348	
-1.3 -1.2 -9.0 -8.9 140	
-1.3 -1.2 -9.8 -9.7 8	
-1.3 -1.2 0.2 0.3 5539	
-1.3 -1.2 1.5 1.6 7211	
-1.3 -1.2 2.8 2.9 16030	
-1.3 -1.2 3.2 3.3 15928	
-1.3 -1.2 4.5 4.6 8666	
-1.3 -1.2 5.1 5.2 9279	
-1.3 -1.2 5.8 5.9 11097	
-1.3 -1.2 6.4 6.5 10060	
-1.3 -1.2 7.0 7.1 6352	
-1.3 -1.2 7.7 7.8 2364	
-1.3 -1.2 8.1 8.2 1062	
-1.3 -1.2 8.8 8.9 188	
-1.3 -1.2 9.4 9.5 20	
-1.4 -1.3 -0.8 -0.7 5845	
-1.4 -1.3 -1.9 -1.8 9363	
-1.4 -1.3 -2.5 -2.4 14097	
-1.4 -1.3 -3.6 -3.5 14205	
-1.4 -1.3 -4.2 -4.1 9921	
-1.4 -1.3 -5.0 -4.9 7869	
-1.4 -1.3 -5.3 -5.2 8418	
-1.4 -1.3 -5.7 -5.6 9690	
-1.4 -1.3 -6.8 -6.7 7227	
-1.4 -1.3 -7.4 -7.3 3924	
-1.4 -1.3 -7.9 -7.8 1798	
-1.4 -1.3 -8.5 -8.4 466	
-1.4 -1.3 -9.6 -9.5 8	
-1.4 -1.3 0.0 0.1 6309	
-1.4 -1.3 1.3 1.4 6391	
-1.4 -1.3 2.6 2.7 14885	
-1.4 -1.3 2.9 3.0 15972	
-1.4 -1.3 3.2 3.3 15585	
-1.4 -1.3 4.5 4.6 8180	
-1.4 -1.3 5.1 5.2 8169	
-1.4 -1.3 5.8 5.9 9716	
-1.4 -1.3 6.2 6.3 9291	
-1.4 -1.3 7.5 7.6 3022	
-1.4 -1.3 8.1 8.2 1021	
-1.4 -1.3 8.8 8.9 173	
-1.4 -1.3 9.4 9.5 16	
-1.5 -1.4 -0.6 -0.5 7058	
-1.5 -1.4 -1.2 -1.1 6497	
-1.5 -1.4 -2.0 -1.9 10011	
-1.5 -1.4 -2.3 -2.2 12225	
-1.5 -1.4 -3.4 -3.3 14858	
-1.5 -1.4 -3.8 -3.7 12239	
-1.5 -1.4 -4.9 -4.8 6837	
-1.5 -1.4 -5.1 -5.0 7152	
-1.5 -1.4 -5.5 -5.4 7816	
-1.5 -1.4 -6.6 -6.5 7183	
-1.5 -1.4 -7.2 -7.1 4318	
-1.5 -1.4 -8.0 -7.9 1236	
-1.5 -1.4 -8.3 -8.2 691	
-1.5 -1.4 -9.8 -9.7 3	
-1.5 -1.4 0.0 0.1 7514	
-1.5 -1.4 0.7 0.8 6778	
-1.5 -1.4 1.3 1.4 7030	
-1.5 -1.4 2.6 2.7 15043	
-1.5 -1.4 2.9 3.0 15669	
-1.5 -1.4 3.0 3.1 15646	
-1.5 -1.4 3.2 3.3 15453	
-1.5 -1.4 4.3 4.4 8323	
-1.5 -1.4 5.6 5.7 8412	
-1.5 -1.4 5.9 6.0 8435	
-1.5 -1.4 6.2 6.3 8206	
-1.5 -1.4 7.5 7.6 2530	
-1.5 -1.4 8.1 8.2 844	
-1.5 -1.4 8.8 8.9 150	
-1.5 -1.4 9.2 9.3 45	
-1.6 -1.5 -0.1 0.0 8712	
-1.6 -1.5 -0.4 -0.3 8291	
-1.6 -1.5 -0.8 -0.7 7532	
-1.6 -1.5 -1.9 -1.8 9413	
-1.6 -1.5 -10.2 -10.1 2	
-1.6 -1.5 -2.1 -2.0 11075	
-1.6 -1.5 -2.5 -2.4 13720	
-1.6 -1.5 -3.6 -3.5 13550	
-1.6 -1.5 -4.7 -4.6 6850	
-1.6 -1.5 -5.0 -4.9 6365	
-1.6 -1.5 -5.3 -5.2 6501	
-1.6 -1.5 -6.4 -6.3 6809	
-1.6 -1.5 -6.8 -6.7 5407	
-1.6 -1.5 -7.9 -7.8 1237	
-1.6 -1.5 -8.1 -8.0 837	
-1.6 -1.5 -8.5 -8.4 341	
-1.6 -1.5 -9.6 -9.5 10	
-1.6 -1.5 0.0 0.1 8626	
-1.6 -1.5 0.7 0.8 7540	
-1.6 -1.5 1.1 1.2 6994	
-1.6 -1.5 1.3 1.4 7370	
-1.6 -1.5 2.4 2.5 13737	
-1.6 -1.5 3.0 3.1 15647	
-1.6 -1.5 3.7 3.8 12247	
-1.6 -1.5 4.3 4.4 8175	
-1.6 -1.5 5.6 5.7 7180	
-1.6 -1.5 5.9 6.0 7408	
-1.6 -1.5 6.2 6.3 7197	
-1.6 -1.5 7.3 7.4 2861	
-1.6 -1.5 8.6 8.7 210	
-1.6 -1.5 8.9 9.0 101	
-1.6 -1.5 9.2 9.3 40	
-1.6 -1.5 9.9 10.0 1	
-1.7 -1.6 -0.2 -0.1 9978	
-1.7 -1.6 -0.6 -0.5 9246	
-1.7 -1.6 -1.7 -1.6 8780	
-1.7 -1.6 -10.0 -9.9 3	
-1.7 -1.6 -10.3 -10.2 1	
-1.7 -1.6 -2.0 -1.9 10648	
-1.7 -1.6 -2.3 -2.2 12735	
-1.7 -1.6 -3.4 -3.3 15091	
-1.7 -1.6 -4.9 -4.8 6028	
-1.7 -1.6 -5.1 -5.0 5931	
-1.7 -1.6 -6.2 -6.1 6188	
-1.7 -1.6 -6.6 -6.5 5378	
-1.7 -1.6 -7.7 -7.6 1498	
-1.7 -1.6 -8.0 -7.9 896	
-1.7 -1.6 -8.3 -8.2 490	
-1.7 -1.6 -9.4 -9.3 37	
-1.7 -1.6 0.5 0.6 9051	
-1.7 -1.6 1.1 1.2 7909	
-1.7 -1.6 1.8 1.9 10074	
-1.7 -1.6 10.2 10.3 1	
-1.7 -1.6 2.4 2.5 13994	
-1.7 -1.6 3.0 3.1 16000	
-1.7 -1.6 3.7 3.8 12270	
-1.7 -1.6 4.3 4.4 7905	
-1.7 -1.6 5.4 5.5 6117	
-1.7 -1.6 6.0 6.1 6148	
-1.7 -1.6 6.7 6.8 4702	
-1.7 -1.6 7.3 7.4 2406	
-1.7 -1.6 8.6 8.7 187	
-1.7 -1.6 8.9 9.0 70	
-1.7 -1.6 9.2 9.3 37	
-1.8 -1.7 -0.4 -0.3 10863	
-1.8 -1.7 -1.5 -1.4 8709	
-1.8 -1.7 -1.9 -1.8 10199	
-1.8 -1.7 -10.4 -10.3 1	
-1.8 -1.7 -2.1 -2.0 11472	
-1.8 -1.7 -3.2 -3.1 16127	
-1.8 -1.7 -3.6 -3.5 14107	
-1.8 -1.7 -4.7 -4.6 6265	
-1.8 -1.7 -5.0 -4.9 5499	
-1.8 -1.7 -5.8 -5.7 5289	
-1.8 -1.7 -6.4 -6.3 4840	
-1.8 -1.7 -7.5 -7.4 1769	
-1.8 -1.7 -7.9 -7.8 928	
-1.8 -1.7 -8.1 -8.0 635	
-1.8 -1.7 -9.2 -9.1 39	
-1.8 -1.7 -9.6 -9.5 9	
-1.8 -1.7 0.5 0.6 10256	
-1.8 -1.7 1.1 1.2 8494	
-1.8 -1.7 1.8 1.9 10270	
-1.8 -1.7 10.0 10.1 4	
-1.8 -1.7 2.4 2.5 14422	
-1.8 -1.7 3.5 3.6 14046	
-1.8 -1.7 4.1 4.2 9167	
-1.8 -1.7 4.8 4.9 5709	
-1.8 -1.7 5.4 5.5 5238	
-1.8 -1.7 6.0 6.1 5181	
-1.8 -1.7 6.7 6.8 3887	
-1.8 -1.7 7.3 7.4 2095	
-1.8 -1.7 8.4 8.5 260	
-1.8 -1.7 8.9 9.0 78	
-1.8 -1.7 9.0 9.1 45	
-1.8 -1.7 9.7 9.8 2	
-1.9 -1.8 -0.2 -0.1 12488	
-1.9 -1.8 -1.3 -1.2 9266	
-1.9 -1.8 -1.7 -1.6 9720	
-1.9 -1.8 -2.0 -1.9 11397	
-1.9 -1.8 -2.8 -2.7 16345	
-1.9 -1.8 -3.4 -3.3 15924	
-1.9 -1.8 -4.5 -4.4 7143	
-1.9 -1.8 -5.1 -5.0 4873	
-1.9 -1.8 -6.2 -6.1 4358	
-1.9 -1.8 -7.3 -7.2 1945	
-1.9 -1.8 -7.7 -7.6 1129	
-1.9 -1.8 -8.0 -7.9 625	
-1.9 -1.8 -8.8 -8.7 111	
-1.9 -1.8 -9.4 -9.3 15	
-1.9 -1.8 0.5 0.6 11308	
-1.9 -1.8 1.6 1.7 9942	
-1.9 -1.8 1.9 2.0 11457	
-1.9 -1.8 2.2 2.3 13575	
-1.9 -1.8 3.5 3.6 14463	
-1.9 -1.8 4.1 4.2 9254	
-1.9 -1.8 4.8 4.9 5319	
-1.9 -1.8 5.4 5.5 4584	
-1.9 -1.8 6.5 6.6 3848	
-1.9 -1.8 7.1 7.2 2146	
-1.9 -1.8 7.8 7.9 744	
-1.9 -1.8 8.4 8.5 189	
-1.9 -1.8 9.0 9.1 35	
-1.9 -1.8 9.7 9.8 8	
-10.0 -9.9 -0.2 -0.1 8	
-10.0 -9.9 -0.6 -0.5 8	
-10.0 -9.9 -1.7 -1.6 2	
-10.0 -9.9 -2.3 -2.2 2	
-10.0 -9.9 0.1 0.2 15	
-10.0 -9.9 0.8 0.9 7	
-10.0 -9.9 1.2 1.3 5	
-10.1 -10.0 -0.2 -0.1 8	
-10.1 -10.0 -0.6 -0.5 3	
-10.1 -10.0 -3.4 -3.3 1	
-10.1 -10.0 0.5 0.6 5	
-10.1 -10.0 1.1 1.2 6	
-10.1 -10.0 1.8 1.9 1	
-10.1 -10.0 2.2 2.3 2	
-10.2 -10.1 -0.4 -0.3 5	
-10.2 -10.1 -1.5 -1.4 2	
-10.2 -10.1 -1.9 -1.8 1	
-10.2 -10.1 0.1 0.2 5	
-10.2 -10.1 0.8 0.9 3	
-10.3 -10.2 -0.2 -0.1 1	
-10.3 -10.2 -0.6 -0.5 1	
-10.3 -10.2 -1.7 -1.6 1	
-10.3 -10.2 0.9 1.0 3	
-10.4 -10.3 -0.4 -0.3 1	
-10.4 -10.3 -1.9 -1.8 1	
-10.4 -10.3 -2.1 -2.0 1	
-10.4 -10.3 0.4 0.5 3	
-10.4 -10.3 1.0 1.1 1	
-10.4 -10.3 1.7 1.8 2	
-10.4 -10.3 3.4 3.5 1	
-10.5 -10.4 -0.2 -0.1 1	
-10.5 -10.4 -2.0 -1.9 1	
-10.5 -10.4 0.0 0.1 1	
-10.5 -10.4 1.3 1.4 1	
-10.7 -10.6 0.3 0.4 1	
-10.9 -10.8 -1.3 -1.2 1	
-2.0 -1.9 -0.2 -0.1 14011	
-2.0 -1.9 -1.3 -1.2 10234	
-2.0 -1.9 -1.7 -1.6 10367	
-2.0 -1.9 -2.0 -1.9 12229	
-2.0 -1.9 -2.8 -2.7 17299	
-2.0 -1.9 -3.4 -3.3 16639	
-2.0 -1.9 -4.5 -4.4 7154	
-2.0 -1.9 -5.1 -5.0 4329	
-2.0 -1.9 -6.2 -6.1 3740	
-2.0 -1.9 -7.3 -7.2 1627	
-2.0 -1.9 -7.7 -7.6 910	
-2.0 -1.9 -8.0 -7.9 490	
-2.0 -1.9 -8.8 -8.7 93	
-2.0 -1.9 -9.4 -9.3 17	
-2.0 -1.9 0.3 0.4 13545	
-2.0 -1.9 1.6 1.7 10505	
-2.0 -1.9 1.9 2.0 12195	
-2.0 -1.9 2.0 2.1 12504	
-2.0 -1.9 2.7 2.8 17146	
-2.0 -1.9 3.3 3.4 16507	
-2.0 -1.9 4.6 4.7 5817	
-2.0 -1.9 4.9 5.0 4626	
-2.0 -1.9 5.2 5.3 4073	
-2.0 -1.9 6.5 6.6 3175	
-2.0 -1.9 7.6 7.7 870	
-2.0 -1.9 7.8 7.9 641	
-2.0 -1.9 8.2 8.3 271	
-2.0 -1.9 9.5 9.6 8	
-2.1 -2.0 -0.1 0.0 15495	
-2.1 -2.0 -0.4 -0.3 14896	
-2.1 -2.0 -0.8 -0.7 12907	
-2.1 -2.0 -1.9 -1.8 11885	
-2.1 -2.0 -2.1 -2.0 13449	
-2.1 -2.0 -2.5 -2.4 16523	
-2.1 -2.0 -3.6 -3.5 15588	
-2.1 -2.0 -4.2 -4.1 9937	
-2.1 -2.0 -4.7 -4.6 5745	
-2.1 -2.0 -5.0 -4.9 4373	
-2.1 -2.0 -5.3 -5.2 3537	
-2.1 -2.0 -6.4 -6.3 2836	
-2.1 -2.0 -6.8 -6.7 2300	
-2.1 -2.0 -7.9 -7.8 553	
-2.1 -2.0 -8.1 -8.0 363	
-2.1 -2.0 -8.5 -8.4 150	
-2.1 -2.0 -9.6 -9.5 6	
-2.1 -2.0 0.3 0.4 14999	
-2.1 -2.0 1.6 1.7 11217	
-2.1 -2.0 1.9 2.0 12780	
-2.1 -2.0 10.0 10.1 1	
-2.1 -2.0 2.2 2.3 14757	
-2.1 -2.0 3.5 3.6 15709	
-2.1 -2.0 4.1 4.2 9890	
-2.1 -2.0 4.8 4.9 4795	
-2.1 -2.0 5.2 5.3 3631	
-2.1 -2.0 6.5 6.6 2524	
-2.1 -2.0 7.1 7.2 1538	
-2.1 -2.0 7.8 7.9 496	
-2.1 -2.0 8.4 8.5 136	
-2.1 -2.0 9.0 9.1 32	
-2.1 -2.0 9.7 9.8 1	
-2.1 -2.0 9.9 10.0 1	
-2.2 -2.1 -0.2 -0.1 17218	
-2.2 -2.1 -0.6 -0.5 15538	
-2.2 -2.1 -1.7 -1.6 11898	
-2.2 -2.1 -2.0 -1.9 13503	
-2.2 -2.1 -2.3 -2.2 15723	
-2.2 -2.1 -3.4 -3.3 17941	
-2.2 -2.1 -3.8 -3.7 14501	
-2.2 -2.1 -4.9 -4.8 4643	
-2.2 -2.1 -5.1 -5.0 3824	
-2.2 -2.1 -6.6 -6.5 2144	
-2.2 -2.1 -7.7 -7.6 662	
-2.2 -2.1 -8.0 -7.9 352	
-2.2 -2.1 -8.3 -8.2 187	
-2.2 -2.1 -9.4 -9.3 3	
-2.2 -2.1 -9.8 -9.7 2	
-2.2 -2.1 0.3 0.4 16512	
-2.2 -2.1 1.6 1.7 11913	
-2.2 -2.1 1.9 2.0 13553	
-2.2 -2.1 2.2 2.3 15751	
-2.2 -2.1 3.3 3.4 17963	
-2.2 -2.1 4.6 4.7 5713	
-2.2 -2.1 4.9 5.0 4199	
-2.2 -2.1 5.2 5.3 3375	
-2.2 -2.1 6.5 6.6 2165	
-2.2 -2.1 7.1 7.2 1282	
-2.2 -2.1 7.8 7.9 406	
-2.2 -2.1 8.2 8.3 198	
-2.2 -2.1 9.5 9.6 5	
-2.3 -2.2 -0.4 -0.3 17701	
-2.3 -2.2 -1.5 -1.4 12203	
-2.3 -2.2 -1.9 -1.8 13367	
-2.3 -2.2 -10.0 -9.9 1	
-2.3 -2.2 -2.1 -2.0 14749	
-2.3 -2.2 -3.2 -3.1 19714	
-2.3 -2.2 -3.6 -3.5 17286	
-2.3 -2.2 -4.7 -4.6 5971	
-2.3 -2.2 -5.0 -4.9 4134	
-2.3 -2.2 -5.3 -5.2 3046	
-2.3 -2.2 -5.8 -5.7 2280	
-2.3 -2.2 -6.4 -6.3 1804	
-2.3 -2.2 -7.5 -7.4 671	
-2.3 -2.2 -7.9 -7.8 383	
-2.3 -2.2 -8.1 -8.0 261	
-2.3 -2.2 -9.2 -9.1 10	
-2.3 -2.2 -9.6 -9.5 4	
-2.3 -2.2 0.3 0.4 17662	
-2.3 -2.2 1.4 1.5 12343	
-2.3 -2.2 2.0 2.1 14862	
-2.3 -2.2 2.7 2.8 19361	
-2.3 -2.2 3.3 3.4 18844	
-2.3 -2.2 4.6 4.7 5864	
-2.3 -2.2 4.9 5.0 4117	
-2.3 -2.2 5.2 5.3 3087	
-2.3 -2.2 6.3 6.4 1899	
-2.3 -2.2 7.6 7.7 524	
-2.3 -2.2 7.9 8.0 310	
-2.3 -2.2 8.2 8.3 141	
-2.3 -2.2 9.5 9.6 3	
-2.4 -2.3 -0.2 -0.1 19512	
-2.4 -2.3 -1.7 -1.6 13083	
-2.4 -2.3 -2.0 -1.9 15032	
-2.4 -2.3 -2.8 -2.7 20656	
-2.4 -2.3 -3.4 -3.3 19474	
-2.4 -2.3 -4.5 -4.4 7708	
-2.4 -2.3 -4.9 -4.8 4573	
-2.4 -2.3 -5.1 -5.0 3595	
-2.4 -2.3 -6.2 -6.1 1694	
-2.4 -2.3 -7.7 -7.6 392	
-2.4 -2.3 -8.0 -7.9 236	
-2.4 -2.3 -8.8 -8.7 38	
-2.4 -2.3 -9.4 -9.3 6	
-2.4 -2.3 0.1 0.2 19847	
-2.4 -2.3 0.8 0.9 15519	
-2.4 -2.3 1.4 1.5 13145	
-2.4 -2.3 2.0 2.1 15603	
-2.4 -2.3 2.7 2.8 20678	
-2.4 -2.3 3.3 3.4 19865	
-2.4 -2.3 4.4 4.5 7770	
-2.4 -2.3 4.9 5.0 3940	
-2.4 -2.3 5.0 5.1 3550	
-2.4 -2.3 5.7 5.8 1897	
-2.4 -2.3 6.3 6.4 1548	
-2.4 -2.3 7.6 7.7 381	
-2.4 -2.3 7.9 8.0 217	
-2.4 -2.3 8.2 8.3 135	
-2.4 -2.3 9.3 9.4 6	
-2.4 -2.3 9.5 9.6 4	
-2.5 -2.4 -0.4 -0.3 20043	
-2.5 -2.4 -0.9 -0.8 16588	
-2.5 -2.4 -1.5 -1.4 13849	
-2.5 -2.4 -10.1 -10.0 1	
-2.5 -2.4 -2.6 -2.5 20261	
-2.5 -2.4 -3.2 -3.1 21830	
-2.5 -2.4 -4.3 -4.2 10245	
-2.5 -2.4 -4.7 -4.6 6087	
-2.5 -2.4 -5.8 -5.7 1616	
-2.5 -2.4 -6.4 -6.3 1167	
-2.5 -2.4 -7.5 -7.4 418	
-2.5 -2.4 -8.1 -8.0 155	
-2.5 -2.4 -8.6 -8.5 49	
-2.5 -2.4 -9.2 -9.1 3	
-2.5 -2.4 0.1 0.2 20908	
-2.5 -2.4 0.8 0.9 16558	
-2.5 -2.4 1.4 1.5 13694	
-2.5 -2.4 2.5 2.6 20462	
-2.5 -2.4 3.1 3.2 21578	
-2.5 -2.4 3.8 3.9 15506	
-2.5 -2.4 4.4 4.5 7966	
-2.5 -2.4 5.0 5.1 3354	
-2.5 -2.4 5.7 5.8 1630	
-2.5 -2.4 6.3 6.4 1189	
-2.5 -2.4 7.4 7.5 423	
-2.5 -2.4 7.6 7.7 299	
-2.5 -2.4 7.9 8.0 186	
-2.5 -2.4 8.0 8.1 161	
-2.5 -2.4 8.7 8.8 29	
-2.5 -2.4 9.3 9.4 8	
-2.6 -2.5 -0.2 -0.1 21717	
-2.6 -2.5 -1.0 -0.9 16602	
-2.6 -2.5 -1.3 -1.2 14582	
-2.6 -2.5 -10.0 -9.9 1	
-2.6 -2.5 -2.8 -2.7 22260	
-2.6 -2.5 -3.9 -3.8 15928	
-2.6 -2.5 -4.1 -4.0 13164	
-2.6 -2.5 -4.5 -4.4 8018	
-2.6 -2.5 -5.6 -5.5 1701	
-2.6 -2.5 -6.2 -6.1 1080	
-2.6 -2.5 -7.0 -6.9 619	
-2.6 -2.5 -7.3 -7.2 429	
-2.6 -2.5 -7.7 -7.6 249	
-2.6 -2.5 -8.8 -8.7 22	
-2.6 -2.5 -9.9 -9.8 2	
-2.6 -2.5 0.6 0.7 19038	
-2.6 -2.5 0.9 1.0 16454	
-2.6 -2.5 1.2 1.3 14690	
-2.6 -2.5 2.5 2.6 21045	
-2.6 -2.5 3.1 3.2 22403	
-2.6 -2.5 3.8 3.9 15873	
-2.6 -2.5 4.4 4.5 8065	
-2.6 -2.5 5.5 5.6 1696	
-2.6 -2.5 5.7 5.8 1360	
-2.6 -2.5 6.1 6.2 1035	
-2.6 -2.5 6.8 6.9 612	
-2.6 -2.5 7.4 7.5 358	
-2.6 -2.5 8.0 8.1 118	
-2.6 -2.5 8.7 8.8 18	
-2.6 -2.5 9.3 9.4 5	
-2.7 -2.6 -0.9 -0.8 17866	
-2.7 -2.6 -1.1 -1.0 16471	
-2.7 -2.6 -1.5 -1.4 14730	
-2.7 -2.6 -2.6 -2.5 21876	
-2.7 -2.6 -3.2 -3.1 22942	
-2.7 -2.6 -3.7 -3.6 18963	
-2.7 -2.6 -4.0 -3.9 14871	
-2.7 -2.6 -4.3 -4.2 10882	
-2.7 -2.6 -5.4 -5.3 2055	
-2.7 -2.6 -5.8 -5.7 1202	
-2.7 -2.6 -6.9 -6.8 520	
-2.7 -2.6 -7.1 -7.0 422	
-2.7 -2.6 -7.5 -7.4 244	
-2.7 -2.6 -8.6 -8.5 29	
-2.7 -2.6 -9.2 -9.1 5	
-2.7 -2.6 0.6 0.7 19873	
-2.7 -2.6 0.9 1.0 17189	
-2.7 -2.6 1.2 1.3 15189	
-2.7 -2.6 2.5 2.6 21680	
-2.7 -2.6 3.6 3.7 18833	
-2.7 -2.6 3.8 3.9 16104	
-2.7 -2.6 4.2 4.3 10823	
-2.7 -2.6 5.5 5.6 1494	
-2.7 -2.6 6.1 6.2 870	
-2.7 -2.6 6.8 6.9 500	
-2.7 -2.6 7.4 7.5 260	
-2.7 -2.6 8.7 8.8 14	
-2.7 -2.6 9.1 9.2 4	
-2.8 -2.7 -0.1 0.0 23479	
-2.8 -2.7 -0.7 -0.6 20469	
-2.8 -2.7 -1.0 -0.9 17703	
-2.8 -2.7 -1.3 -1.2 15786	
-2.8 -2.7 -2.4 -2.3 20418	
-2.8 -2.7 -2.8 -2.7 23542	
-2.8 -2.7 -3.9 -3.8 16408	
-2.8 -2.7 -4.1 -4.0 13734	
-2.8 -2.7 -5.6 -5.5 1439	
-2.8 -2.7 -6.7 -6.6 484	
-2.8 -2.7 -7.0 -6.9 351	
-2.8 -2.7 -7.3 -7.2 222	
-2.8 -2.7 -8.4 -8.3 28	
-2.8 -2.7 -8.8 -8.7 6	
-2.8 -2.7 0.6 0.7 20302	
-2.8 -2.7 0.9 1.0 17706	
-2.8 -2.7 1.0 1.1 16954	
-2.8 -2.7 1.7 1.8 16014	
-2.8 -2.7 2.3 2.4 20816	
-2.8 -2.7 3.6 3.7 19055	
-2.8 -2.7 3.9 4.0 15056	
-2.8 -2.7 4.2 4.3 10753	
-2.8 -2.7 5.5 5.6 1384	
-2.8 -2.7 6.8 6.9 378	
-2.8 -2.7 7.2 7.3 275	
-2.8 -2.7 8.5 8.6 19	
-2.8 -2.7 9.1 9.2 2	
-2.8 -2.7 9.8 9.9 1	
-2.9 -2.8 -0.5 -0.4 22697	
-2.9 -2.8 -0.9 -0.8 19088	
-2.9 -2.8 -1.1 -1.0 17432	
-2.9 -2.8 -2.2 -2.1 18841	
-2.9 -2.8 -2.6 -2.5 22565	
-2.9 -2.8 -3.7 -3.6 19694	
-2.9 -2.8 -4.0 -3.9 15310	
-2.9 -2.8 -4.3 -4.2 11142	
-2.9 -2.8 -5.4 -5.3 1889	
-2.9 -2.8 -6.5 -6.4 446	
-2.9 -2.8 -6.9 -6.8 309	
-2.9 -2.8 -7.1 -7.0 248	
-2.9 -2.8 -8.2 -8.1 26	
-2.9 -2.8 -8.6 -8.5 16	
-2.9 -2.8 0.4 0.5 22391	
-2.9 -2.8 1.0 1.1 17150	
-2.9 -2.8 1.7 1.8 16173	
-2.9 -2.8 2.3 2.4 20890	
-2.9 -2.8 3.6 3.7 19472	
-2.9 -2.8 3.9 4.0 15329	
-2.9 -2.8 4.0 4.1 13910	
-2.9 -2.8 5.3 5.4 1767	
-2.9 -2.8 6.6 6.7 384	
-2.9 -2.8 6.9 7.0 234	
-2.9 -2.8 7.2 7.3 213	
-2.9 -2.8 8.5 8.6 11	
-2.9 -2.8 9.1 9.2 4	
-3.0 -2.9 -0.5 -0.4 22756	
-3.0 -2.9 -0.9 -0.8 19116	
-3.0 -2.9 -1.1 -1.0 17457	
-3.0 -2.9 -2.2 -2.1 19388	
-3.0 -2.9 -2.6 -2.5 22645	
-3.0 -2.9 -3.7 -3.6 19996	
-3.0 -2.9 -4.0 -3.9 15406	
-3.0 -2.9 -4.3 -4.2 11193	
-3.0 -2.9 -5.4 -5.3 1827	
-3.0 -2.9 -6.5 -6.4 336	
-3.0 -2.9 -6.9 -6.8 210	
-3.0 -2.9 -7.1 -7.0 186	
-3.0 -2.9 -8.2 -8.1 36	
-3.0 -2.9 -8.6 -8.5 19	
-3.0 -2.9 0.2 0.3 24128	
-3.0 -2.9 1.5 1.6 15656	
-3.0 -2.9 10.1 10.2 1	
-3.0 -2.9 2.1 2.2 19226	
-3.0 -2.9 2.8 2.9 24308	
-3.0 -2.9 3.4 3.5 21778	
-3.0 -2.9 4.0 4.1 14050	
-3.0 -2.9 4.7 4.8 5368	
-3.0 -2.9 5.1 5.2 2619	
-3.0 -2.9 5.3 5.4 1786	
-3.0 -2.9 6.4 6.5 331	
-3.0 -2.9 7.0 7.1 172	
-3.0 -2.9 7.7 7.8 61	
-3.0 -2.9 8.3 8.4 17	
-3.1 -3.0 -0.2 -0.1 24488	
-3.1 -3.0 -1.0 -0.9 18372	
-3.1 -3.0 -1.3 -1.2 16267	
-3.1 -3.0 -1.7 -1.6 15842	
-3.1 -3.0 -2.8 -2.7 23931	
-3.1 -3.0 -3.9 -3.8 16962	
-3.1 -3.0 -4.5 -4.4 8700	
-3.1 -3.0 -5.6 -5.5 1157	
-3.1 -3.0 -6.2 -6.1 361	
-3.1 -3.0 -7.0 -6.9 166	
-3.1 -3.0 -7.3 -7.2 101	
-3.1 -3.0 -7.7 -7.6 66	
-3.1 -3.0 -8.8 -8.7 4	
-3.1 -3.0 -9.4 -9.3 1	
-3.1 -3.0 0.4 0.5 22626	
-3.1 -3.0 1.0 1.1 17348	
-3.1 -3.0 1.7 1.8 16398	
-3.1 -3.0 2.3 2.4 20921	
-3.1 -3.0 3.4 3.5 21822	
-3.1 -3.0 3.6 3.7 19436	
-3.1 -3.0 3.9 4.0 15308	
-3.1 -3.0 4.0 4.1 14036	
-3.1 -3.0 4.7 4.8 5230	
-3.1 -3.0 5.3 5.4 1685	
-3.1 -3.0 6.6 6.7 220	
-3.1 -3.0 6.9 7.0 157	
-3.1 -3.0 7.2 7.3 95	
-3.1 -3.0 8.5 8.6 8	
-3.1 -3.0 9.6 9.7 1	
-3.2 -3.1 -0.9 -0.8 19412	
-3.2 -3.1 -1.1 -1.0 17224	
-3.2 -3.1 -1.5 -1.4 15518	
-3.2 -3.1 -2.6 -2.5 22261	
-3.2 -3.1 -3.2 -3.1 23533	
-3.2 -3.1 -4.0 -3.9 15218	
-3.2 -3.1 -4.3 -4.2 10802	
-3.2 -3.1 -5.4 -5.3 1602	
-3.2 -3.1 -5.8 -5.7 699	
-3.2 -3.1 -6.9 -6.8 133	
-3.2 -3.1 -7.1 -7.0 101	
-3.2 -3.1 -7.5 -7.4 55	
-3.2 -3.1 -8.6 -8.5 2	
-3.2 -3.1 0.4 0.5 22977	
-3.2 -3.1 1.5 1.6 15485	
-3.2 -3.1 1.7 1.8 15864	
-3.2 -3.1 2.1 2.2 18971	
-3.2 -3.1 2.8 2.9 23805	
-3.2 -3.1 3.4 3.5 21455	
-3.2 -3.1 4.0 4.1 13667	
-3.2 -3.1 4.7 4.8 5330	
-3.2 -3.1 5.3 5.4 1586	
-3.2 -3.1 6.6 6.7 142	
-3.2 -3.1 6.9 7.0 110	
-3.2 -3.1 7.0 7.1 109	
-3.2 -3.1 7.7 7.8 44	
-3.2 -3.1 8.3 8.4 8	
-3.3 -3.2 -0.7 -0.6 20733	
-3.3 -3.2 -1.0 -0.9 17979	
-3.3 -3.2 -1.3 -1.2 15867	
-3.3 -3.2 -2.4 -2.3 20298	
-3.3 -3.2 -2.8 -2.7 23032	
-3.3 -3.2 -3.9 -3.8 16066	
-3.3 -3.2 -4.1 -4.0 13466	
-3.3 -3.2 -4.5 -4.4 8179	
-3.3 -3.2 -5.6 -5.5 988	
-3.3 -3.2 -6.7 -6.6 130	
-3.3 -3.2 -7.0 -6.9 83	
-3.3 -3.2 -7.3 -7.2 65	
-3.3 -3.2 -8.4 -8.3 8	
-3.3 -3.2 -8.8 -8.7 2	
-3.3 -3.2 0.2 0.3 23427	
-3.3 -3.2 1.5 1.6 15301	
-3.3 -3.2 2.1 2.2 18641	
-3.3 -3.2 2.8 2.9 23371	
-3.3 -3.2 3.4 3.5 21079	
-3.3 -3.2 4.7 4.8 5158	
-3.3 -3.2 5.1 5.2 2417	
-3.3 -3.2 5.8 5.9 543	
-3.3 -3.2 6.4 6.5 182	
-3.3 -3.2 7.0 7.1 75	
-3.3 -3.2 7.7 7.8 17	
-3.3 -3.2 8.3 8.4 6	
-3.3 -3.2 9.6 9.7 1	
-3.4 -3.3 -0.5 -0.4 21738	
-3.4 -3.3 -0.9 -0.8 18268	
-3.4 -3.3 -1.1 -1.0 16757	
-3.4 -3.3 -2.2 -2.1 17945	
-3.4 -3.3 -2.6 -2.5 21257	
-3.4 -3.3 -3.7 -3.6 18057	
-3.4 -3.3 -4.0 -3.9 14402	
-3.4 -3.3 -4.3 -4.2 10412	
-3.4 -3.3 -5.4 -5.3 1501	
-3.4 -3.3 -6.9 -6.8 72	
-3.4 -3.3 -7.1 -7.0 71	
-3.4 -3.3 -8.2 -8.1 13	
-3.4 -3.3 -8.6 -8.5 4	
-3.4 -3.3 0.2 0.3 23135	
-3.4 -3.3 1.5 1.6 14870	
-3.4 -3.3 2.8 2.9 22618	
-3.4 -3.3 3.2 3.3 22041	
-3.4 -3.3 4.5 4.6 6761	
-3.4 -3.3 5.1 5.2 2258	
-3.4 -3.3 5.8 5.9 449	
-3.4 -3.3 6.4 6.5 147	
-3.4 -3.3 7.0 7.1 58	
-3.4 -3.3 7.7 7.8 16	
-3.4 -3.3 8.1 8.2 6	
-3.4 -3.3 8.8 8.9 2	
-3.5 -3.4 -0.7 -0.6 19494	
-3.5 -3.4 -1.0 -0.9 17134	
-3.5 -3.4 -1.8 -1.7 14699	
-3.5 -3.4 -2.4 -2.3 18949	
-3.5 -3.4 -3.5 -3.4 19524	
-3.5 -3.4 -3.9 -3.8 15028	
-3.5 -3.4 -4.1 -4.0 12704	
-3.5 -3.4 -5.2 -5.1 2184	
-3.5 -3.4 -5.6 -5.5 898	
-3.5 -3.4 -6.7 -6.6 91	
-3.5 -3.4 -7.0 -6.9 52	
-3.5 -3.4 -7.8 -7.7 12	
-3.5 -3.4 -8.4 -8.3 4	
-3.5 -3.4 0.0 0.1 22978	
-3.5 -3.4 1.3 1.4 14549	
-3.5 -3.4 2.6 2.7 20992	
-3.5 -3.4 2.9 3.0 22174	
-3.5 -3.4 3.2 3.3 21121	
-3.5 -3.4 4.5 4.6 6606	
-3.5 -3.4 5.1 5.2 2156	
-3.5 -3.4 5.8 5.9 459	
-3.5 -3.4 6.2 6.3 166	
-3.5 -3.4 7.5 7.6 24	
-3.5 -3.4 8.1 8.2 4	
-3.6 -3.5 -0.5 -0.4 20403	
-3.6 -3.5 -1.1 -1.0 15600	
-3.6 -3.5 -2.2 -2.1 16202	
-3.6 -3.5 -3.3 -3.2 20065	
-3.6 -3.5 -3.7 -3.6 16753	
-3.6 -3.5 -4.0 -3.9 13186	
-3.6 -3.5 -4.8 -4.7 4611	
-3.6 -3.5 -5.4 -5.3 1295	
-3.6 -3.5 -6.5 -6.4 99	
-3.6 -3.5 -7.1 -7.0 26	
-3.6 -3.5 -8.2 -8.1 5	
-3.6 -3.5 0.0 0.1 22249	
-3.6 -3.5 0.7 0.8 17895	
-3.6 -3.5 1.3 1.4 13849	
-3.6 -3.5 2.6 2.7 20004	
-3.6 -3.5 2.9 3.0 21017	
-3.6 -3.5 3.0 3.1 20461	
-3.6 -3.5 3.2 3.3 19948	
-3.6 -3.5 4.3 4.4 8123	
-3.6 -3.5 5.6 5.7 659	
-3.6 -3.5 5.9 6.0 319	
-3.6 -3.5 6.2 6.3 126	
-3.6 -3.5 7.5 7.6 12	
-3.6 -3.5 8.1 8.2 5	
-3.6 -3.5 8.8 8.9 2	
-3.7 -3.6 -0.1 0.0 21308	
-3.7 -3.6 -0.3 -0.2 20562	
-3.7 -3.6 -0.7 -0.6 18126	
-3.7 -3.6 -1.8 -1.7 13203	
-3.7 -3.6 -2.9 -2.8 19481	
-3.7 -3.6 -3.5 -3.4 17611	
-3.7 -3.6 -4.6 -4.5 5924	
-3.7 -3.6 -5.2 -5.1 1921	
-3.7 -3.6 -6.3 -6.2 128	
-3.7 -3.6 -6.7 -6.6 45	
-3.7 -3.6 -7.8 -7.7 4	
-3.7 -3.6 -8.4 -8.3 1	
-3.7 -3.6 0.0 0.1 21349	
-3.7 -3.6 0.7 0.8 17396	
-3.7 -3.6 1.1 1.2 14390	
-3.7 -3.6 1.3 1.4 13678	
-3.7 -3.6 2.4 2.5 17593	
-3.7 -3.6 3.0 3.1 19576	
-3.7 -3.6 3.7 3.8 14520	
-3.7 -3.6 4.3 4.4 7783	
-3.7 -3.6 5.6 5.7 637	
-3.7 -3.6 5.9 6.0 272	
-3.7 -3.6 6.2 6.3 154	
-3.7 -3.6 7.3 7.4 15	
-3.8 -3.7 -0.5 -0.4 18572	
-3.8 -3.7 -1.6 -1.5 12430	
-3.8 -3.7 -2.2 -2.1 14783	
-3.8 -3.7 -3.0 -2.9 18175	
-3.8 -3.7 -3.3 -3.2 17567	
-3.8 -3.7 -4.4 -4.3 7336	
-3.8 -3.7 -4.8 -4.7 3992	
-3.8 -3.7 -5.9 -5.8 317	
-3.8 -3.7 -6.1 -6.0 190	
-3.8 -3.7 -6.5 -6.4 70	
-3.8 -3.7 -7.6 -7.5 3	
-3.8 -3.7 -8.2 -8.1 4	
-3.8 -3.7 0.5 0.6 18158	
-3.8 -3.7 1.1 1.2 13588	
-3.8 -3.7 1.8 1.9 13024	
-3.8 -3.7 2.4 2.5 16325	
-3.8 -3.7 3.0 3.1 18388	
-3.8 -3.7 3.7 3.8 13524	
-3.8 -3.7 4.3 4.4 7192	
-3.8 -3.7 5.4 5.5 924	
-3.8 -3.7 6.0 6.1 204	
-3.8 -3.7 6.7 6.8 41	
-3.8 -3.7 7.3 7.4 7	
-3.8 -3.7 8.6 8.7 1	
-3.8 -3.7 8.9 9.0 1	
-3.9 -3.8 -0.3 -0.2 18760	
-3.9 -3.8 -1.4 -1.3 11733	
-3.9 -3.8 -1.8 -1.7 11549	
-3.9 -3.8 -2.9 -2.8 16790	
-3.9 -3.8 -3.1 -3.0 16643	
-3.9 -3.8 -3.5 -3.4 15110	
-3.9 -3.8 -4.6 -4.5 5052	
-3.9 -3.8 -5.7 -5.6 533	
-3.9 -3.8 -6.0 -5.9 201	
-3.9 -3.8 -6.3 -6.2 103	
-3.9 -3.8 -7.4 -7.3 6	
-3.9 -3.8 -7.8 -7.7 3	
-3.9 -3.8 0.5 0.6 17186	
-3.9 -3.8 1.1 1.2 12754	
-3.9 -3.8 1.8 1.9 11954	
-3.9 -3.8 2.4 2.5 15319	
-3.9 -3.8 3.5 3.6 14204	
-3.9 -3.8 4.1 4.2 8528	
-3.9 -3.8 4.8 4.9 3014	
-3.9 -3.8 5.4 5.5 845	
-3.9 -3.8 6.0 6.1 188	
-3.9 -3.8 6.7 6.8 24	
-3.9 -3.8 7.3 7.4 11	
-3.9 -3.8 8.4 8.5 1	
-4.0 -3.9 -0.3 -0.2 17955	
-4.0 -3.9 -1.4 -1.3 11134	
-4.0 -3.9 -1.8 -1.7 10988	
-4.0 -3.9 -2.9 -2.8 15192	
-4.0 -3.9 -3.1 -3.0 15209	
-4.0 -3.9 -3.5 -3.4 13648	
-4.0 -3.9 -4.6 -4.5 4523	
-4.0 -3.9 -5.7 -5.6 502	
-4.0 -3.9 -6.0 -5.9 203	
-4.0 -3.9 -6.3 -6.2 77	
-4.0 -3.9 -7.4 -7.3 3	
-4.0 -3.9 -7.8 -7.7 1	
-4.0 -3.9 0.3 0.4 17285	
-4.0 -3.9 1.6 1.7 10860	
-4.0 -3.9 1.9 2.0 11383	
-4.0 -3.9 2.2 2.3 12801	
-4.0 -3.9 3.5 3.6 13131	
-4.0 -3.9 4.6 4.7 3975	
-4.0 -3.9 4.9 5.0 2304	
-4.0 -3.9 5.2 5.3 1259	
-4.0 -3.9 6.5 6.6 36	
-4.0 -3.9 7.1 7.2 12	
-4.0 -3.9 7.8 7.9 2	
-4.1 -4.0 -0.5 -0.4 16155	
-4.1 -4.0 -0.9 -0.8 13519	
-4.1 -4.0 -1.1 -1.0 12134	
-4.1 -4.0 -2.2 -2.1 11210	
-4.1 -4.0 -3.7 -3.6 11112	
-4.1 -4.0 -4.0 -3.9 8873	
-4.1 -4.0 -4.8 -4.7 3006	
-4.1 -4.0 -5.4 -5.3 897	
-4.1 -4.0 -6.5 -6.4 39	
-4.1 -4.0 -6.9 -6.8 12	
-4.1 -4.0 -7.1 -7.0 8	
-4.1 -4.0 0.5 0.6 15892	
-4.1 -4.0 1.1 1.2 11578	
-4.1 -4.0 1.8 1.9 10405	
-4.1 -4.0 2.2 2.3 11908	
-4.1 -4.0 3.5 3.6 11766	
-4.1 -4.0 4.1 4.2 7251	
-4.1 -4.0 4.8 4.9 2472	
-4.1 -4.0 5.4 5.5 679	
-4.1 -4.0 6.0 6.1 126	
-4.1 -4.0 6.7 6.8 14	
-4.1 -4.0 7.1 7.2 6	
-4.1 -4.0 7.8 7.9 2	
-4.2 -4.1 -0.1 0.0 17152	
-4.2 -4.1 -0.3 -0.2 16414	
-4.2 -4.1 -0.7 -0.6 14175	
-4.2 -4.1 -1.8 -1.7 9124	
-4.2 -4.1 -2.4 -2.3 11072	
-4.2 -4.1 -3.5 -3.4 11080	
-4.2 -4.1 -4.6 -4.5 3666	
-4.2 -4.1 -5.2 -5.1 1276	
-4.2 -4.1 -6.3 -6.2 73	
-4.2 -4.1 -6.7 -6.6 25	
-4.2 -4.1 -8.4 -8.3 1	
-4.2 -4.1 0.3 0.4 16028	
-4.2 -4.1 1.6 1.7 9153	
-4.2 -4.1 1.9 2.0 9429	
-4.2 -4.1 2.2 2.3 10687	
-4.2 -4.1 3.5 3.6 10588	
-4.2 -4.1 4.1 4.2 6414	
-4.2 -4.1 4.8 4.9 2243	
-4.2 -4.1 5.2 5.3 1036	
-4.2 -4.1 6.5 6.6 32	
-4.2 -4.1 7.1 7.2 4	
-4.2 -4.1 8.4 8.5 1	
-4.2 -4.1 9.0 9.1 1	
-4.3 -4.2 -0.5 -0.4 15103	
-4.3 -4.2 -1.6 -1.5 8698	
-4.3 -4.2 -2.2 -2.1 9179	
-4.3 -4.2 -3.0 -2.9 11149	
-4.3 -4.2 -3.3 -3.2 10720	
-4.3 -4.2 -4.8 -4.7 2324	
-4.3 -4.2 -5.9 -5.8 195	
-4.3 -4.2 -6.1 -6.0 118	
-4.3 -4.2 -6.5 -6.4 29	
-4.3 -4.2 -7.6 -7.5 2	
-4.3 -4.2 -8.2 -8.1 2	
-4.3 -4.2 0.3 0.4 15609	
-4.3 -4.2 1.6 1.7 8581	
-4.3 -4.2 1.9 2.0 8776	
-4.3 -4.2 2.2 2.3 9587	
-4.3 -4.2 3.3 3.4 10290	
-4.3 -4.2 4.6 4.7 2799	
-4.3 -4.2 4.9 5.0 1701	
-4.3 -4.2 5.2 5.3 883	
-4.3 -4.2 6.5 6.6 21	
-4.3 -4.2 7.1 7.2 2	
-4.3 -4.2 7.8 7.9 2	
-4.3 -4.2 8.2 8.3 1	
-4.4 -4.3 -0.3 -0.2 15492	
-4.4 -4.3 -1.4 -1.3 8821	
-4.4 -4.3 -1.8 -1.7 7806	
-4.4 -4.3 -2.9 -2.8 9834	
-4.4 -4.3 -3.1 -3.0 9848	
-4.4 -4.3 -3.5 -3.4 8766	
-4.4 -4.3 -4.6 -4.5 2960	
-4.4 -4.3 -5.2 -5.1 968	
-4.4 -4.3 -5.7 -5.6 315	
-4.4 -4.3 -6.0 -5.9 133	
-4.4 -4.3 -6.3 -6.2 47	
-4.4 -4.3 -7.8 -7.7 2	
-4.4 -4.3 0.3 0.4 15291	
-4.4 -4.3 1.4 1.5 8480	
-4.4 -4.3 2.0 2.1 8205	
-4.4 -4.3 2.7 2.8 9718	
-4.4 -4.3 3.3 3.4 9135	
-4.4 -4.3 4.6 4.7 2413	
-4.4 -4.3 4.9 5.0 1488	
-4.4 -4.3 5.2 5.3 770	
-4.4 -4.3 6.3 6.4 37	
-4.5 -4.4 -1.2 -1.1 9527	
-4.5 -4.4 -1.6 -1.5 7534	
-4.5 -4.4 -2.7 -2.6 8248	
-4.5 -4.4 -3.0 -2.9 8494	
-4.5 -4.4 -3.3 -3.2 8139	
-4.5 -4.4 -4.4 -4.3 3395	
-4.5 -4.4 -4.8 -4.7 1829	
-4.5 -4.4 -5.9 -5.8 141	
-4.5 -4.4 -6.1 -6.0 87	
-4.5 -4.4 0.1 0.2 15617	
-4.5 -4.4 0.8 0.9 11679	
-4.5 -4.4 1.4 1.5 7839	
-4.5 -4.4 2.0 2.1 7268	
-4.5 -4.4 2.7 2.8 8468	
-4.5 -4.4 3.3 3.4 7973	
-4.5 -4.4 4.4 4.5 2921	
-4.5 -4.4 4.9 5.0 1274	
-4.5 -4.4 5.0 5.1 994	
-4.5 -4.4 5.7 5.8 179	
-4.5 -4.4 6.3 6.4 30	
-4.5 -4.4 7.6 7.7 1	
-4.6 -4.5 -0.3 -0.2 15272	
-4.6 -4.5 -0.8 -0.7 12396	
-4.6 -4.5 -1.4 -1.3 8072	
-4.6 -4.5 -2.5 -2.4 6925	
-4.6 -4.5 -2.9 -2.8 7470	
-4.6 -4.5 -3.1 -3.0 7254	
-4.6 -4.5 -4.2 -4.1 3727	
-4.6 -4.5 -4.6 -4.5 2079	
-4.6 -4.5 -5.7 -5.6 198	
-4.6 -4.5 -6.0 -5.9 111	
-4.6 -4.5 -6.3 -6.2 27	
-4.6 -4.5 -7.4 -7.3 1	
-4.6 -4.5 0.1 0.2 15565	
-4.6 -4.5 0.8 0.9 11632	
-4.6 -4.5 1.4 1.5 7633	
-4.6 -4.5 2.5 2.6 7091	
-4.6 -4.5 3.1 3.2 7209	
-4.6 -4.5 3.8 3.9 5143	
-4.6 -4.5 4.4 4.5 2435	
-4.6 -4.5 5.0 5.1 872	
-4.6 -4.5 5.7 5.8 163	
-4.6 -4.5 6.3 6.4 26	
-4.7 -4.6 -1.2 -1.1 9202	
-4.7 -4.6 -2.7 -2.6 6215	
-4.7 -4.6 -3.0 -2.9 6264	
-4.7 -4.6 -3.8 -3.7 4503	
-4.7 -4.6 -4.4 -4.3 2586	
-4.7 -4.6 -5.5 -5.4 312	
-4.7 -4.6 -5.9 -5.8 123	
-4.7 -4.6 -6.1 -6.0 70	
-4.7 -4.6 -7.2 -7.1 1	
-4.7 -4.6 -7.6 -7.5 2	
-4.7 -4.6 0.6 0.7 13154	
-4.7 -4.6 0.9 1.0 10668	
-4.7 -4.6 1.2 1.3 8547	
-4.7 -4.6 2.5 2.6 6166	
-4.7 -4.6 3.1 3.2 6260	
-4.7 -4.6 3.8 3.9 4328	
-4.7 -4.6 4.4 4.5 2114	
-4.7 -4.6 5.5 5.6 235	
-4.7 -4.6 5.7 5.8 144	
-4.7 -4.6 6.1 6.2 44	
-4.7 -4.6 6.8 6.9 4	
-4.7 -4.6 7.4 7.5 2	
-4.8 -4.7 -0.8 -0.7 12596	
-4.8 -4.7 -1.4 -1.3 7847	
-4.8 -4.7 -2.5 -2.4 5124	
-4.8 -4.7 -3.1 -3.0 5285	
-4.8 -4.7 -3.6 -3.5 4442	
-4.8 -4.7 -4.2 -4.1 2604	
-4.8 -4.7 -5.3 -5.2 407	
-4.8 -4.7 -5.7 -5.6 158	
-4.8 -4.7 -6.8 -6.7 4	
-4.8 -4.7 0.6 0.7 13390	
-4.8 -4.7 0.9 1.0 10999	
-4.8 -4.7 1.2 1.3 8609	
-4.8 -4.7 2.5 2.6 5343	
-4.8 -4.7 3.6 3.7 4214	
-4.8 -4.7 3.8 3.9 3681	
-4.8 -4.7 4.2 4.3 2344	
-4.8 -4.7 5.5 5.6 225	
-4.8 -4.7 6.1 6.2 37	
-4.8 -4.7 6.8 6.9 3	
-4.9 -4.8 -0.6 -0.5 14598	
-4.9 -4.8 -1.2 -1.1 9478	
-4.9 -4.8 -2.0 -1.9 5013	
-4.9 -4.8 -2.3 -2.2 4499	
-4.9 -4.8 -2.7 -2.6 4622	
-4.9 -4.8 -3.8 -3.7 3367	
-4.9 -4.8 -4.9 -4.8 777	
-4.9 -4.8 -5.5 -5.4 222	
-4.9 -4.8 -6.6 -6.5 7	
-4.9 -4.8 -7.2 -7.1 3	
-4.9 -4.8 0.6 0.7 13632	
-4.9 -4.8 0.9 1.0 11235	
-4.9 -4.8 1.0 1.1 10235	
-4.9 -4.8 1.7 1.8 5434	
-4.9 -4.8 2.3 2.4 4567	
-4.9 -4.8 3.6 3.7 3529	
-4.9 -4.8 3.9 4.0 2759	
-4.9 -4.8 4.2 4.3 2022	
-4.9 -4.8 5.5 5.6 166	
-4.9 -4.8 6.8 6.9 3	
-4.9 -4.8 7.2 7.3 1	
-5.0 -4.9 -0.6 -0.5 15133	
-5.0 -4.9 -1.2 -1.1 9569	
-5.0 -4.9 -2.0 -1.9 4709	
-5.0 -4.9 -2.3 -2.2 4118	
-5.0 -4.9 -2.7 -2.6 3762	
-5.0 -4.9 -3.8 -3.7 2634	
-5.0 -4.9 -4.9 -4.8 628	
-5.0 -4.9 -5.5 -5.4 182	
-5.0 -4.9 -6.6 -6.5 3	
-5.0 -4.9 -7.2 -7.1 1	
-5.0 -4.9 0.4 0.5 15648	
-5.0 -4.9 1.0 1.1 10657	
-5.0 -4.9 1.7 1.8 5330	
-5.0 -4.9 2.1 2.2 4182	
-5.0 -4.9 3.4 3.5 3259	
-5.0 -4.9 4.0 4.1 2112	
-5.0 -4.9 4.7 4.8 778	
-5.0 -4.9 5.3 5.4 232	
-5.0 -4.9 6.6 6.7 8	
-5.0 -4.9 6.9 7.0 1	
-5.0 -4.9 7.0 7.1 1	
-5.1 -5.0 -0.1 0.0 18088	
-5.1 -5.0 -0.3 -0.2 17439	
-5.1 -5.0 -1.4 -1.3 8007	
-5.1 -5.0 -2.5 -2.4 3567	
-5.1 -5.0 -2.9 -2.8 3111	
-5.1 -5.0 -3.1 -3.0 3209	
-5.1 -5.0 -4.2 -4.1 1564	
-5.1 -5.0 -4.6 -4.5 868	
-5.1 -5.0 -5.7 -5.6 94	
-5.1 -5.0 -6.0 -5.9 44	
-5.1 -5.0 -6.3 -6.2 16	
-5.1 -5.0 -7.4 -7.3 1	
-5.1 -5.0 0.4 0.5 16362	
-5.1 -5.0 0.9 1.0 12130	
-5.1 -5.0 1.0 1.1 10950	
-5.1 -5.0 1.7 1.8 5146	
-5.1 -5.0 2.3 2.4 3434	
-5.1 -5.0 3.6 3.7 2294	
-5.1 -5.0 3.9 4.0 1924	
-5.1 -5.0 4.2 4.3 1329	
-5.1 -5.0 5.3 5.4 208	
-5.1 -5.0 5.5 5.6 126	
-5.1 -5.0 6.6 6.7 8	
-5.1 -5.0 7.2 7.3 1	
-5.2 -5.1 -1.2 -1.1 10066	
-5.2 -5.1 -1.6 -1.5 6540	
-5.2 -5.1 -2.7 -2.6 2813	
-5.2 -5.1 -3.0 -2.9 2558	
-5.2 -5.1 -3.8 -3.7 1732	
-5.2 -5.1 -4.4 -4.3 915	
-5.2 -5.1 -5.5 -5.4 133	
-5.2 -5.1 -5.9 -5.8 32	
-5.2 -5.1 -6.1 -6.0 28	
-5.2 -5.1 0.4 0.5 17501	
-5.2 -5.1 1.0 1.1 11233	
-5.2 -5.1 1.7 1.8 5029	
-5.2 -5.1 2.3 2.4 3160	
-5.2 -5.1 3.4 3.5 2108	
-5.2 -5.1 3.6 3.7 1929	
-5.2 -5.1 3.9 4.0 1465	
-5.2 -5.1 4.0 4.1 1417	
-5.2 -5.1 4.7 4.8 552	
-5.2 -5.1 5.3 5.4 129	
-5.2 -5.1 6.6 6.7 5	
-5.2 -5.1 6.9 7.0 2	
-5.3 -5.2 -0.8 -0.7 15189	
-5.3 -5.2 -1.4 -1.3 8467	
-5.3 -5.2 -2.5 -2.4 2618	
-5.3 -5.2 -3.1 -3.0 2033	
-5.3 -5.2 -4.2 -4.1 983	
-5.3 -5.2 -5.3 -5.2 167	
-5.3 -5.2 -5.7 -5.6 58	
-5.3 -5.2 -6.0 -5.9 22	
-5.3 -5.2 -6.8 -6.7 2	
-5.3 -5.2 0.4 0.5 18085	
-5.3 -5.2 1.5 1.6 6726	
-5.3 -5.2 1.7 1.8 5170	
-5.3 -5.2 2.1 2.2 3376	
-5.3 -5.2 2.8 2.9 2244	
-5.3 -5.2 3.4 3.5 1778	
-5.3 -5.2 4.0 4.1 1144	
-5.3 -5.2 4.7 4.8 405	
-5.3 -5.2 5.3 5.4 134	
-5.3 -5.2 7.0 7.1 1	
-5.4 -5.3 -0.6 -0.5 17863	
-5.4 -5.3 -1.2 -1.1 10858	
-5.4 -5.3 -2.0 -1.9 4017	
-5.4 -5.3 -2.3 -2.2 2838	
-5.4 -5.3 -2.7 -2.6 1997	
-5.4 -5.3 -3.8 -3.7 1176	
-5.4 -5.3 -4.4 -4.3 652	
-5.4 -5.3 -4.9 -4.8 260	
-5.4 -5.3 -5.5 -5.4 70	
-5.4 -5.3 0.2 0.3 20062	
-5.4 -5.3 1.5 1.6 6767	
-5.4 -5.3 2.1 2.2 3216	
-5.4 -5.3 2.8 2.9 1868	
-5.4 -5.3 3.4 3.5 1432	
-5.4 -5.3 4.7 4.8 324	
-5.4 -5.3 5.1 5.2 157	
-5.4 -5.3 5.8 5.9 19	
-5.4 -5.3 6.4 6.5 8	
-5.5 -5.4 -0.4 -0.3 20336	
-5.5 -5.4 -0.8 -0.7 16373	
-5.5 -5.4 -1.9 -1.8 4663	
-5.5 -5.4 -2.1 -2.0 3424	
-5.5 -5.4 -2.5 -2.4 2096	
-5.5 -5.4 -3.6 -3.5 1055	
-5.5 -5.4 -4.2 -4.1 634	
-5.5 -5.4 -5.0 -4.9 164	
-5.5 -5.4 -5.3 -5.2 75	
-5.5 -5.4 -6.4 -6.3 4	
-5.5 -5.4 -6.8 -6.7 1	
-5.5 -5.4 0.2 0.3 20741	
-5.5 -5.4 1.5 1.6 7002	
-5.5 -5.4 2.8 2.9 1526	
-5.5 -5.4 3.2 3.3 1238	
-5.5 -5.4 4.5 4.6 368	
-5.5 -5.4 5.1 5.2 116	
-5.5 -5.4 5.8 5.9 23	
-5.5 -5.4 6.4 6.5 2	
-5.6 -5.5 -0.6 -0.5 19397	
-5.6 -5.5 -1.7 -1.6 6158	
-5.6 -5.5 -2.0 -1.9 3903	
-5.6 -5.5 -2.3 -2.2 2512	
-5.6 -5.5 -3.4 -3.3 987	
-5.6 -5.5 -3.8 -3.7 710	
-5.6 -5.5 -4.9 -4.8 151	
-5.6 -5.5 -5.1 -5.0 112	
-5.6 -5.5 -5.5 -5.4 34	
-5.6 -5.5 -6.6 -6.5 1	
-5.6 -5.5 0.0 0.1 22484	
-5.6 -5.5 1.3 1.4 9270	
-5.6 -5.5 2.6 2.7 1546	
-5.6 -5.5 2.9 3.0 1160	
-5.6 -5.5 3.2 3.3 1014	
-5.6 -5.5 4.5 4.6 277	
-5.6 -5.5 5.1 5.2 98	
-5.6 -5.5 5.8 5.9 16	
-5.6 -5.5 6.2 6.3 6	
-5.7 -5.6 -0.4 -0.3 21955	
-5.7 -5.6 -1.5 -1.4 8303	
-5.7 -5.6 -1.9 -1.8 4551	
-5.7 -5.6 -2.1 -2.0 3206	
-5.7 -5.6 -3.2 -3.1 884	
-5.7 -5.6 -3.6 -3.5 648	
-5.7 -5.6 -4.7 -4.6 175	
-5.7 -5.6 -5.0 -4.9 122	
-5.7 -5.6 -5.3 -5.2 59	
-5.7 -5.6 -6.4 -6.3 7	
-5.7 -5.6 0.0 0.1 22983	
-5.7 -5.6 0.7 0.8 17351	
-5.7 -5.6 1.3 1.4 9553	
-5.7 -5.6 2.6 2.7 1398	
-5.7 -5.6 2.9 3.0 1029	
-5.7 -5.6 3.0 3.1 876	
-5.7 -5.6 3.2 3.3 853	
-5.7 -5.6 4.3 4.4 321	
-5.7 -5.6 5.6 5.7 26	
-5.7 -5.6 5.9 6.0 5	
-5.7 -5.6 6.2 6.3 4	
-5.8 -5.7 -0.1 0.0 23670	
-5.8 -5.7 -0.2 -0.1 23647	
-5.8 -5.7 -0.6 -0.5 20513	
-5.8 -5.7 -1.7 -1.6 6195	
-5.8 -5.7 -2.0 -1.9 3914	
-5.8 -5.7 -2.8 -2.7 1072	
-5.8 -5.7 -3.4 -3.3 601	
-5.8 -5.7 -4.5 -4.4 196	
-5.8 -5.7 -4.9 -4.8 102	
-5.8 -5.7 -5.1 -5.0 74	
-5.8 -5.7 -6.2 -6.1 2	
-5.8 -5.7 -6.6 -6.5 3	
-5.8 -5.7 0.0 0.1 23588	
-5.8 -5.7 0.7 0.8 17924	
-5.8 -5.7 1.1 1.2 12297	
-5.8 -5.7 1.3 1.4 9612	
-5.8 -5.7 2.4 2.5 1692	
-5.8 -5.7 3.0 3.1 712	
-5.8 -5.7 3.7 3.8 443	
-5.8 -5.7 4.3 4.4 246	
-5.8 -5.7 5.6 5.7 17	
-5.8 -5.7 5.9 6.0 6	
-5.8 -5.7 6.2 6.3 2	
-5.9 -5.8 -0.4 -0.3 22717	
-5.9 -5.8 -1.5 -1.4 8440	
-5.9 -5.8 -2.1 -2.0 3262	
-5.9 -5.8 -3.2 -3.1 554	
-5.9 -5.8 -4.3 -4.2 205	
-5.9 -5.8 -4.7 -4.6 120	
-5.9 -5.8 -5.0 -4.9 50	
-5.9 -5.8 -5.8 -5.7 5	
-5.9 -5.8 -6.4 -6.3 1	
-5.9 -5.8 0.5 0.6 20596	
-5.9 -5.8 1.1 1.2 12378	
-5.9 -5.8 1.8 1.9 4566	
-5.9 -5.8 2.4 2.5 1531	
-5.9 -5.8 3.0 3.1 588	
-5.9 -5.8 3.7 3.8 362	
-5.9 -5.8 4.3 4.4 184	
-5.9 -5.8 5.4 5.5 21	
-5.9 -5.8 6.0 6.1 3	
-6.0 -5.9 -0.4 -0.3 22740	
-6.0 -5.9 -1.5 -1.4 8428	
-6.0 -5.9 -2.1 -2.0 3131	
-6.0 -5.9 -3.2 -3.1 485	
-6.0 -5.9 -4.3 -4.2 141	
-6.0 -5.9 -4.7 -4.6 76	
-6.0 -5.9 -5.0 -4.9 36	
-6.0 -5.9 -5.8 -5.7 5	
-6.0 -5.9 -6.4 -6.3 2	
-6.0 -5.9 0.5 0.6 20682	
-6.0 -5.9 1.6 1.7 6296	
-6.0 -5.9 1.9 2.0 3789	
-6.0 -5.9 2.2 2.3 2134	
-6.0 -5.9 3.5 3.6 306	
-6.0 -5.9 4.1 4.2 177	
-6.0 -5.9 4.8 4.9 60	
-6.0 -5.9 5.4 5.5 16	
-6.1 -6.0 -0.6 -0.5 20582	
-6.1 -6.0 -1.2 -1.1 12561	
-6.1 -6.0 -1.7 -1.6 6202	
-6.1 -6.0 -2.0 -1.9 3710	
-6.1 -6.0 -2.3 -2.2 2185	
-6.1 -6.0 -3.4 -3.3 328	
-6.1 -6.0 -3.8 -3.7 194	
-6.1 -6.0 -4.9 -4.8 47	
-6.1 -6.0 -5.1 -5.0 28	
-6.1 -6.0 -5.5 -5.4 15	
-6.1 -6.0 0.5 0.6 20773	
-6.1 -6.0 1.1 1.2 12468	
-6.1 -6.0 1.8 1.9 4469	
-6.1 -6.0 2.4 2.5 1409	
-6.1 -6.0 3.0 3.1 460	
-6.1 -6.0 3.7 3.8 219	
-6.1 -6.0 4.1 4.2 123	
-6.1 -6.0 4.8 4.9 42	
-6.1 -6.0 5.4 5.5 13	
-6.1 -6.0 6.0 6.1 2	
-6.2 -6.1 -0.4 -0.3 22317	
-6.2 -6.1 -1.9 -1.8 4379	
-6.2 -6.1 -2.1 -2.0 2992	
-6.2 -6.1 -3.2 -3.1 324	
-6.2 -6.1 -3.6 -3.5 181	
-6.2 -6.1 -4.7 -4.6 50	
-6.2 -6.1 -5.0 -4.9 23	
-6.2 -6.1 -5.3 -5.2 13	
-6.2 -6.1 -6.4 -6.3 1	
-6.2 -6.1 0.5 0.6 20888	
-6.2 -6.1 1.1 1.2 12238	
-6.2 -6.1 1.8 1.9 4330	
-6.2 -6.1 2.2 2.3 1962	
-6.2 -6.1 3.5 3.6 213	
-6.2 -6.1 4.1 4.2 94	
-6.2 -6.1 4.8 4.9 31	
-6.2 -6.1 5.4 5.5 10	
-6.2 -6.1 6.7 6.8 1	
-6.3 -6.2 -0.1 0.0 23278	
-6.3 -6.2 -0.2 -0.1 22923	
-6.3 -6.2 -0.6 -0.5 20024	
-6.3 -6.2 -1.7 -1.6 5934	
-6.3 -6.2 -2.0 -1.9 3519	
-6.3 -6.2 -2.3 -2.2 1929	
-6.3 -6.2 -2.8 -2.7 607	
-6.3 -6.2 -3.4 -3.3 206	
-6.3 -6.2 -4.5 -4.4 37	
-6.3 -6.2 -4.9 -4.8 21	
-6.3 -6.2 -5.1 -5.0 13	
-6.3 -6.2 -6.2 -6.1 2	
-6.3 -6.2 0.3 0.4 22043	
-6.3 -6.2 1.6 1.7 5993	
-6.3 -6.2 1.9 2.0 3631	
-6.3 -6.2 2.2 2.3 1952	
-6.3 -6.2 3.5 3.6 141	
-6.3 -6.2 4.1 4.2 55	
-6.3 -6.2 4.8 4.9 13	
-6.3 -6.2 5.2 5.3 8	
-6.4 -6.3 -0.4 -0.3 21152	
-6.4 -6.3 -1.5 -1.4 8020	
-6.4 -6.3 -1.9 -1.8 4135	
-6.4 -6.3 -2.1 -2.0 2860	
-6.4 -6.3 -3.2 -3.1 268	
-6.4 -6.3 -4.7 -4.6 17	
-6.4 -6.3 -5.0 -4.9 22	
-6.4 -6.3 -5.8 -5.7 3	
-6.4 -6.3 0.3 0.4 21460	
-6.4 -6.3 1.6 1.7 5827	
-6.4 -6.3 1.9 2.0 3453	
-6.4 -6.3 2.2 2.3 1818	
-6.4 -6.3 3.3 3.4 157	
-6.4 -6.3 4.6 4.7 32	
-6.4 -6.3 4.9 5.0 12	
-6.4 -6.3 5.2 5.3 8	
-6.5 -6.4 -0.2 -0.1 21601	
-6.5 -6.4 -1.3 -1.2 9914	
-6.5 -6.4 -1.7 -1.6 5458	
-6.5 -6.4 -2.8 -2.7 583	
-6.5 -6.4 -3.4 -3.3 153	
-6.5 -6.4 -4.5 -4.4 24	
-6.5 -6.4 -5.1 -5.0 11	
-6.5 -6.4 -5.6 -5.5 5	
-6.5 -6.4 0.3 0.4 20326	
-6.5 -6.4 1.4 1.5 7561	
-6.5 -6.4 2.0 2.1 2666	
-6.5 -6.4 2.7 2.8 548	
-6.5 -6.4 3.3 3.4 126	
-6.5 -6.4 4.6 4.7 12	
-6.5 -6.4 4.9 5.0 7	
-6.5 -6.4 5.2 5.3 5	
-6.6 -6.5 -0.9 -0.8 14614	
-6.6 -6.5 -1.1 -1.0 12109	
-6.6 -6.5 -1.5 -1.4 7152	
-6.6 -6.5 -2.6 -2.5 812	
-6.6 -6.5 -3.2 -3.1 195	
-6.6 -6.5 -4.0 -3.9 29	
-6.6 -6.5 -4.3 -4.2 17	
-6.6 -6.5 -4.7 -4.6 11	
-6.6 -6.5 -5.8 -5.7 2	
-6.6 -6.5 0.1 0.2 20314	
-6.6 -6.5 0.8 0.9 14288	
-6.6 -6.5 1.4 1.5 7167	
-6.6 -6.5 2.0 2.1 2484	
-6.6 -6.5 2.7 2.8 525	
-6.6 -6.5 3.3 3.4 110	
-6.6 -6.5 4.4 4.5 14	
-6.6 -6.5 5.0 5.1 5	
-6.6 -6.5 5.7 5.8 2	
-6.7 -6.6 -0.1 0.0 19238	
-6.7 -6.6 -0.2 -0.1 19051	
-6.7 -6.6 -0.7 -0.6 15517	
-6.7 -6.6 -1.0 -0.9 12376	
-6.7 -6.6 -1.3 -1.2 9064	
-6.7 -6.6 -2.4 -2.3 1315	
-6.7 -6.6 -2.8 -2.7 515	
-6.7 -6.6 -3.9 -3.8 31	
-6.7 -6.6 -4.1 -4.0 18	
-6.7 -6.6 -4.5 -4.4 8	
-6.7 -6.6 -5.6 -5.5 2	
-6.7 -6.6 0.1 0.2 19088	
-6.7 -6.6 0.8 0.9 13525	
-6.7 -6.6 1.4 1.5 6629	
-6.7 -6.6 2.5 2.6 768	
-6.7 -6.6 3.1 3.2 172	
-6.7 -6.6 3.8 3.9 33	
-6.7 -6.6 4.4 4.5 11	
-6.7 -6.6 5.0 5.1 4	
-6.7 -6.6 5.7 5.8 1	
-6.8 -6.7 -0.9 -0.8 12663	
-6.8 -6.7 -1.1 -1.0 10417	
-6.8 -6.7 -2.6 -2.5 737	
-6.8 -6.7 -3.7 -3.6 40	
-6.8 -6.7 -4.0 -3.9 22	
-6.8 -6.7 -4.3 -4.2 8	
-6.8 -6.7 -5.4 -5.3 1	
-6.8 -6.7 0.6 0.7 14485	
-6.8 -6.7 0.9 1.0 11463	
-6.8 -6.7 1.2 1.3 8257	
-6.8 -6.7 2.5 2.6 732	
-6.8 -6.7 3.1 3.2 188	
-6.8 -6.7 3.8 3.9 25	
-6.8 -6.7 4.4 4.5 11	
-6.9 -6.8 -0.7 -0.6 13493	
-6.9 -6.8 -1.0 -0.9 10575	
-6.9 -6.8 -1.3 -1.2 7568	
-6.9 -6.8 -2.4 -2.3 1073	
-6.9 -6.8 -3.5 -3.4 54	
-6.9 -6.8 -3.9 -3.8 11	
-6.9 -6.8 -4.1 -4.0 17	
-6.9 -6.8 -5.2 -5.1 1	
-6.9 -6.8 0.6 0.7 13332	
-6.9 -6.8 0.9 1.0 10521	
-6.9 -6.8 1.2 1.3 7720	
-6.9 -6.8 2.5 2.6 687	
-6.9 -6.8 3.6 3.7 24	
-6.9 -6.8 4.2 4.3 7	
-7.0 -6.9 -0.7 -0.6 12336	
-7.0 -6.9 -1.0 -0.9 9693	
-7.0 -6.9 -1.3 -1.2 6824	
-7.0 -6.9 -2.4 -2.3 963	
-7.0 -6.9 -3.5 -3.4 47	
-7.0 -6.9 -3.9 -3.8 19	
-7.0 -6.9 -4.1 -4.0 14	
-7.0 -6.9 -5.2 -5.1 1	
-7.0 -6.9 0.4 0.5 13792	
-7.0 -6.9 1.0 1.1 8913	
-7.0 -6.9 1.7 1.8 3268	
-7.0 -6.9 2.3 2.4 929	
-7.0 -6.9 3.6 3.7 24	
-7.0 -6.9 3.9 4.0 12	
-7.0 -6.9 4.0 4.1 8	
-7.0 -6.9 5.3 5.4 1	
-7.1 -7.0 -0.9 -0.8 9523	
-7.1 -7.0 -1.5 -1.4 4896	
-7.1 -7.0 -2.6 -2.5 522	
-7.1 -7.0 -3.2 -3.1 102	
-7.1 -7.0 -4.0 -3.9 4	
-7.1 -7.0 -4.3 -4.2 5	
-7.1 -7.0 -4.7 -4.6 1	
-7.1 -7.0 0.6 0.7 11060	
-7.1 -7.0 0.9 1.0 8823	
-7.1 -7.0 1.2 1.3 6404	
-7.1 -7.0 2.3 2.4 879	
-7.1 -7.0 3.6 3.7 23	
-7.1 -7.0 3.9 4.0 12	
-7.1 -7.0 4.2 4.3 2	
-7.2 -7.1 -0.1 0.0 12241	
-7.2 -7.1 -0.2 -0.1 12217	
-7.2 -7.1 -1.0 -0.9 7807	
-7.2 -7.1 -1.3 -1.2 5563	
-7.2 -7.1 -2.4 -2.3 773	
-7.2 -7.1 -2.8 -2.7 298	
-7.2 -7.1 -3.9 -3.8 11	
-7.2 -7.1 -4.1 -4.0 6	
-7.2 -7.1 -4.5 -4.4 1	
-7.2 -7.1 -5.6 -5.5 1	
-7.2 -7.1 0.4 0.5 11151	
-7.2 -7.1 1.0 1.1 7096	
-7.2 -7.1 1.7 1.8 2643	
-7.2 -7.1 2.3 2.4 818	
-7.2 -7.1 3.6 3.7 22	
-7.2 -7.1 3.9 4.0 14	
-7.2 -7.1 4.2 4.3 4	
-7.3 -7.2 -0.9 -0.8 7576	
-7.3 -7.2 -1.1 -1.0 6211	
-7.3 -7.2 -1.5 -1.4 3832	
-7.3 -7.2 -2.6 -2.5 404	
-7.3 -7.2 -3.7 -3.6 11	
-7.3 -7.2 -4.0 -3.9 6	
-7.3 -7.2 -4.3 -4.2 3	
-7.3 -7.2 0.4 0.5 9928	
-7.3 -7.2 1.0 1.1 6305	
-7.3 -7.2 1.7 1.8 2424	
-7.3 -7.2 2.3 2.4 705	
-7.3 -7.2 3.4 3.5 35	
-7.3 -7.2 3.9 4.0 11	
-7.3 -7.2 4.0 4.1 4	
-7.4 -7.3 -0.7 -0.6 7641	
-7.4 -7.3 -1.0 -0.9 6013	
-7.4 -7.3 -1.3 -1.2 4440	
-7.4 -7.3 -2.4 -2.3 627	
-7.4 -7.3 -3.9 -3.8 11	
-7.4 -7.3 -4.1 -4.0 1	
-7.4 -7.3 0.4 0.5 8794	
-7.4 -7.3 1.5 1.6 2884	
-7.4 -7.3 2.1 2.2 973	
-7.4 -7.3 2.8 2.9 182	
-7.4 -7.3 3.4 3.5 26	
-7.4 -7.3 4.0 4.1 2	
-7.4 -7.3 4.7 4.8 1	
-7.5 -7.4 -0.5 -0.4 7690	
-7.5 -7.4 -0.9 -0.8 5797	
-7.5 -7.4 -1.1 -1.0 4857	
-7.5 -7.4 -2.2 -2.1 792	
-7.5 -7.4 -2.6 -2.5 302	
-7.5 -7.4 -3.7 -3.6 14	
-7.5 -7.4 -4.0 -3.9 8	
-7.5 -7.4 0.2 0.3 8136	
-7.5 -7.4 1.5 1.6 2527	
-7.5 -7.4 2.1 2.2 812	
-7.5 -7.4 2.8 2.9 152	
-7.5 -7.4 3.4 3.5 33	
-7.6 -7.5 -0.3 -0.2 6895	
-7.6 -7.5 -0.7 -0.6 5930	
-7.6 -7.5 -1.0 -0.9 4667	
-7.6 -7.5 -1.8 -1.7 1553	
-7.6 -7.5 -2.4 -2.3 446	
-7.6 -7.5 -3.5 -3.4 23	
-7.6 -7.5 -4.1 -4.0 5	
-7.6 -7.5 0.2 0.3 6943	
-7.6 -7.5 1.5 1.6 2139	
-7.6 -7.5 2.8 2.9 123	
-7.6 -7.5 3.2 3.3 49	
-7.6 -7.5 5.8 5.9 1	
-7.7 -7.6 -0.5 -0.4 5462	
-7.7 -7.6 -1.6 -1.5 1848	
-7.7 -7.6 -2.2 -2.1 579	
-7.7 -7.6 -3.3 -3.2 28	
-7.7 -7.6 -3.7 -3.6 9	
-7.7 -7.6 -5.4 -5.3 1	
-7.7 -7.6 0.0 0.1 6212	
-7.7 -7.6 1.3 1.4 2450	
-7.7 -7.6 2.6 2.7 182	
-7.7 -7.6 2.9 3.0 71	
-7.7 -7.6 3.2 3.3 35	
-7.8 -7.7 -0.3 -0.2 5031	
-7.8 -7.7 -1.4 -1.3 2131	
-7.8 -7.7 -1.8 -1.7 1069	
-7.8 -7.7 -2.9 -2.8 102	
-7.8 -7.7 -3.1 -3.0 45	
-7.8 -7.7 -3.5 -3.4 8	
-7.8 -7.7 0.0 0.1 5268	
-7.8 -7.7 0.7 0.8 4037	
-7.8 -7.7 1.3 1.4 2076	
-7.8 -7.7 2.6 2.7 175	
-7.8 -7.7 2.9 3.0 66	
-7.8 -7.7 3.0 3.1 54	
-7.9 -7.8 -0.1 0.0 4241	
-7.9 -7.8 -0.5 -0.4 3881	
-7.9 -7.8 -1.6 -1.5 1321	
-7.9 -7.8 -2.7 -2.6 115	
-7.9 -7.8 -3.0 -2.9 55	
-7.9 -7.8 -3.3 -3.2 19	
-7.9 -7.8 0.0 0.1 4295	
-7.9 -7.8 0.7 0.8 3285	
-7.9 -7.8 1.1 1.2 2233	
-7.9 -7.8 2.4 2.5 220	
-7.9 -7.8 3.0 3.1 43	
-7.9 -7.8 3.7 3.8 3	
-8.0 -7.9 -0.5 -0.4 3275	
-8.0 -7.9 -1.6 -1.5 1045	
-8.0 -7.9 -2.7 -2.6 111	
-8.0 -7.9 -3.0 -2.9 35	
-8.0 -7.9 -3.3 -3.2 18	
-8.0 -7.9 0.5 0.6 3043	
-8.0 -7.9 1.1 1.2 1789	
-8.0 -7.9 1.8 1.9 671	
-8.0 -7.9 2.4 2.5 195	
-8.0 -7.9 3.5 3.6 7	
-8.0 -7.9 4.1 4.2 2	
-8.1 -8.0 -0.7 -0.6 2427	
-8.1 -8.0 -1.0 -0.9 1814	
-8.1 -8.0 -1.8 -1.7 669	
-8.1 -8.0 -2.4 -2.3 184	
-8.1 -8.0 -3.5 -3.4 5	
-8.1 -8.0 -3.9 -3.8 1	
-8.1 -8.0 0.7 0.8 2198	
-8.1 -8.0 1.1 1.2 1526	
-8.1 -8.0 1.8 1.9 538	
-8.1 -8.0 2.4 2.5 141	
-8.1 -8.0 3.0 3.1 32	
-8.1 -8.0 3.7 3.8 1	
-8.2 -8.1 -0.5 -0.4 2171	
-8.2 -8.1 -1.6 -1.5 725	
-8.2 -8.1 -2.2 -2.1 227	
-8.2 -8.1 -3.3 -3.2 14	
-8.2 -8.1 -3.7 -3.6 4	
-8.2 -8.1 -4.8 -4.7 1	
-8.2 -8.1 0.5 0.6 2051	
-8.2 -8.1 1.1 1.2 1240	
-8.2 -8.1 1.8 1.9 394	
-8.2 -8.1 2.4 2.5 107	
-8.2 -8.1 3.7 3.8 1	
-8.3 -8.2 -0.3 -0.2 1796	
-8.3 -8.2 -1.8 -1.7 447	
-8.3 -8.2 -2.9 -2.8 27	
-8.3 -8.2 -3.1 -3.0 23	
-8.3 -8.2 -3.5 -3.4 6	
-8.3 -8.2 0.5 0.6 1683	
-8.3 -8.2 1.8 1.9 365	
-8.3 -8.2 2.2 2.3 132	
-8.3 -8.2 3.5 3.6 4	
-8.4 -8.3 -0.5 -0.4 1325	
-8.4 -8.3 -1.6 -1.5 450	
-8.4 -8.3 -2.2 -2.1 160	
-8.4 -8.3 -2.7 -2.6 38	
-8.4 -8.3 -3.0 -2.9 22	
-8.4 -8.3 -3.3 -3.2 6	
-8.4 -8.3 0.3 0.4 1490	
-8.4 -8.3 1.6 1.7 427	
-8.4 -8.3 1.9 2.0 243	
-8.4 -8.3 2.2 2.3 135	
-8.4 -8.3 3.5 3.6 3	
-8.4 -8.3 4.1 4.2 2	
-8.5 -8.4 -0.3 -0.2 1198	
-8.5 -8.4 -1.4 -1.3 463	
-8.5 -8.4 -1.8 -1.7 261	
-8.5 -8.4 -2.9 -2.8 26	
-8.5 -8.4 -3.1 -3.0 22	
-8.5 -8.4 0.3 0.4 1134	
-8.5 -8.4 1.6 1.7 296	
-8.5 -8.4 1.9 2.0 182	
-8.5 -8.4 2.2 2.3 104	
-8.5 -8.4 3.3 3.4 5	
-8.6 -8.5 -1.2 -1.1 467	
-8.6 -8.5 -1.6 -1.5 305	
-8.6 -8.5 -2.7 -2.6 36	
-8.6 -8.5 -3.0 -2.9 13	
-8.6 -8.5 -3.3 -3.2 9	
-8.6 -8.5 0.3 0.4 880	
-8.6 -8.5 1.4 1.5 314	
-8.6 -8.5 2.0 2.1 114	
-8.6 -8.5 2.7 2.8 25	
-8.6 -8.5 3.3 3.4 1	
-8.7 -8.6 -0.8 -0.7 563	
-8.7 -8.6 -1.4 -1.3 300	
-8.7 -8.6 -2.5 -2.4 40	
-8.7 -8.6 -2.9 -2.8 12	
-8.7 -8.6 -3.1 -3.0 8	
-8.7 -8.6 0.1 0.2 721	
-8.7 -8.6 0.8 0.9 518	
-8.7 -8.6 1.4 1.5 265	
-8.7 -8.6 2.0 2.1 87	
-8.7 -8.6 2.7 2.8 19	
-8.7 -8.6 3.3 3.4 4	
-8.8 -8.7 -0.1 0.0 566	
-8.8 -8.7 -0.6 -0.5 475	
-8.8 -8.7 -1.2 -1.1 267	
-8.8 -8.7 -2.3 -2.2 45	
-8.8 -8.7 -2.7 -2.6 11	
-8.8 -8.7 -3.8 -3.7 1	
-8.8 -8.7 0.1 0.2 546	
-8.8 -8.7 0.8 0.9 340	
-8.8 -8.7 1.4 1.5 200	
-8.8 -8.7 2.5 2.6 20	
-8.8 -8.7 3.1 3.2 3	
-8.9 -8.8 -0.8 -0.7 289	
-8.9 -8.8 -1.9 -1.8 72	
-8.9 -8.8 -2.1 -2.0 44	
-8.9 -8.8 -2.5 -2.4 16	
-8.9 -8.8 -3.6 -3.5 1	
-8.9 -8.8 0.6 0.7 345	
-8.9 -8.8 0.9 1.0 241	
-8.9 -8.8 1.2 1.3 173	
-8.9 -8.8 2.5 2.6 11	
-8.9 -8.8 3.1 3.2 4	
-9.0 -8.9 -0.8 -0.7 217	
-9.0 -8.9 -1.9 -1.8 53	
-9.0 -8.9 -2.1 -2.0 40	
-9.0 -8.9 -2.5 -2.4 19	
-9.0 -8.9 0.6 0.7 275	
-9.0 -8.9 0.9 1.0 210	
-9.0 -8.9 1.0 1.1 175	
-9.0 -8.9 1.7 1.8 60	
-9.0 -8.9 2.3 2.4 22	
-9.0 -8.9 3.6 3.7 2	
-9.1 -9.0 -1.2 -1.1 124	
-9.1 -9.0 -1.6 -1.5 73	
-9.1 -9.0 -2.7 -2.6 6	
-9.1 -9.0 -3.0 -2.9 1	
-9.1 -9.0 -3.3 -3.2 1	
-9.1 -9.0 0.6 0.7 187	
-9.1 -9.0 0.9 1.0 153	
-9.1 -9.0 1.2 1.3 92	
-9.1 -9.0 2.5 2.6 15	
-9.2 -9.1 -0.8 -0.7 121	
-9.2 -9.1 -1.4 -1.3 71	
-9.2 -9.1 -2.5 -2.4 15	
-9.2 -9.1 -2.9 -2.8 5	
-9.2 -9.1 -3.1 -3.0 4	
-9.2 -9.1 0.6 0.7 118	
-9.2 -9.1 0.9 1.0 101	
-9.2 -9.1 1.2 1.3 86	
-9.2 -9.1 2.3 2.4 7	
-9.2 -9.1 3.6 3.7 1	
-9.3 -9.2 -0.1 0.0 114	
-9.3 -9.2 -1.2 -1.1 64	
-9.3 -9.2 -2.3 -2.2 15	
-9.3 -9.2 -2.7 -2.6 3	
-9.3 -9.2 -3.0 -2.9 1	
-9.3 -9.2 0.4 0.5 114	
-9.3 -9.2 1.0 1.1 77	
-9.3 -9.2 1.7 1.8 23	
-9.3 -9.2 2.3 2.4 7	
-9.4 -9.3 -0.8 -0.7 84	
-9.4 -9.3 -1.9 -1.8 18	
-9.4 -9.3 -2.5 -2.4 6	
-9.4 -9.3 0.4 0.5 52	
-9.4 -9.3 1.0 1.1 42	
-9.4 -9.3 1.7 1.8 17	
-9.4 -9.3 2.3 2.4 3	
-9.5 -9.4 -0.6 -0.5 58	
-9.5 -9.4 -1.2 -1.1 27	
-9.5 -9.4 -2.0 -1.9 4	
-9.5 -9.4 -2.3 -2.2 6	
-9.5 -9.4 0.4 0.5 51	
-9.5 -9.4 1.5 1.6 18	
-9.5 -9.4 2.1 2.2 7	
-9.5 -9.4 2.8 2.9 1	
-9.5 -9.4 3.4 3.5 1	
-9.6 -9.5 -0.4 -0.3 36	
-9.6 -9.5 -0.8 -0.7 38	
-9.6 -9.5 -1.9 -1.8 10	
-9.6 -9.5 -2.1 -2.0 9	
-9.6 -9.5 -2.5 -2.4 2	
-9.6 -9.5 0.2 0.3 37	
-9.6 -9.5 1.5 1.6 14	
-9.6 -9.5 2.1 2.2 6	
-9.6 -9.5 2.8 2.9 1	
-9.7 -9.6 -0.2 -0.1 34	
-9.7 -9.6 -0.6 -0.5 30	
-9.7 -9.6 -1.7 -1.6 6	
-9.7 -9.6 -2.0 -1.9 5	
-9.7 -9.6 -2.3 -2.2 1	
-9.7 -9.6 0.2 0.3 41	
-9.7 -9.6 1.5 1.6 8	
-9.7 -9.6 2.8 2.9 1	
-9.8 -9.7 -0.4 -0.3 12	
-9.8 -9.7 -1.5 -1.4 7	
-9.8 -9.7 -1.9 -1.8 5	
-9.8 -9.7 -2.1 -2.0 1	
-9.8 -9.7 0.0 0.1 18	
-9.8 -9.7 1.3 1.4 8	
-9.9 -9.8 -0.2 -0.1 12	
-9.9 -9.8 -1.3 -1.2 9	
-9.9 -9.8 -1.7 -1.6 6	
-9.9 -9.8 -2.0 -1.9 3	
-9.9 -9.8 0.0 0.1 20	
-9.9 -9.8 0.7 0.8 8	
-9.9 -9.8 1.3 1.4 6	
-9.9 -9.8 2.6 2.7 1	
0.0 0.1 -0.6 -0.5 1658	
0.0 0.1 -1.7 -1.6 10080	
0.0 0.1 -10.2 -10.1 7	
0.0 0.1 -2.0 -1.9 14210	
0.0 0.1 -2.3 -2.2 18436	
0.0 0.1 -3.4 -3.3 23495	
0.0 0.1 -3.8 -3.7 20349	
0.0 0.1 -4.9 -4.8 16372	
0.0 0.1 -5.1 -5.0 18204	
0.0 0.1 -5.5 -5.4 21678	
0.0 0.1 -6.6 -6.5 20619	
0.0 0.1 -7.2 -7.1 12219	
0.0 0.1 -7.7 -7.6 6099	
0.0 0.1 -8.0 -7.9 3622	
0.0 0.1 -8.3 -8.2 1875	
0.0 0.1 -9.4 -9.3 88	
0.0 0.1 -9.8 -9.7 24	
0.0 0.1 0.4 0.5 1486	
0.0 0.1 1.0 1.1 3929	
0.0 0.1 1.7 1.8 11355	
0.0 0.1 10.2 10.3 3	
0.0 0.1 2.3 2.4 19667	
0.0 0.1 3.4 3.5 22989	
0.0 0.1 4.0 4.1 17472	
0.0 0.1 4.7 4.8 16122	
0.0 0.1 5.3 5.4 20754	
0.0 0.1 6.6 6.7 19192	
0.0 0.1 6.9 7.0 15144	
0.0 0.1 7.2 7.3 11012	
0.0 0.1 8.3 8.4 1524	
0.0 0.1 9.6 9.7 33	
0.0 0.1 9.9 10.0 11	
0.1 0.2 -0.9 -0.8 2872	
0.1 0.2 -1.1 -1.0 3935	
0.1 0.2 -2.2 -2.1 16837	
0.1 0.2 -2.6 -2.5 21852	
0.1 0.2 -3.7 -3.6 21270	
0.1 0.2 -4.0 -3.9 18480	
0.1 0.2 -4.3 -4.2 16446	
0.1 0.2 -5.4 -5.3 20604	
0.1 0.2 -5.8 -5.7 23646	
0.1 0.2 -6.9 -6.8 16543	
0.1 0.2 -7.1 -7.0 13596	
0.1 0.2 -8.6 -8.5 909	
0.1 0.2 -9.7 -9.6 17	
0.1 0.2 0.1 0.2 1186	
0.1 0.2 0.8 0.9 2778	
0.1 0.2 1.2 1.3 5460	
0.1 0.2 10.5 10.6 1	
0.1 0.2 2.5 2.6 22026	
0.1 0.2 3.1 3.2 24236	
0.1 0.2 3.8 3.9 19133	
0.1 0.2 4.4 4.5 15509	
0.1 0.2 5.0 5.1 18125	
0.1 0.2 5.7 5.8 23071	
0.1 0.2 6.1 6.2 23472	
0.1 0.2 6.3 6.4 22210	
0.1 0.2 7.4 7.5 8137	
0.1 0.2 8.0 8.1 2805	
0.1 0.2 8.7 8.8 536	
0.1 0.2 9.3 9.4 95	
0.2 0.3 -0.3 -0.2 1298	
0.2 0.3 -1.4 -1.3 6353	
0.2 0.3 -10.9 -10.8 1	
0.2 0.3 -2.5 -2.4 20784	
0.2 0.3 -2.9 -2.8 23767	
0.2 0.3 -3.1 -3.0 23879	
0.2 0.3 -4.2 -4.1 16237	
0.2 0.3 -4.6 -4.5 15101	
0.2 0.3 -5.7 -5.6 22371	
0.2 0.3 -6.0 -5.9 23134	
0.2 0.3 -6.3 -6.2 22546	
0.2 0.3 -7.4 -7.3 9083	
0.2 0.3 -8.5 -8.4 1129	
0.2 0.3 -8.9 -8.8 427	
0.2 0.3 -9.1 -9.0 216	
0.2 0.3 0.3 0.4 1478	
0.2 0.3 1.6 1.7 9621	
0.2 0.3 1.9 2.0 13690	
0.2 0.3 11.0 11.1 1	
0.2 0.3 2.2 2.3 17918	
0.2 0.3 3.5 3.6 21533	
0.2 0.3 4.1 4.2 16586	
0.2 0.3 4.8 4.9 16054	
0.2 0.3 5.2 5.3 19194	
0.2 0.3 6.5 6.6 19943	
0.2 0.3 7.1 7.2 11975	
0.2 0.3 7.8 7.9 4120	
0.2 0.3 8.4 8.5 1134	
0.2 0.3 9.0 9.1 245	
0.2 0.3 9.7 9.8 20	
0.3 0.4 -0.2 -0.1 1428	
0.3 0.4 -0.6 -0.5 1798	
0.3 0.4 -1.7 -1.6 9701	
0.3 0.4 -10.4 -10.3 6	
0.3 0.4 -2.0 -1.9 13447	
0.3 0.4 -2.8 -2.7 22526	
0.3 0.4 -3.4 -3.3 22747	
0.3 0.4 -4.5 -4.4 14872	
0.3 0.4 -4.9 -4.8 15946	
0.3 0.4 -5.1 -5.0 17136	
0.3 0.4 -6.2 -6.1 22208	
0.3 0.4 -6.6 -6.5 19419	
0.3 0.4 -7.7 -7.6 5744	
0.3 0.4 -8.0 -7.9 3325	
0.3 0.4 -8.8 -8.7 500	
0.3 0.4 -9.4 -9.3 87	
0.3 0.4 0.0 0.1 1337	
0.3 0.4 0.7 0.8 2487	
0.3 0.4 1.3 1.4 6172	
0.3 0.4 10.2 10.3 2	
0.3 0.4 10.7 10.8 1	
0.3 0.4 2.6 2.7 21918	
0.3 0.4 2.9 3.0 23213	
0.3 0.4 3.0 3.1 23798	
0.3 0.4 3.7 3.8 19383	
0.3 0.4 4.3 4.4 15304	
0.3 0.4 5.6 5.7 22102	
0.3 0.4 5.9 6.0 22772	
0.3 0.4 6.2 6.3 22022	
0.3 0.4 7.5 7.6 6721	
0.3 0.4 8.8 8.9 387	
0.3 0.4 9.2 9.3 131	
0.4 0.5 -0.5 -0.4 1832	
0.4 0.5 -1.1 -1.0 3878	
0.4 0.5 -10.4 -10.3 3	
0.4 0.5 -2.2 -2.1 15821	
0.4 0.5 -3.3 -3.2 22345	
0.4 0.5 -3.7 -3.6 19711	
0.4 0.5 -4.0 -3.9 16906	
0.4 0.5 -4.8 -4.7 14633	
0.4 0.5 -5.4 -5.3 18843	
0.4 0.5 -6.5 -6.4 19343	
0.4 0.5 -7.1 -7.0 12406	
0.4 0.5 -8.2 -8.1 1974	
0.4 0.5 -9.7 -9.6 22	
0.4 0.5 0.4 0.5 1893	
0.4 0.5 1.7 1.8 10662	
0.4 0.5 10.1 10.2 2	
0.4 0.5 2.1 2.2 15882	
0.4 0.5 2.8 2.9 22419	
0.4 0.5 3.4 3.5 21202	
0.4 0.5 4.0 4.1 16228	
0.4 0.5 4.7 4.8 14670	
0.4 0.5 5.3 5.4 18857	
0.4 0.5 6.6 6.7 17474	
0.4 0.5 6.9 7.0 13517	
0.4 0.5 7.0 7.1 12399	
0.4 0.5 7.7 7.8 4723	
0.4 0.5 8.3 8.4 1336	
0.4 0.5 9.6 9.7 31	
0.5 0.6 -0.8 -0.7 2719	
0.5 0.6 -1.4 -1.3 5951	
0.5 0.6 -1.9 -1.8 11476	
0.5 0.6 -10.4 -10.3 1	
0.5 0.6 -10.9 -10.8 1	
0.5 0.6 -2.5 -2.4 18800	
0.5 0.6 -3.6 -3.5 19894	
0.5 0.6 -4.2 -4.1 15064	
0.5 0.6 -5.3 -5.2 17006	
0.5 0.6 -5.7 -5.6 19900	
0.5 0.6 -6.8 -6.7 15667	
0.5 0.6 -7.4 -7.3 8329	
0.5 0.6 -8.5 -8.4 1029	
0.5 0.6 -9.1 -9.0 184	
0.5 0.6 -9.6 -9.5 33	
0.5 0.6 0.6 0.7 2458	
0.5 0.6 0.9 1.0 3395	
0.5 0.6 1.2 1.3 5150	
0.5 0.6 2.5 2.6 19808	
0.5 0.6 3.1 3.2 21799	
0.5 0.6 3.8 3.9 17132	
0.5 0.6 4.4 4.5 13998	
0.5 0.6 5.5 5.6 19411	
0.5 0.6 6.1 6.2 20382	
0.5 0.6 6.8 6.9 14297	
0.5 0.6 7.4 7.5 7313	
0.5 0.6 8.0 8.1 2516	
0.5 0.6 8.7 8.8 493	
0.5 0.6 9.3 9.4 69	
0.5 0.6 9.9 10.0 14	
0.6 0.7 -0.2 -0.1 1945	
0.6 0.7 -1.0 -0.9 3473	
0.6 0.7 -1.3 -1.2 5273	
0.6 0.7 -10.0 -9.9 10	
0.6 0.7 -2.8 -2.7 20230	
0.6 0.7 -3.9 -3.8 16297	
0.6 0.7 -4.1 -4.0 15078	
0.6 0.7 -4.5 -4.4 13181	
0.6 0.7 -5.6 -5.5 18457	
0.6 0.7 -6.2 -6.1 19069	
0.6 0.7 -7.0 -6.9 12309	
0.6 0.7 -7.3 -7.2 8746	
0.6 0.7 -7.7 -7.6 5075	
0.6 0.7 -8.8 -8.7 421	
0.6 0.7 -9.9 -9.8 11	
0.6 0.7 0.3 0.4 2128	
0.6 0.7 1.6 1.7 8889	
0.6 0.7 1.9 2.0 12135	
0.6 0.7 10.7 10.8 1	
0.6 0.7 2.2 2.3 15936	
0.6 0.7 3.3 3.4 20080	
0.6 0.7 4.6 4.7 13133	
0.6 0.7 4.9 5.0 14289	
0.6 0.7 5.2 5.3 16279	
0.6 0.7 6.5 6.6 16658	
0.6 0.7 7.1 7.2 9865	
0.6 0.7 7.8 7.9 3507	
0.6 0.7 8.2 8.3 1578	
0.6 0.7 8.4 8.5 969	
0.6 0.7 9.5 9.6 37	
0.7 0.8 -0.1 0.0 2368	
0.7 0.8 -0.5 -0.4 2637	
0.7 0.8 -1.6 -1.5 7387	
0.7 0.8 -10.1 -10.0 3	
0.7 0.8 -2.2 -2.1 14108	
0.7 0.8 -2.7 -2.6 18864	
0.7 0.8 -3.0 -2.9 20092	
0.7 0.8 -3.3 -3.2 19788	
0.7 0.8 -4.4 -4.3 12600	
0.7 0.8 -4.8 -4.7 12446	
0.7 0.8 -5.9 -5.8 17884	
0.7 0.8 -6.1 -6.0 18254	
0.7 0.8 -6.5 -6.4 16211	
0.7 0.8 -7.6 -7.5 5265	
0.7 0.8 -8.2 -8.1 1823	
0.7 0.8 -9.0 -8.9 256	
0.7 0.8 -9.3 -9.2 74	
0.7 0.8 0.0 0.1 2444	
0.7 0.8 0.7 0.8 3009	
0.7 0.8 1.1 1.2 4594	
0.7 0.8 10.1 10.2 4	
0.7 0.8 2.4 2.5 17144	
0.7 0.8 3.0 3.1 20170	
0.7 0.8 3.7 3.8 16523	
0.7 0.8 4.3 4.4 12696	
0.7 0.8 5.6 5.7 17591	
0.7 0.8 5.9 6.0 18436	
0.7 0.8 6.2 6.3 17341	
0.7 0.8 7.3 7.4 7270	
0.7 0.8 8.6 8.7 526	
0.7 0.8 8.9 9.0 230	
0.7 0.8 9.2 9.3 81	
0.8 0.9 -0.4 -0.3 2891	
0.8 0.9 -0.8 -0.7 3296	
0.8 0.9 -1.9 -1.8 10141	
0.8 0.9 -10.1 -10.0 1	
0.8 0.9 -2.1 -2.0 12334	
0.8 0.9 -3.6 -3.5 17051	
0.8 0.9 -4.7 -4.6 11571	
0.8 0.9 -5.0 -4.9 12284	
0.8 0.9 -5.3 -5.2 13984	
0.8 0.9 -6.4 -6.3 15658	
0.8 0.9 -6.8 -6.7 12469	
0.8 0.9 -7.9 -7.8 2890	
0.8 0.9 -8.1 -8.0 1984	
0.8 0.9 -8.5 -8.4 828	
0.8 0.9 -9.6 -9.5 33	
0.8 0.9 0.2 0.3 2825	
0.8 0.9 1.5 1.6 7400	
0.8 0.9 10.0 10.1 6	
0.8 0.9 10.4 10.5 2	
0.8 0.9 2.1 2.2 13468	
0.8 0.9 2.8 2.9 19202	
0.8 0.9 3.4 3.5 17835	
0.8 0.9 4.0 4.1 13583	
0.8 0.9 4.7 4.8 11721	
0.8 0.9 5.1 5.2 13452	
0.8 0.9 5.8 5.9 16706	
0.8 0.9 6.4 6.5 15044	
0.8 0.9 7.0 7.1 9629	
0.8 0.9 7.7 7.8 3588	
0.8 0.9 8.3 8.4 1101	
0.8 0.9 9.6 9.7 25	
0.9 1.0 -0.2 -0.1 3244	
0.9 1.0 -1.3 -1.2 5232	
0.9 1.0 -1.7 -1.6 8028	
0.9 1.0 -10.3 -10.2 2	
0.9 1.0 -2.0 -1.9 10767	
0.9 1.0 -2.8 -2.7 17824	
0.9 1.0 -3.4 -3.3 17407	
0.9 1.0 -4.5 -4.4 10773	
0.9 1.0 -4.9 -4.8 11179	
0.9 1.0 -5.1 -5.0 11891	
0.9 1.0 -6.2 -6.1 15089	
0.9 1.0 -7.7 -7.6 4002	
0.9 1.0 -8.0 -7.9 2295	
0.9 1.0 -8.8 -8.7 320	
0.9 1.0 -9.4 -9.3 49	
0.9 1.0 0.1 0.2 3427	
0.9 1.0 0.8 0.9 3824	
0.9 1.0 1.4 1.5 6477	
0.9 1.0 2.0 2.1 11913	
0.9 1.0 2.7 2.8 17761	
0.9 1.0 3.1 3.2 18280	
0.9 1.0 4.4 4.5 10857	
0.9 1.0 5.0 5.1 11890	
0.9 1.0 5.7 5.8 15012	
0.9 1.0 6.3 6.4 14472	
0.9 1.0 7.6 7.7 3951	
0.9 1.0 7.9 8.0 2271	
0.9 1.0 8.0 8.1 1873	
0.9 1.0 9.3 9.4 62	
0.9 1.0 9.9 10.0 6	
1.0 1.1 -0.2 -0.1 3985	
1.0 1.1 -0.6 -0.5 4018	
1.0 1.1 -1.7 -1.6 7980	
1.0 1.1 -10.4 -10.3 1	
1.0 1.1 -2.0 -1.9 10546	
1.0 1.1 -2.3 -2.2 13318	
1.0 1.1 -3.4 -3.3 16605	
1.0 1.1 -4.5 -4.4 10225	
1.0 1.1 -4.9 -4.8 10132	
1.0 1.1 -5.1 -5.0 11069	
1.0 1.1 -6.2 -6.1 13698	
1.0 1.1 -6.6 -6.5 11968	
1.0 1.1 -7.7 -7.6 3499	
1.0 1.1 -8.0 -7.9 2093	
1.0 1.1 -8.3 -8.2 1174	
1.0 1.1 -9.4 -9.3 42	
1.0 1.1 0.0 0.1 3989	
1.0 1.1 0.7 0.8 4127	
1.0 1.1 1.3 1.4 5859	
1.0 1.1 10.2 10.3 2	
1.0 1.1 2.4 2.5 15090	
1.0 1.1 2.9 3.0 17332	
1.0 1.1 3.0 3.1 17279	
1.0 1.1 3.7 3.8 14270	
1.0 1.1 4.3 4.4 10689	
1.0 1.1 5.6 5.7 13236	
1.0 1.1 5.9 6.0 13792	
1.0 1.1 6.2 6.3 13257	
1.0 1.1 7.3 7.4 5551	
1.0 1.1 7.5 7.6 4124	
1.0 1.1 8.6 8.7 409	
1.0 1.1 8.9 9.0 186	
1.0 1.1 9.2 9.3 68	
1.1 1.2 -0.5 -0.4 4601	
1.1 1.2 -0.9 -0.8 4701	
1.1 1.2 -1.1 -1.0 5089	
1.1 1.2 -2.2 -2.1 11941	
1.1 1.2 -2.6 -2.5 15175	
1.1 1.2 -3.7 -3.6 14233	
1.1 1.2 -4.0 -3.9 11973	
1.1 1.2 -4.8 -4.7 9216	
1.1 1.2 -5.4 -5.3 11181	
1.1 1.2 -6.5 -6.4 11294	
1.1 1.2 -6.9 -6.8 8717	
1.1 1.2 -7.1 -7.0 7126	
1.1 1.2 -8.2 -8.1 1253	
1.1 1.2 -8.6 -8.5 472	
1.1 1.2 -9.7 -9.6 15	
1.1 1.2 0.2 0.3 4643	
1.1 1.2 1.5 1.6 7096	
1.1 1.2 10.1 10.2 3	
1.1 1.2 2.1 2.2 11928	
1.1 1.2 2.8 2.9 16722	
1.1 1.2 3.4 3.5 15635	
1.1 1.2 4.0 4.1 11504	
1.1 1.2 4.7 4.8 9387	
1.1 1.2 5.3 5.4 11166	
1.1 1.2 6.4 6.5 11053	
1.1 1.2 7.0 7.1 7155	
1.1 1.2 7.7 7.8 2693	
1.1 1.2 8.3 8.4 777	
1.1 1.2 9.6 9.7 14	
1.2 1.3 -0.8 -0.7 5121	
1.2 1.3 -1.4 -1.3 6282	
1.2 1.3 -10.1 -10.0 2	
1.2 1.3 -10.6 -10.5 2	
1.2 1.3 -2.5 -2.4 14353	
1.2 1.3 -3.1 -3.0 16458	
1.2 1.3 -4.2 -4.1 10368	
1.2 1.3 -5.3 -5.2 9565	
1.2 1.3 -5.7 -5.6 10613	
1.2 1.3 -6.0 -5.9 11137	
1.2 1.3 -6.8 -6.7 8197	
1.2 1.3 -7.4 -7.3 4493	
1.2 1.3 -8.5 -8.4 566	
1.2 1.3 -8.9 -8.8 210	
1.2 1.3 -9.1 -9.0 101	
1.2 1.3 0.6 0.7 5221	
1.2 1.3 0.9 1.0 5243	
1.2 1.3 1.2 1.3 5923	
1.2 1.3 10.4 10.5 3	
1.2 1.3 2.5 2.6 14879	
1.2 1.3 3.1 3.2 16014	
1.2 1.3 3.8 3.9 12566	
1.2 1.3 4.2 4.3 9640	
1.2 1.3 5.5 5.6 10602	
1.2 1.3 6.1 6.2 10909	
1.2 1.3 6.8 6.9 7628	
1.2 1.3 7.4 7.5 3851	
1.2 1.3 8.0 8.1 1394	
1.2 1.3 8.7 8.8 238	
1.2 1.3 9.1 9.2 68	
1.3 1.4 -0.2 -0.1 6485	
1.3 1.4 -1.3 -1.2 6198	
1.3 1.4 -1.7 -1.6 7751	
1.3 1.4 -10.1 -10.0 2	
1.3 1.4 -2.8 -2.7 15298	
1.3 1.4 -3.4 -3.3 14890	
1.3 1.4 -3.9 -3.8 11951	
1.3 1.4 -4.5 -4.4 8280	
1.3 1.4 -5.6 -5.5 9142	
1.3 1.4 -6.2 -6.1 9676	
1.3 1.4 -7.3 -7.2 4448	
1.3 1.4 -7.7 -7.6 2489	
1.3 1.4 -8.8 -8.7 221	
1.3 1.4 -9.4 -9.3 36	
1.3 1.4 0.3 0.4 6267	
1.3 1.4 1.6 1.7 7839	
1.3 1.4 1.9 2.0 9926	
1.3 1.4 10.7 10.8 1	
1.3 1.4 2.0 2.1 10726	
1.3 1.4 2.7 2.8 15379	
1.3 1.4 3.3 3.4 14947	
1.3 1.4 4.6 4.7 7859	
1.3 1.4 4.9 5.0 7847	
1.3 1.4 5.2 5.3 8379	
1.3 1.4 6.5 6.6 8195	
1.3 1.4 7.8 7.9 1744	
1.3 1.4 8.2 8.3 759	
1.3 1.4 9.5 9.6 20	
1.4 1.5 -0.5 -0.4 7196	
1.4 1.5 -1.6 -1.5 7616	
1.4 1.5 -10.1 -10.0 3	
1.4 1.5 -2.2 -2.1 11559	
1.4 1.5 -3.0 -2.9 15682	
1.4 1.5 -3.3 -3.2 15237	
1.4 1.5 -4.8 -4.7 7263	
1.4 1.5 -5.9 -5.8 8377	
1.4 1.5 -6.5 -6.4 7529	
1.4 1.5 -7.6 -7.5 2577	
1.4 1.5 -8.2 -8.1 829	
1.4 1.5 -9.0 -8.9 93	
1.4 1.5 -9.3 -9.2 48	
1.4 1.5 -9.7 -9.6 12	
1.4 1.5 0.7 0.8 6532	
1.4 1.5 1.1 1.2 6528	
1.4 1.5 1.8 1.9 9289	
1.4 1.5 10.1 10.2 1	
1.4 1.5 2.4 2.5 13759	
1.4 1.5 3.0 3.1 15620	
1.4 1.5 3.7 3.8 12367	
1.4 1.5 4.3 4.4 8347	
1.4 1.5 5.6 5.7 8268	
1.4 1.5 5.9 6.0 8522	
1.4 1.5 6.0 6.1 8442	
1.4 1.5 6.7 6.8 6399	
1.4 1.5 7.3 7.4 3462	
1.4 1.5 8.6 8.7 262	
1.4 1.5 8.9 9.0 126	
1.4 1.5 9.2 9.3 34	
1.4 1.5 9.9 10.0 4	
1.5 1.6 -0.4 -0.3 8287	
1.5 1.6 -0.8 -0.7 7459	
1.5 1.6 -1.9 -1.8 9619	
1.5 1.6 -10.0 -9.9 4	
1.5 1.6 -2.1 -2.0 11092	
1.5 1.6 -2.5 -2.4 13927	
1.5 1.6 -3.6 -3.5 13615	
1.5 1.6 -4.2 -4.1 9322	
1.5 1.6 -5.0 -4.9 6405	
1.5 1.6 -5.3 -5.2 6696	
1.5 1.6 -6.4 -6.3 6951	
1.5 1.6 -6.8 -6.7 5515	
1.5 1.6 -7.9 -7.8 1340	
1.5 1.6 -8.1 -8.0 895	
1.5 1.6 -8.5 -8.4 337	
1.5 1.6 -9.6 -9.5 15	
1.5 1.6 0.2 0.3 8529	
1.5 1.6 1.5 1.6 7841	
1.5 1.6 10.0 10.1 2	
1.5 1.6 2.1 2.2 11774	
1.5 1.6 2.8 2.9 15641	
1.5 1.6 3.4 3.5 14405	
1.5 1.6 4.5 4.6 7174	
1.5 1.6 5.1 5.2 6534	
1.5 1.6 5.8 5.9 7335	
1.5 1.6 6.4 6.5 6546	
1.5 1.6 7.0 7.1 4148	
1.5 1.6 7.7 7.8 1545	
1.5 1.6 8.3 8.4 488	
1.5 1.6 9.4 9.5 21	
1.5 1.6 9.6 9.7 4	
1.6 1.7 -0.7 -0.6 8720	
1.6 1.7 -1.0 -0.9 8173	
1.6 1.7 -1.3 -1.2 7997	
1.6 1.7 -2.4 -2.3 13282	
1.6 1.7 -2.8 -2.7 15368	
1.6 1.7 -3.9 -3.8 11607	
1.6 1.7 -4.1 -4.0 9888	
1.6 1.7 -4.5 -4.4 7271	
1.6 1.7 -5.6 -5.5 6135	
1.6 1.7 -6.7 -6.6 5013	
1.6 1.7 -7.0 -6.9 3905	
1.6 1.7 -7.3 -7.2 2689	
1.6 1.7 -8.4 -8.3 383	
1.6 1.7 -8.8 -8.7 165	
1.6 1.7 -9.9 -9.8 1	
1.6 1.7 0.6 0.7 8749	
1.6 1.7 0.9 1.0 8070	
1.6 1.7 1.2 1.3 7703	
1.6 1.7 2.3 2.4 13336	
1.6 1.7 3.6 3.7 13234	
1.6 1.7 3.9 4.0 10837	
1.6 1.7 4.2 4.3 8382	
1.6 1.7 5.5 5.6 6160	
1.6 1.7 6.1 6.2 6102	
1.6 1.7 6.8 6.9 4224	
1.6 1.7 7.4 7.5 2182	
1.6 1.7 8.5 8.6 259	
1.6 1.7 9.1 9.2 44	
1.6 1.7 9.8 9.9 3	
1.7 1.8 -1.2 -1.1 8609	
1.7 1.8 -1.6 -1.5 8810	
1.7 1.8 -10.3 -10.2 1	
1.7 1.8 -11.0 -10.9 1	
1.7 1.8 -2.7 -2.6 15662	
1.7 1.8 -3.0 -2.9 16401	
1.7 1.8 -3.3 -3.2 15904	
1.7 1.8 -4.4 -4.3 7816	
1.7 1.8 -5.9 -5.8 5323	
1.7 1.8 -6.1 -6.0 5230	
1.7 1.8 -7.2 -7.1 2659	
1.7 1.8 -7.6 -7.5 1586	
1.7 1.8 -8.7 -8.6 173	
1.7 1.8 -9.0 -8.9 75	
1.7 1.8 -9.3 -9.2 25	
1.7 1.8 0.1 0.2 11099	
1.7 1.8 0.3 0.4 10952	
1.7 1.8 1.4 1.5 8580	
1.7 1.8 2.0 2.1 11641	
1.7 1.8 2.7 2.8 15851	
1.7 1.8 3.3 3.4 15421	
1.7 1.8 4.6 4.7 6326	
1.7 1.8 4.9 5.0 5379	
1.7 1.8 5.2 5.3 5048	
1.7 1.8 6.3 6.4 4957	
1.7 1.8 7.6 7.7 1303	
1.7 1.8 7.9 8.0 774	
1.7 1.8 8.2 8.3 425	
1.7 1.8 9.5 9.6 8	
1.8 1.9 -0.4 -0.3 12035	
1.8 1.9 -1.5 -1.4 9311	
1.8 1.9 -1.9 -1.8 10700	
1.8 1.9 -10.0 -9.9 1	
1.8 1.9 -2.1 -2.0 11925	
1.8 1.9 -3.2 -3.1 16456	
1.8 1.9 -3.6 -3.5 14323	
1.8 1.9 -4.7 -4.6 5989	
1.8 1.9 -5.0 -4.9 4941	
1.8 1.9 -5.3 -5.2 4521	
1.8 1.9 -5.8 -5.7 4580	
1.8 1.9 -6.4 -6.3 4026	
1.8 1.9 -7.5 -7.4 1490	
1.8 1.9 -7.9 -7.8 767	
1.8 1.9 -8.1 -8.0 493	
1.8 1.9 -9.2 -9.1 29	
1.8 1.9 -9.6 -9.5 8	
1.8 1.9 0.5 0.6 11345	
1.8 1.9 1.1 1.2 9280	
1.8 1.9 1.8 1.9 10762	
1.8 1.9 2.4 2.5 15000	
1.8 1.9 3.0 3.1 16917	
1.8 1.9 3.7 3.8 13057	
1.8 1.9 4.1 4.2 9440	
1.8 1.9 4.8 4.9 5250	
1.8 1.9 5.4 5.5 4531	
1.8 1.9 6.0 6.1 4446	
1.8 1.9 6.7 6.8 3208	
1.8 1.9 7.3 7.4 1720	
1.8 1.9 8.6 8.7 127	
1.8 1.9 8.9 9.0 58	
1.8 1.9 9.0 9.1 45	
1.9 2.0 -0.2 -0.1 13916	
1.9 2.0 -1.0 -0.9 10784	
1.9 2.0 -1.3 -1.2 10008	
1.9 2.0 -1.7 -1.6 10384	
1.9 2.0 -10.5 -10.4 1	
1.9 2.0 -2.8 -2.7 17167	
1.9 2.0 -3.9 -3.8 12450	
1.9 2.0 -4.5 -4.4 7216	
1.9 2.0 -5.6 -5.5 4050	
1.9 2.0 -6.2 -6.1 3555	
1.9 2.0 -7.0 -6.9 2227	
1.9 2.0 -7.3 -7.2 1595	
1.9 2.0 -7.7 -7.6 934	
1.9 2.0 -8.8 -8.7 81	
1.9 2.0 -9.4 -9.3 20	
1.9 2.0 -9.9 -9.8 2	
1.9 2.0 0.4 0.5 13021	
1.9 2.0 1.0 1.1 10408	
1.9 2.0 1.7 1.8 10877	
1.9 2.0 2.1 2.2 13316	
1.9 2.0 3.4 3.5 15864	
1.9 2.0 4.0 4.1 10595	
1.9 2.0 4.7 4.8 5397	
1.9 2.0 5.3 5.4 3919	
1.9 2.0 6.6 6.7 3044	
1.9 2.0 6.9 7.0 2182	
1.9 2.0 7.0 7.1 2098	
1.9 2.0 8.3 8.4 225	
10.0 10.1 -0.5 -0.4 5	
10.0 10.1 -0.9 -0.8 4	
10.0 10.1 -1.1 -1.0 6	
10.0 10.1 0.0 0.1 7	
10.0 10.1 0.7 0.8 2	
10.0 10.1 1.3 1.4 3	
10.0 10.1 2.4 2.5 2	
10.1 10.2 -0.3 -0.2 3	
10.1 10.2 -0.7 -0.6 2	
10.1 10.2 0.5 0.6 1	
10.1 10.2 1.1 1.2 1	
10.1 10.2 2.4 2.5 2	
10.2 10.3 0.5 0.6 4	
10.2 10.3 1.1 1.2 4	
10.2 10.3 1.8 1.9 1	
10.3 10.4 -0.3 -0.2 4	
10.3 10.4 -1.4 -1.3 1	
10.3 10.4 -1.8 -1.7 2	
10.3 10.4 -2.9 -2.8 1	
10.3 10.4 0.5 0.6 1	
10.4 10.5 -1.2 -1.1 1	
10.4 10.5 -1.6 -1.5 1	
10.4 10.5 0.3 0.4 2	
10.5 10.6 -0.3 -0.2 2	
10.5 10.6 0.3 0.4 2	
10.5 10.6 1.6 1.7 2	
10.6 10.7 -0.1 0.0 3	
10.7 10.8 0.1 0.2 1	
10.8 10.9 -1.2 -1.1 1	
11.1 11.2 -1.2 -1.1 1	
2.0 2.1 -0.2 -0.1 15213	
2.0 2.1 -1.3 -1.2 10924	
2.0 2.1 -1.7 -1.6 11098	
2.0 2.1 -2.0 -1.9 12656	
2.0 2.1 -2.8 -2.7 18033	
2.0 2.1 -3.4 -3.3 17146	
2.0 2.1 -4.5 -4.4 7237	
2.0 2.1 -4.9 -4.8 4900	
2.0 2.1 -5.1 -5.0 4067	
2.0 2.1 -6.2 -6.1 3005	
2.0 2.1 -7.7 -7.6 804	
2.0 2.1 -8.0 -7.9 441	
2.0 2.1 -8.8 -8.7 51	
2.0 2.1 -9.4 -9.3 6	
2.0 2.1 0.3 0.4 15041	
2.0 2.1 1.4 1.5 10697	
2.0 2.1 1.9 2.0 12818	
2.0 2.1 2.0 2.1 13603	
2.0 2.1 2.7 2.8 17603	
2.0 2.1 3.3 3.4 17211	
2.0 2.1 4.6 4.7 5728	
2.0 2.1 4.9 5.0 4288	
2.0 2.1 5.2 5.3 3633	
2.0 2.1 6.3 6.4 2783	
2.0 2.1 6.5 6.6 2587	
2.0 2.1 7.6 7.7 751	
2.0 2.1 7.9 8.0 432	
2.0 2.1 8.2 8.3 215	
2.0 2.1 9.5 9.6 7	
2.1 2.2 -0.5 -0.4 15822	
2.1 2.2 -1.6 -1.5 11657	
2.1 2.2 -2.2 -2.1 14976	
2.1 2.2 -3.3 -3.2 18601	
2.1 2.2 -3.7 -3.6 15530	
2.1 2.2 -4.8 -4.7 5162	
2.1 2.2 -5.4 -5.3 3235	
2.1 2.2 -6.5 -6.4 2183	
2.1 2.2 -7.1 -7.0 1310	
2.1 2.2 -7.6 -7.5 727	
2.1 2.2 -8.2 -8.1 212	
2.1 2.2 -9.3 -9.2 9	
2.1 2.2 -9.7 -9.6 1	
2.1 2.2 0.5 0.6 15157	
2.1 2.2 1.1 1.2 12114	
2.1 2.2 1.8 1.9 12860	
2.1 2.2 2.4 2.5 17154	
2.1 2.2 3.0 3.1 19340	
2.1 2.2 3.7 3.8 14566	
2.1 2.2 4.3 4.4 8212	
2.1 2.2 5.4 5.5 2959	
2.1 2.2 6.0 6.1 2536	
2.1 2.2 6.7 6.8 1804	
2.1 2.2 7.3 7.4 971	
2.1 2.2 8.6 8.7 74	
2.1 2.2 8.9 9.0 37	
2.1 2.2 9.2 9.3 19	
2.2 2.3 -0.8 -0.7 15070	
2.2 2.3 -1.9 -1.8 13566	
2.2 2.3 -2.1 -2.0 15024	
2.2 2.3 -2.5 -2.4 18080	
2.2 2.3 -3.6 -3.5 17235	
2.2 2.3 -4.2 -4.1 10590	
2.2 2.3 -5.0 -4.9 4210	
2.2 2.3 -5.3 -5.2 2905	
2.2 2.3 -5.7 -5.6 2299	
2.2 2.3 -6.8 -6.7 1426	
2.2 2.3 -7.9 -7.8 360	
2.2 2.3 -8.5 -8.4 98	
2.2 2.3 -9.6 -9.5 8	
2.2 2.3 0.2 0.3 18041	
2.2 2.3 1.5 1.6 12352	
2.2 2.3 2.1 2.2 15665	
2.2 2.3 2.8 2.9 20061	
2.2 2.3 3.2 3.3 19361	
2.2 2.3 4.5 4.6 6738	
2.2 2.3 5.1 5.2 3371	
2.2 2.3 5.8 5.9 2185	
2.2 2.3 6.4 6.5 1786	
2.2 2.3 7.0 7.1 1065	
2.2 2.3 7.7 7.8 386	
2.2 2.3 8.1 8.2 188	
2.3 2.4 -0.1 0.0 19737	
2.3 2.4 -0.2 -0.1 19858	
2.3 2.4 -0.7 -0.6 17059	
2.3 2.4 -1.0 -0.9 14990	
2.3 2.4 -1.3 -1.2 13228	
2.3 2.4 -2.4 -2.3 18095	
2.3 2.4 -2.8 -2.7 20694	
2.3 2.4 -3.9 -3.8 14652	
2.3 2.4 -4.1 -4.0 12237	
2.3 2.4 -4.5 -4.4 7760	
2.3 2.4 -5.6 -5.5 2169	
2.3 2.4 -6.2 -6.1 1636	
2.3 2.4 -7.0 -6.9 983	
2.3 2.4 -7.3 -7.2 661	
2.3 2.4 -8.4 -8.3 94	
2.3 2.4 -8.8 -8.7 38	
2.3 2.4 -9.9 -9.8 1	
2.3 2.4 0.6 0.7 17125	
2.3 2.4 0.9 1.0 15061	
2.3 2.4 1.0 1.1 14323	
2.3 2.4 10.7 10.8 1	
2.3 2.4 2.3 2.4 18055	
2.3 2.4 3.6 3.7 17166	
2.3 2.4 3.9 4.0 13412	
2.3 2.4 4.2 4.3 9813	
2.3 2.4 5.5 5.6 2168	
2.3 2.4 6.8 6.9 1074	
2.3 2.4 7.2 7.3 645	
2.3 2.4 8.5 8.6 51	
2.3 2.4 9.1 9.2 10	
2.4 2.5 -1.6 -1.5 13794	
2.4 2.5 -2.7 -2.6 20910	
2.4 2.5 -3.0 -2.9 21966	
2.4 2.5 -3.3 -3.2 21339	
2.4 2.5 -4.4 -4.3 9117	
2.4 2.5 -4.8 -4.7 5188	
2.4 2.5 -5.9 -5.8 1505	
2.4 2.5 -6.1 -6.0 1377	
2.4 2.5 -6.5 -6.4 1145	
2.4 2.5 -7.6 -7.5 383	
2.4 2.5 -8.7 -8.6 33	
2.4 2.5 -9.0 -8.9 24	
2.4 2.5 -9.3 -9.2 7	
2.4 2.5 0.1 0.2 20778	
2.4 2.5 0.8 0.9 16549	
2.4 2.5 1.4 1.5 13693	
2.4 2.5 2.0 2.1 16500	
2.4 2.5 2.7 2.8 21475	
2.4 2.5 3.3 3.4 20476	
2.4 2.5 4.6 4.7 6123	
2.4 2.5 4.9 5.0 3999	
2.4 2.5 5.0 5.1 3447	
2.4 2.5 5.7 5.8 1614	
2.4 2.5 6.3 6.4 1199	
2.4 2.5 7.6 7.7 338	
2.4 2.5 7.9 8.0 181	
2.4 2.5 8.2 8.3 78	
2.4 2.5 9.5 9.6 5	
2.5 2.6 -0.4 -0.3 20920	
2.5 2.6 -1.9 -1.8 15401	
2.5 2.6 -2.1 -2.0 17004	
2.5 2.6 -3.2 -3.1 22698	
2.5 2.6 -3.6 -3.5 19170	
2.5 2.6 -4.7 -4.6 6304	
2.5 2.6 -5.0 -4.9 3836	
2.5 2.6 -5.3 -5.2 2455	
2.5 2.6 -6.4 -6.3 895	
2.5 2.6 -7.9 -7.8 163	
2.5 2.6 -8.1 -8.0 134	
2.5 2.6 -9.2 -9.1 2	
2.5 2.6 -9.6 -9.5 2	
2.5 2.6 0.5 0.6 19643	
2.5 2.6 1.1 1.2 15286	
2.5 2.6 1.8 1.9 15629	
2.5 2.6 2.4 2.5 20085	
2.5 2.6 3.5 3.6 19237	
2.5 2.6 4.1 4.2 11724	
2.5 2.6 4.8 4.9 4495	
2.5 2.6 5.4 5.5 1968	
2.5 2.6 6.0 6.1 1130	
2.5 2.6 6.7 6.8 720	
2.5 2.6 7.3 7.4 379	
2.5 2.6 8.4 8.5 57	
2.5 2.6 8.6 8.7 20	
2.5 2.6 8.9 9.0 15	
2.5 2.6 9.0 9.1 8	
2.5 2.6 9.7 9.8 1	
2.6 2.7 -0.7 -0.6 19704	
2.6 2.7 -1.0 -0.9 17084	
2.6 2.7 -1.3 -1.2 15243	
2.6 2.7 -1.8 -1.7 15443	
2.6 2.7 -10.5 -10.4 1	
2.6 2.7 -2.4 -2.3 19998	
2.6 2.7 -3.5 -3.4 21162	
2.6 2.7 -3.9 -3.8 16336	
2.6 2.7 -4.1 -4.0 13511	
2.6 2.7 -5.2 -5.1 2806	
2.6 2.7 -5.6 -5.5 1540	
2.6 2.7 -6.7 -6.6 570	
2.6 2.7 -7.0 -6.9 515	
2.6 2.7 -7.3 -7.2 331	
2.6 2.7 -8.4 -8.3 42	
2.6 2.7 -9.5 -9.4 1	
2.6 2.7 0.2 0.3 22547	
2.6 2.7 1.3 1.4 15098	
2.6 2.7 10.3 10.4 1	
2.6 2.7 2.6 2.7 22255	
2.6 2.7 2.9 3.0 23644	
2.6 2.7 3.2 3.3 22882	
2.6 2.7 4.5 4.6 7244	
2.6 2.7 5.1 5.2 2745	
2.6 2.7 5.8 5.9 1154	
2.6 2.7 6.4 6.5 763	
2.6 2.7 7.5 7.6 229	
2.6 2.7 8.1 8.2 79	
2.6 2.7 8.8 8.9 15	
2.6 2.7 9.4 9.5 2	
2.7 2.8 -1.2 -1.1 16156	
2.7 2.8 -2.7 -2.6 22923	
2.7 2.8 -3.0 -2.9 23819	
2.7 2.8 -3.8 -3.7 17888	
2.7 2.8 -4.4 -4.3 9574	
2.7 2.8 -5.5 -5.4 1651	
2.7 2.8 -5.9 -5.8 882	
2.7 2.8 -6.1 -6.0 778	
2.7 2.8 -7.2 -7.1 251	
2.7 2.8 -7.6 -7.5 170	
2.7 2.8 -8.7 -8.6 22	
2.7 2.8 -9.0 -8.9 7	
2.7 2.8 0.4 0.5 21902	
2.7 2.8 1.0 1.1 16869	
2.7 2.8 1.7 1.8 15938	
2.7 2.8 2.3 2.4 20537	
2.7 2.8 3.6 3.7 19029	
2.7 2.8 3.9 4.0 15084	
2.7 2.8 4.2 4.3 10813	
2.7 2.8 5.3 5.4 1932	
2.7 2.8 6.6 6.7 455	
2.7 2.8 6.9 7.0 315	
2.7 2.8 7.2 7.3 268	
2.7 2.8 8.5 8.6 27	
2.7 2.8 9.1 9.2 1	
2.8 2.9 -0.1 0.0 24451	
2.8 2.9 -0.4 -0.3 23145	
2.8 2.9 -1.5 -1.4 15654	
2.8 2.9 -2.1 -2.0 18300	
2.8 2.9 -2.6 -2.5 22633	
2.8 2.9 -3.2 -3.1 24083	
2.8 2.9 -4.3 -4.2 11178	
2.8 2.9 -4.7 -4.6 6348	
2.8 2.9 -5.8 -5.7 950	
2.8 2.9 -6.4 -6.3 460	
2.8 2.9 -7.5 -7.4 152	
2.8 2.9 -8.1 -8.0 70	
2.8 2.9 -9.2 -9.1 1	
2.8 2.9 0.1 0.2 24112	
2.8 2.9 0.8 0.9 19218	
2.8 2.9 1.4 1.5 15472	
2.8 2.9 10.0 10.1 1	
2.8 2.9 2.0 2.1 17865	
2.8 2.9 2.7 2.8 23763	
2.8 2.9 3.1 3.2 23991	
2.8 2.9 4.4 4.5 8475	
2.8 2.9 5.0 5.1 3232	
2.8 2.9 5.7 5.8 948	
2.8 2.9 6.3 6.4 484	
2.8 2.9 7.6 7.7 116	
2.8 2.9 7.9 8.0 59	
2.8 2.9 8.0 8.1 51	
2.8 2.9 9.3 9.4 1	
2.8 2.9 9.9 10.0 1	
2.9 3.0 -0.7 -0.6 20824	
2.9 3.0 -1.0 -0.9 18239	
2.9 3.0 -1.3 -1.2 16515	
2.9 3.0 -2.4 -2.3 21064	
2.9 3.0 -2.8 -2.7 24180	
2.9 3.0 -3.9 -3.8 16672	
2.9 3.0 -4.1 -4.0 13815	
2.9 3.0 -4.5 -4.4 8601	
2.9 3.0 -5.6 -5.5 1199	
2.9 3.0 -6.2 -6.1 475	
2.9 3.0 -6.7 -6.6 299	
2.9 3.0 -7.0 -6.9 215	
2.9 3.0 -7.3 -7.2 139	
2.9 3.0 -8.4 -8.3 9	
2.9 3.0 -8.8 -8.7 8	
2.9 3.0 0.0 0.1 24612	
2.9 3.0 0.7 0.8 20280	
2.9 3.0 1.1 1.2 16901	
2.9 3.0 2.4 2.5 21972	
2.9 3.0 3.0 3.1 24212	
2.9 3.0 3.7 3.8 18456	
2.9 3.0 4.3 4.4 9890	
2.9 3.0 5.6 5.7 1019	
2.9 3.0 5.9 6.0 634	
2.9 3.0 6.0 6.1 552	
2.9 3.0 6.2 6.3 434	
2.9 3.0 7.3 7.4 134	
2.9 3.0 8.6 8.7 4	
2.9 3.0 8.9 9.0 4	
2.9 3.0 9.2 9.3 4	
3.0 3.1 -0.2 -0.1 24385	
3.0 3.1 -1.0 -0.9 18498	
3.0 3.1 -1.3 -1.2 16253	
3.0 3.1 -1.7 -1.6 15710	
3.0 3.1 -2.8 -2.7 24028	
3.0 3.1 -3.9 -3.8 16694	
3.0 3.1 -4.5 -4.4 8307	
3.0 3.1 -5.6 -5.5 1143	
3.0 3.1 -6.2 -6.1 374	
3.0 3.1 -7.0 -6.9 124	
3.0 3.1 -7.3 -7.2 108	
3.0 3.1 -7.7 -7.6 68	
3.0 3.1 -8.8 -8.7 7	
3.0 3.1 -9.9 -9.8 1	
3.0 3.1 0.4 0.5 22665	
3.0 3.1 0.9 1.0 18408	
3.0 3.1 1.0 1.1 17412	
3.0 3.1 1.7 1.8 16423	
3.0 3.1 2.3 2.4 20849	
3.0 3.1 3.6 3.7 19536	
3.0 3.1 3.9 4.0 15503	
3.0 3.1 4.2 4.3 11312	
3.0 3.1 5.5 5.6 1167	
3.0 3.1 6.6 6.7 237	
3.0 3.1 6.9 7.0 144	
3.0 3.1 7.2 7.3 106	
3.0 3.1 8.5 8.6 7	
3.0 3.1 9.1 9.2 4	
3.0 3.1 9.8 9.9 1	
3.1 3.2 -0.5 -0.4 22986	
3.1 3.2 -1.6 -1.5 15569	
3.1 3.2 -2.2 -2.1 19002	
3.1 3.2 -3.0 -2.9 23833	
3.1 3.2 -3.3 -3.2 23200	
3.1 3.2 -4.4 -4.3 9512	
3.1 3.2 -4.8 -4.7 5263	
3.1 3.2 -5.9 -5.8 537	
3.1 3.2 -6.1 -6.0 380	
3.1 3.2 -6.5 -6.4 217	
3.1 3.2 -7.6 -7.5 56	
3.1 3.2 -8.2 -8.1 19	
3.1 3.2 -9.0 -8.9 1	
3.1 3.2 0.1 0.2 24666	
3.1 3.2 0.8 0.9 18949	
3.1 3.2 1.4 1.5 15708	
3.1 3.2 2.0 2.1 18128	
3.1 3.2 2.7 2.8 23428	
3.1 3.2 3.3 3.4 22845	
3.1 3.2 4.4 4.5 8272	
3.1 3.2 5.0 5.1 2966	
3.1 3.2 5.7 5.8 702	
3.1 3.2 6.3 6.4 252	
3.1 3.2 7.6 7.7 41	
3.1 3.2 7.9 8.0 26	
3.1 3.2 8.2 8.3 17	
3.1 3.2 9.3 9.4 1	
3.2 3.3 -0.1 0.0 24416	
3.2 3.3 -0.4 -0.3 22896	
3.2 3.3 -0.8 -0.7 19792	
3.2 3.3 -1.9 -1.8 16304	
3.2 3.3 -2.1 -2.0 18011	
3.2 3.3 -2.5 -2.4 21230	
3.2 3.3 -3.6 -3.5 19954	
3.2 3.3 -4.7 -4.6 6050	
3.2 3.3 -5.0 -4.9 3561	
3.2 3.3 -5.3 -5.2 2072	
3.2 3.3 -6.4 -6.3 208	
3.2 3.3 -6.8 -6.7 108	
3.2 3.3 -7.9 -7.8 27	
3.2 3.3 -8.1 -8.0 21	
3.2 3.3 -8.5 -8.4 7	
3.2 3.3 0.5 0.6 21609	
3.2 3.3 1.1 1.2 16540	
3.2 3.3 1.8 1.9 16159	
3.2 3.3 2.2 2.3 19531	
3.2 3.3 3.5 3.6 19839	
3.2 3.3 4.1 4.2 12013	
3.2 3.3 4.8 4.9 4332	
3.2 3.3 5.4 5.5 1265	
3.2 3.3 6.0 6.1 341	
3.2 3.3 6.7 6.8 92	
3.2 3.3 7.1 7.2 70	
3.2 3.3 8.4 8.5 4	
3.3 3.4 -0.7 -0.6 20211	
3.3 3.4 -1.0 -0.9 17420	
3.3 3.4 -1.3 -1.2 15337	
3.3 3.4 -2.4 -2.3 19794	
3.3 3.4 -3.9 -3.8 15750	
3.3 3.4 -4.1 -4.0 13006	
3.3 3.4 -5.2 -5.1 2330	
3.3 3.4 -5.6 -5.5 980	
3.3 3.4 -6.7 -6.6 95	
3.3 3.4 -7.0 -6.9 67	
3.3 3.4 -7.3 -7.2 32	
3.3 3.4 -8.4 -8.3 7	
3.3 3.4 0.0 0.1 23411	
3.3 3.4 1.3 1.4 15267	
3.3 3.4 2.6 2.7 21885	
3.3 3.4 2.9 3.0 23181	
3.3 3.4 3.2 3.3 21806	
3.3 3.4 4.5 4.6 6890	
3.3 3.4 5.8 5.9 504	
3.3 3.4 6.2 6.3 238	
3.3 3.4 7.5 7.6 22	
3.3 3.4 8.1 8.2 11	
3.3 3.4 8.8 8.9 1	
3.3 3.4 9.4 9.5 1	
3.4 3.5 -1.2 -1.1 15469	
3.4 3.5 -1.6 -1.5 14591	
3.4 3.5 -2.7 -2.6 21078	
3.4 3.5 -3.0 -2.9 22045	
3.4 3.5 -3.3 -3.2 21116	
3.4 3.5 -3.8 -3.7 16571	
3.4 3.5 -4.4 -4.3 8714	
3.4 3.5 -5.5 -5.4 1117	
3.4 3.5 -5.9 -5.8 440	
3.4 3.5 -6.1 -6.0 252	
3.4 3.5 -7.2 -7.1 32	
3.4 3.5 -7.6 -7.5 27	
3.4 3.5 -8.7 -8.6 5	
3.4 3.5 0.4 0.5 21164	
3.4 3.5 1.0 1.1 16247	
3.4 3.5 1.7 1.8 14924	
3.4 3.5 2.3 2.4 19128	
3.4 3.5 3.6 3.7 17497	
3.4 3.5 3.9 4.0 13676	
3.4 3.5 4.0 4.1 12467	
3.4 3.5 4.7 4.8 4908	
3.4 3.5 5.3 5.4 1392	
3.4 3.5 6.6 6.7 77	
3.4 3.5 6.9 7.0 39	
3.4 3.5 7.2 7.3 39	
3.5 3.6 -0.4 -0.3 21110	
3.5 3.6 -1.5 -1.4 13764	
3.5 3.6 -1.9 -1.8 14438	
3.5 3.6 -2.1 -2.0 15949	
3.5 3.6 -3.2 -3.1 20599	
3.5 3.6 -4.7 -4.6 5211	
3.5 3.6 -5.0 -4.9 3168	
3.5 3.6 -5.8 -5.7 504	
3.5 3.6 -6.4 -6.3 122	
3.5 3.6 -7.5 -7.4 15	
3.5 3.6 -7.9 -7.8 6	
3.5 3.6 -8.1 -8.0 11	
3.5 3.6 -9.6 -9.5 1	
3.5 3.6 0.1 0.2 21779	
3.5 3.6 0.8 0.9 17220	
3.5 3.6 1.4 1.5 13839	
3.5 3.6 2.5 2.6 19322	
3.5 3.6 3.1 3.2 20616	
3.5 3.6 3.8 3.9 14479	
3.5 3.6 4.4 4.5 7186	
3.5 3.6 5.0 5.1 2486	
3.5 3.6 5.7 5.8 501	
3.5 3.6 6.3 6.4 110	
3.5 3.6 7.6 7.7 16	
3.5 3.6 7.9 8.0 10	
3.5 3.6 8.0 8.1 6	
3.5 3.6 8.7 8.8 1	
3.6 3.7 -0.3 -0.2 20653	
3.6 3.7 -0.7 -0.6 18225	
3.6 3.7 -1.8 -1.7 13434	
3.6 3.7 -2.4 -2.3 16786	
3.6 3.7 -3.5 -3.4 17518	
3.6 3.7 -4.1 -4.0 11378	
3.6 3.7 -5.2 -5.1 1954	
3.6 3.7 -6.3 -6.2 144	
3.6 3.7 -6.7 -6.6 34	
3.6 3.7 -7.0 -6.9 20	
3.6 3.7 -7.8 -7.7 3	
3.6 3.7 -8.4 -8.3 4	
3.6 3.7 0.3 0.4 20359	
3.6 3.7 0.5 0.6 19065	
3.6 3.7 1.6 1.7 13180	
3.6 3.7 1.9 2.0 14302	
3.6 3.7 2.2 2.3 16105	
3.6 3.7 3.5 3.6 16818	
3.6 3.7 4.1 4.2 9967	
3.6 3.7 4.8 4.9 3508	
3.6 3.7 5.4 5.5 965	
3.6 3.7 6.5 6.6 62	
3.6 3.7 7.1 7.2 27	
3.6 3.7 7.8 7.9 3	
3.6 3.7 8.4 8.5 2	
3.7 3.8 -0.1 0.0 19988	
3.7 3.8 -0.6 -0.5 17891	
3.7 3.8 -1.2 -1.1 13411	
3.7 3.8 -2.0 -1.9 13660	
3.7 3.8 -2.3 -2.2 15270	
3.7 3.8 -2.7 -2.6 17409	
3.7 3.8 -3.8 -3.7 13675	
3.7 3.8 -4.4 -4.3 7133	
3.7 3.8 -4.9 -4.8 3328	
3.7 3.8 -5.5 -5.4 945	
3.7 3.8 -6.6 -6.5 51	
3.7 3.8 -7.2 -7.1 15	
3.7 3.8 -8.3 -8.2 2	
3.7 3.8 0.0 0.1 20316	
3.7 3.8 0.7 0.8 16393	
3.7 3.8 1.3 1.4 12679	
3.7 3.8 2.6 2.7 17475	
3.7 3.8 2.9 3.0 18316	
3.7 3.8 3.2 3.3 17623	
3.7 3.8 4.3 4.4 7197	
3.7 3.8 5.6 5.7 595	
3.7 3.8 5.9 6.0 248	
3.7 3.8 6.2 6.3 117	
3.7 3.8 7.5 7.6 9	
3.7 3.8 8.1 8.2 3	
3.8 3.9 -0.9 -0.8 15013	
3.8 3.9 -1.1 -1.0 13337	
3.8 3.9 -1.5 -1.4 11461	
3.8 3.9 -2.6 -2.5 15748	
3.8 3.9 -3.2 -3.1 16603	
3.8 3.9 -4.0 -3.9 10664	
3.8 3.9 -4.3 -4.2 7613	
3.8 3.9 -5.8 -5.7 385	
3.8 3.9 -6.9 -6.8 20	
3.8 3.9 -7.1 -7.0 16	
3.8 3.9 -7.5 -7.4 3	
3.8 3.9 0.4 0.5 17764	
3.8 3.9 1.0 1.1 13403	
3.8 3.9 1.7 1.8 11676	
3.8 3.9 2.1 2.2 13580	
3.8 3.9 3.4 3.5 14988	
3.8 3.9 4.0 4.1 9514	
3.8 3.9 4.7 4.8 3639	
3.8 3.9 5.3 5.4 1051	
3.8 3.9 6.6 6.7 32	
3.8 3.9 6.9 7.0 12	
3.8 3.9 7.0 7.1 9	
3.8 3.9 8.3 8.4 2	
3.9 4.0 -0.7 -0.6 15509	
3.9 4.0 -1.0 -0.9 13446	
3.9 4.0 -1.3 -1.2 11507	
3.9 4.0 -2.4 -2.3 13504	
3.9 4.0 -3.5 -3.4 13965	
3.9 4.0 -3.9 -3.8 10788	
3.9 4.0 -4.1 -4.0 8771	
3.9 4.0 -5.2 -5.1 1510	
3.9 4.0 -5.6 -5.5 571	
3.9 4.0 -6.7 -6.6 26	
3.9 4.0 -7.0 -6.9 4	
3.9 4.0 -7.3 -7.2 3	
3.9 4.0 0.1 0.2 18346	
3.9 4.0 1.4 1.5 10955	
3.9 4.0 2.0 2.1 11946	
3.9 4.0 2.7 2.8 15203	
3.9 4.0 3.3 3.4 14457	
3.9 4.0 4.6 4.7 3835	
3.9 4.0 4.9 5.0 2297	
3.9 4.0 5.0 5.1 1893	
3.9 4.0 5.2 5.3 1310	
3.9 4.0 6.3 6.4 72	
3.9 4.0 7.6 7.7 4	
3.9 4.0 7.9 8.0 1	
4.0 4.1 -0.7 -0.6 14848	
4.0 4.1 -1.0 -0.9 12575	
4.0 4.1 -1.3 -1.2 10992	
4.0 4.1 -2.4 -2.3 12170	
4.0 4.1 -2.8 -2.7 13846	
4.0 4.1 -3.9 -3.8 9528	
4.0 4.1 -4.1 -4.0 8095	
4.0 4.1 -4.5 -4.4 4866	
4.0 4.1 -5.6 -5.5 526	
4.0 4.1 -6.7 -6.6 20	
4.0 4.1 -7.0 -6.9 6	
4.0 4.1 -7.3 -7.2 6	
4.0 4.1 0.0 0.1 17514	
4.0 4.1 0.7 0.8 13995	
4.0 4.1 1.3 1.4 10414	
4.0 4.1 2.6 2.7 13371	
4.0 4.1 2.9 3.0 14074	
4.0 4.1 3.2 3.3 13314	
4.0 4.1 4.5 4.6 4170	
4.0 4.1 5.6 5.7 385	
4.0 4.1 5.9 6.0 170	
4.0 4.1 6.2 6.3 69	
4.0 4.1 7.5 7.6 1	
4.0 4.1 8.8 8.9 1	
4.1 4.2 -1.2 -1.1 11021	
4.1 4.2 -1.6 -1.5 9190	
4.1 4.2 -2.7 -2.6 12107	
4.1 4.2 -3.0 -2.9 12398	
4.1 4.2 -3.3 -3.2 12006	
4.1 4.2 -4.4 -4.3 4861	
4.1 4.2 -5.9 -5.8 211	
4.1 4.2 -6.1 -6.0 111	
4.1 4.2 -7.2 -7.1 4	
4.1 4.2 0.4 0.5 15705	
4.1 4.2 1.0 1.1 11362	
4.1 4.2 1.7 1.8 9193	
4.1 4.2 2.3 2.4 11234	
4.1 4.2 3.4 3.5 11255	
4.1 4.2 4.0 4.1 7153	
4.1 4.2 4.7 4.8 2693	
4.1 4.2 5.3 5.4 728	
4.1 4.2 6.6 6.7 21	
4.1 4.2 6.9 7.0 16	
4.1 4.2 7.2 7.3 4	
4.1 4.2 8.3 8.4 1	
4.2 4.3 -0.4 -0.3 15296	
4.2 4.3 -1.5 -1.4 8940	
4.2 4.3 -1.9 -1.8 8493	
4.2 4.3 -2.1 -2.0 8903	
4.2 4.3 -3.2 -3.1 10748	
4.2 4.3 -3.6 -3.5 9242	
4.2 4.3 -4.7 -4.6 2737	
4.2 4.3 -5.0 -4.9 1594	
4.2 4.3 -5.3 -5.2 791	
4.2 4.3 -6.4 -6.3 46	
4.2 4.3 -7.5 -7.4 4	
4.2 4.3 0.1 0.2 16309	
4.2 4.3 0.8 0.9 12348	
4.2 4.3 1.2 1.3 9775	
4.2 4.3 2.5 2.6 10707	
4.2 4.3 3.1 3.2 10881	
4.2 4.3 3.8 3.9 7596	
4.2 4.3 4.4 4.5 3905	
4.2 4.3 5.0 5.1 1307	
4.2 4.3 5.7 5.8 267	
4.2 4.3 6.1 6.2 83	
4.2 4.3 7.4 7.5 3	
4.2 4.3 8.0 8.1 2	
4.3 4.4 -0.7 -0.6 13391	
4.3 4.4 -1.0 -0.9 11229	
4.3 4.4 -1.8 -1.7 7770	
4.3 4.4 -2.4 -2.3 8670	
4.3 4.4 -3.5 -3.4 8746	
4.3 4.4 -3.9 -3.8 6674	
4.3 4.4 -4.1 -4.0 5601	
4.3 4.4 -5.2 -5.1 929	
4.3 4.4 -5.6 -5.5 345	
4.3 4.4 -6.7 -6.6 19	
4.3 4.4 -7.0 -6.9 5	
4.3 4.4 0.3 0.4 15224	
4.3 4.4 1.6 1.7 7958	
4.3 4.4 1.9 2.0 7761	
4.3 4.4 2.2 2.3 8570	
4.3 4.4 3.5 3.6 8229	
4.3 4.4 4.1 4.2 4997	
4.3 4.4 4.8 4.9 1717	
4.3 4.4 5.2 5.3 778	
4.3 4.4 6.5 6.6 16	
4.3 4.4 7.1 7.2 3	
4.4 4.5 -0.6 -0.5 13827	
4.4 4.5 -1.2 -1.1 9403	
4.4 4.5 -2.3 -2.2 7425	
4.4 4.5 -2.7 -2.6 8302	
4.4 4.5 -3.8 -3.7 6406	
4.4 4.5 -4.4 -4.3 3242	
4.4 4.5 -5.5 -5.4 433	
4.4 4.5 -6.1 -6.0 93	
4.4 4.5 0.0 0.1 15702	
4.4 4.5 0.7 0.8 12574	
4.4 4.5 1.3 1.4 8226	
4.4 4.5 2.6 2.7 8243	
4.4 4.5 2.9 3.0 8356	
4.4 4.5 3.0 3.1 8456	
4.4 4.5 3.7 3.8 6384	
4.4 4.5 4.3 4.4 3424	
4.4 4.5 5.6 5.7 266	
4.4 4.5 5.9 6.0 105	
4.4 4.5 6.2 6.3 40	
4.4 4.5 7.5 7.6 1	
4.5 4.6 -0.9 -0.8 11389	
4.5 4.6 -1.5 -1.4 7652	
4.5 4.6 -2.6 -2.5 7077	
4.5 4.6 -3.2 -3.1 7152	
4.5 4.6 -4.3 -4.2 3218	
4.5 4.6 -4.7 -4.6 1844	
4.5 4.6 -5.8 -5.7 166	
4.5 4.6 -6.4 -6.3 23	
4.5 4.6 -6.9 -6.8 7	
4.5 4.6 0.4 0.5 14552	
4.5 4.6 1.5 1.6 7161	
4.5 4.6 2.1 2.2 6487	
4.5 4.6 2.8 2.9 7139	
4.5 4.6 3.4 3.5 6439	
4.5 4.6 4.0 4.1 4286	
4.5 4.6 4.7 4.8 1524	
4.5 4.6 5.3 5.4 460	
4.5 4.6 6.6 6.7 9	
4.5 4.6 6.9 7.0 1	
4.5 4.6 7.0 7.1 1	
4.6 4.7 -0.1 0.0 15820	
4.6 4.7 -0.3 -0.2 15488	
4.6 4.7 -1.8 -1.7 6083	
4.6 4.7 -2.9 -2.8 6394	
4.6 4.7 -3.1 -3.0 6193	
4.6 4.7 -3.5 -3.4 5547	
4.6 4.7 -4.6 -4.5 1806	
4.6 4.7 -5.2 -5.1 611	
4.6 4.7 -6.0 -5.9 90	
4.6 4.7 -6.3 -6.2 27	
4.6 4.7 0.6 0.7 13132	
4.6 4.7 0.9 1.0 10715	
4.6 4.7 1.2 1.3 8488	
4.6 4.7 2.5 2.6 6041	
4.6 4.7 3.1 3.2 6089	
4.6 4.7 3.8 3.9 4342	
4.6 4.7 4.4 4.5 2128	
4.6 4.7 5.5 5.6 259	
4.6 4.7 6.1 6.2 36	
4.6 4.7 6.8 6.9 4	
4.6 4.7 7.4 7.5 1	
4.7 4.8 -0.6 -0.5 14055	
4.7 4.8 -1.2 -1.1 9292	
4.7 4.8 -1.7 -1.6 6222	
4.7 4.8 -2.0 -1.9 5442	
4.7 4.8 -2.3 -2.2 5079	
4.7 4.8 -3.4 -3.3 4901	
4.7 4.8 -3.8 -3.7 3974	
4.7 4.8 -4.9 -4.8 930	
4.7 4.8 -5.1 -5.0 621	
4.7 4.8 -5.5 -5.4 249	
4.7 4.8 -6.6 -6.5 12	
4.7 4.8 -7.2 -7.1 1	
4.7 4.8 0.3 0.4 15561	
4.7 4.8 1.6 1.7 6127	
4.7 4.8 1.9 2.0 5327	
4.7 4.8 2.2 2.3 5208	
4.7 4.8 3.3 3.4 5027	
4.7 4.8 4.6 4.7 1343	
4.7 4.8 4.9 5.0 809	
4.7 4.8 5.2 5.3 438	
4.7 4.8 6.5 6.6 16	
4.7 4.8 7.1 7.2 1	
4.8 4.9 -0.9 -0.8 12040	
4.8 4.9 -1.1 -1.0 10277	
4.8 4.9 -2.6 -2.5 4584	
4.8 4.9 -3.7 -3.6 3439	
4.8 4.9 -4.0 -3.9 2740	
4.8 4.9 -4.3 -4.2 1941	
4.8 4.9 -5.4 -5.3 291	
4.8 4.9 -5.8 -5.7 111	
4.8 4.9 -6.9 -6.8 4	
4.8 4.9 -7.1 -7.0 2	
4.8 4.9 0.0 0.1 16785	
4.8 4.9 0.7 0.8 12827	
4.8 4.9 1.1 1.2 9391	
4.8 4.9 2.4 2.5 4501	
4.8 4.9 3.0 3.1 4458	
4.8 4.9 3.7 3.8 3312	
4.8 4.9 4.3 4.4 1714	
4.8 4.9 5.6 5.7 154	
4.8 4.9 5.9 6.0 60	
4.8 4.9 6.0 6.1 48	
4.8 4.9 6.2 6.3 20	
4.9 5.0 -0.3 -0.2 16985	
4.9 5.0 -0.7 -0.6 14259	
4.9 5.0 -1.0 -0.9 11708	
4.9 5.0 -1.8 -1.7 5299	
4.9 5.0 -2.4 -2.3 3896	
4.9 5.0 -3.5 -3.4 3406	
4.9 5.0 -4.1 -4.0 2046	
4.9 5.0 -5.2 -5.1 332	
4.9 5.0 -6.7 -6.6 6	
4.9 5.0 -7.0 -6.9 2	
4.9 5.0 0.4 0.5 15641	
4.9 5.0 1.0 1.1 10377	
4.9 5.0 1.7 1.8 5338	
4.9 5.0 2.3 2.4 3841	
4.9 5.0 3.6 3.7 2945	
4.9 5.0 3.9 4.0 2324	
4.9 5.0 4.2 4.3 1650	
4.9 5.0 5.3 5.4 225	
4.9 5.0 6.6 6.7 3	
4.9 5.0 6.9 7.0 3	
4.9 5.0 7.2 7.3 1	
5.0 5.1 -0.7 -0.6 15090	
5.0 5.1 -1.0 -0.9 11986	
5.0 5.1 -1.3 -1.2 9070	
5.0 5.1 -1.8 -1.7 5251	
5.0 5.1 -2.4 -2.3 3523	
5.0 5.1 -3.5 -3.4 2623	
5.0 5.1 -3.9 -3.8 2046	
5.0 5.1 -4.1 -4.0 1697	
5.0 5.1 -5.2 -5.1 322	
5.0 5.1 -5.6 -5.5 100	
5.0 5.1 -6.7 -6.6 1	
5.0 5.1 -7.0 -6.9 1	
5.0 5.1 -7.3 -7.2 2	
5.0 5.1 0.3 0.4 17189	
5.0 5.1 1.6 1.7 5950	
5.0 5.1 1.9 2.0 4322	
5.0 5.1 2.2 2.3 3581	
5.0 5.1 3.5 3.6 2549	
5.0 5.1 4.6 4.7 703	
5.0 5.1 4.9 5.0 451	
5.0 5.1 5.2 5.3 253	
5.0 5.1 6.5 6.6 4	
5.1 5.2 -1.2 -1.1 10236	
5.1 5.2 -2.7 -2.6 2784	
5.1 5.2 -3.0 -2.9 2623	
5.1 5.2 -3.8 -3.7 1778	
5.1 5.2 -4.4 -4.3 956	
5.1 5.2 -5.5 -5.4 114	
5.1 5.2 -5.9 -5.8 49	
5.1 5.2 -6.1 -6.0 20	
5.1 5.2 -7.2 -7.1 1	
5.1 5.2 -7.6 -7.5 2	
5.1 5.2 0.0 0.1 19080	
5.1 5.2 0.7 0.8 14698	
5.1 5.2 1.3 1.4 8277	
5.1 5.2 2.4 2.5 2961	
5.1 5.2 3.0 3.1 2530	
5.1 5.2 3.7 3.8 1879	
5.1 5.2 4.3 4.4 947	
5.1 5.2 5.6 5.7 76	
5.1 5.2 5.9 6.0 36	
5.1 5.2 6.2 6.3 8	
5.2 5.3 -0.4 -0.3 18831	
5.2 5.3 -1.5 -1.4 7671	
5.2 5.3 -2.1 -2.0 3568	
5.2 5.3 -3.2 -3.1 2045	
5.2 5.3 -4.3 -4.2 903	
5.2 5.3 -4.7 -4.6 502	
5.2 5.3 -5.0 -4.9 286	
5.2 5.3 -5.8 -5.7 48	
5.2 5.3 -6.4 -6.3 8	
5.2 5.3 -7.5 -7.4 1	
5.2 5.3 0.2 0.3 19194	
5.2 5.3 1.5 1.6 6568	
5.2 5.3 2.1 2.2 3467	
5.2 5.3 2.8 2.9 2297	
5.2 5.3 3.4 3.5 1712	
5.2 5.3 4.0 4.1 1037	
5.2 5.3 4.7 4.8 397	
5.2 5.3 5.1 5.2 205	
5.2 5.3 6.4 6.5 4	
5.3 5.4 -0.3 -0.2 20365	
5.3 5.4 -0.7 -0.6 16844	
5.3 5.4 -1.8 -1.7 5238	
5.3 5.4 -2.4 -2.3 2468	
5.3 5.4 -2.9 -2.8 1847	
5.3 5.4 -3.5 -3.4 1404	
5.3 5.4 -4.6 -4.5 496	
5.3 5.4 -5.2 -5.1 142	
5.3 5.4 -6.3 -6.2 11	
5.3 5.4 -6.7 -6.6 1	
5.3 5.4 0.6 0.7 16944	
5.3 5.4 0.9 1.0 13469	
5.3 5.4 1.2 1.3 9864	
5.3 5.4 2.5 2.6 2182	
5.3 5.4 3.1 3.2 1642	
5.3 5.4 3.8 3.9 1069	
5.3 5.4 4.2 4.3 719	
5.3 5.4 5.5 5.6 74	
5.3 5.4 6.1 6.2 11	
5.4 5.5 -0.6 -0.5 18653	
5.4 5.5 -1.2 -1.1 11400	
5.4 5.5 -2.0 -1.9 3882	
5.4 5.5 -2.3 -2.2 2606	
5.4 5.5 -3.8 -3.7 919	
5.4 5.5 -4.9 -4.8 215	
5.4 5.5 -5.1 -5.0 158	
5.4 5.5 -5.5 -5.4 53	
5.4 5.5 -6.6 -6.5 2	
5.4 5.5 0.3 0.4 20410	
5.4 5.5 1.6 1.7 6133	
5.4 5.5 1.9 2.0 3849	
5.4 5.5 2.0 2.1 3454	
5.4 5.5 2.7 2.8 1628	
5.4 5.5 3.3 3.4 1159	
5.4 5.5 4.6 4.7 363	
5.4 5.5 4.9 5.0 152	
5.4 5.5 5.2 5.3 113	
5.4 5.5 6.5 6.6 1	
5.5 5.6 -0.9 -0.8 15535	
5.5 5.6 -1.1 -1.0 13182	
5.5 5.6 -1.5 -1.4 8146	
5.5 5.6 -2.6 -2.5 1689	
5.5 5.6 -3.2 -3.1 1076	
5.5 5.6 -3.7 -3.6 774	
5.5 5.6 -4.0 -3.9 581	
5.5 5.6 -4.3 -4.2 428	
5.5 5.6 -5.4 -5.3 53	
5.5 5.6 -5.8 -5.7 26	
5.5 5.6 0.5 0.6 19505	
5.5 5.6 0.7 0.8 16961	
5.5 5.6 1.1 1.2 11884	
5.5 5.6 1.8 1.9 4559	
5.5 5.6 2.4 2.5 1890	
5.5 5.6 3.0 3.1 1113	
5.5 5.6 3.7 3.8 714	
5.5 5.6 4.3 4.4 373	
5.5 5.6 5.6 5.7 38	
5.5 5.6 5.9 6.0 8	
5.5 5.6 6.0 6.1 4	
5.6 5.7 -0.3 -0.2 22460	
5.6 5.7 -1.4 -1.3 9404	
5.6 5.7 -1.8 -1.7 5422	
5.6 5.7 -2.9 -2.8 1120	
5.6 5.7 -3.1 -3.0 928	
5.6 5.7 -4.6 -4.5 195	
5.6 5.7 -5.7 -5.6 24	
5.6 5.7 -6.0 -5.9 8	
5.6 5.7 -6.3 -6.2 5	
5.6 5.7 0.2 0.3 22635	
5.6 5.7 1.5 1.6 7227	
5.6 5.7 2.1 2.2 2703	
5.6 5.7 2.8 2.9 1131	
5.6 5.7 3.4 3.5 691	
5.6 5.7 4.5 4.6 184	
5.6 5.7 5.1 5.2 68	
5.6 5.7 5.8 5.9 12	
5.6 5.7 6.4 6.5 2	
5.7 5.8 -0.2 -0.1 23713	
5.7 5.8 -0.6 -0.5 20315	
5.7 5.8 -1.7 -1.6 6101	
5.7 5.8 -2.0 -1.9 3832	
5.7 5.8 -2.3 -2.2 2267	
5.7 5.8 -3.4 -3.3 648	
5.7 5.8 -4.5 -4.4 198	
5.7 5.8 -4.9 -4.8 80	
5.7 5.8 -5.1 -5.0 69	
5.7 5.8 -6.2 -6.1 6	
5.7 5.8 0.6 0.7 19285	
5.7 5.8 0.9 1.0 15253	
5.7 5.8 1.2 1.3 10965	
5.7 5.8 2.3 2.4 1966	
5.7 5.8 3.6 3.7 446	
5.7 5.8 3.9 4.0 338	
5.7 5.8 4.2 4.3 239	
5.7 5.8 5.5 5.6 27	
5.7 5.8 6.1 6.2 3	
5.8 5.9 -0.5 -0.4 21876	
5.8 5.9 -0.9 -0.8 16863	
5.8 5.9 -1.1 -1.0 13828	
5.8 5.9 -2.2 -2.1 2700	
5.8 5.9 -2.6 -2.5 1343	
5.8 5.9 -3.7 -3.6 344	
5.8 5.9 -4.0 -3.9 266	
5.8 5.9 -4.3 -4.2 216	
5.8 5.9 -4.8 -4.7 99	
5.8 5.9 -5.4 -5.3 33	
5.8 5.9 0.1 0.2 23716	
5.8 5.9 1.4 1.5 8452	
5.8 5.9 2.0 2.1 3295	
5.8 5.9 2.7 2.8 915	
5.8 5.9 3.3 3.4 476	
5.8 5.9 4.6 4.7 95	
5.8 5.9 4.9 5.0 48	
5.8 5.9 5.0 5.1 59	
5.8 5.9 5.2 5.3 18	
5.8 5.9 6.3 6.4 1	
5.9 6.0 -0.3 -0.2 23284	
5.9 6.0 -1.8 -1.7 5307	
5.9 6.0 -2.9 -2.8 701	
5.9 6.0 -3.5 -3.4 363	
5.9 6.0 -4.6 -4.5 87	
5.9 6.0 -5.2 -5.1 29	
5.9 6.0 -6.0 -5.9 4	
5.9 6.0 -6.3 -6.2 2	
5.9 6.0 0.0 0.1 24141	
5.9 6.0 0.7 0.8 18034	
5.9 6.0 1.3 1.4 9650	
5.9 6.0 2.6 2.7 1026	
5.9 6.0 2.9 3.0 582	
5.9 6.0 3.2 3.3 401	
5.9 6.0 4.3 4.4 125	
5.9 6.0 5.6 5.7 9	
5.9 6.0 5.9 6.0 3	
6.0 6.1 -0.3 -0.2 23399	
6.0 6.1 -0.7 -0.6 19553	
6.0 6.1 -1.8 -1.7 5229	
6.0 6.1 -2.4 -2.3 1735	
6.0 6.1 -3.5 -3.4 273	
6.0 6.1 -4.1 -4.0 126	
6.0 6.1 -5.2 -5.1 33	
6.0 6.1 -6.3 -6.2 1	
6.0 6.1 -6.7 -6.6 1	
6.0 6.1 0.6 0.7 19301	
6.0 6.1 0.9 1.0 15448	
6.0 6.1 1.2 1.3 11187	
6.0 6.1 2.5 2.6 1163	
6.0 6.1 3.6 3.7 213	
6.0 6.1 3.9 4.0 153	
6.0 6.1 4.2 4.3 89	
6.0 6.1 5.5 5.6 9	
6.0 6.1 6.1 6.2 2	
6.0 6.1 6.8 6.9 1	
6.1 6.2 -0.6 -0.5 20373	
6.1 6.2 -1.2 -1.1 12177	
6.1 6.2 -2.3 -2.2 2024	
6.1 6.2 -2.7 -2.6 872	
6.1 6.2 -3.8 -3.7 136	
6.1 6.2 -4.4 -4.3 83	
6.1 6.2 -4.9 -4.8 26	
6.1 6.2 -5.5 -5.4 7	
6.1 6.2 0.3 0.4 22426	
6.1 6.2 1.4 1.5 8393	
6.1 6.2 2.0 2.1 3026	
6.1 6.2 2.7 2.8 699	
6.1 6.2 3.3 3.4 262	
6.1 6.2 4.6 4.7 46	
6.1 6.2 4.9 5.0 22	
6.1 6.2 5.2 5.3 11	
6.1 6.2 6.3 6.4 1	
6.2 6.3 -0.1 0.0 23230	
6.2 6.3 -0.9 -0.8 16226	
6.2 6.3 -1.1 -1.0 13278	
6.2 6.3 -1.5 -1.4 8150	
6.2 6.3 -2.6 -2.5 1008	
6.2 6.3 -3.2 -3.1 280	
6.2 6.3 -4.0 -3.9 88	
6.2 6.3 -4.3 -4.2 49	
6.2 6.3 -5.8 -5.7 2	
6.2 6.3 0.5 0.6 19801	
6.2 6.3 1.1 1.2 12118	
6.2 6.3 1.8 1.9 4288	
6.2 6.3 2.4 2.5 1232	
6.2 6.3 3.0 3.1 331	
6.2 6.3 3.7 3.8 113	
6.2 6.3 4.1 4.2 84	
6.2 6.3 4.3 4.4 55	
6.2 6.3 5.4 5.5 8	
6.2 6.3 6.0 6.1 2	
6.3 6.4 -0.3 -0.2 21702	
6.3 6.4 -1.4 -1.3 8966	
6.3 6.4 -1.8 -1.7 4913	
6.3 6.4 -2.9 -2.8 494	
6.3 6.4 -3.1 -3.0 279	
6.3 6.4 -3.5 -3.4 121	
6.3 6.4 -4.6 -4.5 22	
6.3 6.4 -5.2 -5.1 11	
6.3 6.4 -6.0 -5.9 2	
6.3 6.4 0.2 0.3 21756	
6.3 6.4 1.5 1.6 6834	
6.3 6.4 2.1 2.2 2291	
6.3 6.4 2.8 2.9 474	
6.3 6.4 3.2 3.3 189	
6.3 6.4 4.5 4.6 27	
6.3 6.4 5.1 5.2 5	
6.3 6.4 5.8 5.9 1	
6.4 6.5 -0.6 -0.5 18484	
6.4 6.5 -1.7 -1.6 5588	
6.4 6.5 -2.0 -1.9 3477	
6.4 6.5 -2.3 -2.2 1752	
6.4 6.5 -3.4 -3.3 129	
6.4 6.5 -3.8 -3.7 63	
6.4 6.5 -4.9 -4.8 17	
6.4 6.5 -5.1 -5.0 9	
6.4 6.5 -5.5 -5.4 5	
6.4 6.5 0.6 0.7 17512	
6.4 6.5 0.9 1.0 13729	
6.4 6.5 1.0 1.1 12642	
6.4 6.5 1.7 1.8 4722	
6.4 6.5 2.3 2.4 1370	
6.4 6.5 3.6 3.7 83	
6.4 6.5 3.9 4.0 49	
6.4 6.5 4.2 4.3 24	
6.4 6.5 5.5 5.6 1	
6.5 6.6 -0.5 -0.4 18611	
6.5 6.6 -0.9 -0.8 14262	
6.5 6.6 -1.1 -1.0 11607	
6.5 6.6 -2.2 -2.1 2046	
6.5 6.6 -2.6 -2.5 816	
6.5 6.6 -3.7 -3.6 63	
6.5 6.6 -4.0 -3.9 37	
6.5 6.6 -4.3 -4.2 20	
6.5 6.6 -5.4 -5.3 3	
6.5 6.6 0.1 0.2 20335	
6.5 6.6 0.8 0.9 14249	
6.5 6.6 1.4 1.5 7145	
6.5 6.6 2.0 2.1 2622	
6.5 6.6 2.7 2.8 508	
6.5 6.6 3.3 3.4 111	
6.5 6.6 4.6 4.7 14	
6.5 6.6 4.9 5.0 6	
6.5 6.6 5.0 5.1 5	
6.5 6.6 5.7 5.8 2	
6.6 6.7 -0.8 -0.7 14480	
6.6 6.7 -1.4 -1.3 7764	
6.6 6.7 -2.5 -2.4 993	
6.6 6.7 -2.9 -2.8 404	
6.6 6.7 -3.1 -3.0 180	
6.6 6.7 -4.2 -4.1 12	
6.6 6.7 -4.6 -4.5 12	
6.6 6.7 0.5 0.6 16921	
6.6 6.7 1.1 1.2 9984	
6.6 6.7 1.8 1.9 3465	
6.6 6.7 2.4 2.5 1033	
6.6 6.7 3.5 3.6 62	
6.6 6.7 4.1 4.2 11	
6.6 6.7 4.8 4.9 6	
6.7 6.8 -0.2 -0.1 18035	
6.7 6.8 -1.3 -1.2 8241	
6.7 6.8 -1.7 -1.6 4626	
6.7 6.8 -2.0 -1.9 2591	
6.7 6.8 -2.8 -2.7 465	
6.7 6.8 -3.4 -3.3 75	
6.7 6.8 -4.5 -4.4 10	
6.7 6.8 -4.9 -4.8 6	
6.7 6.8 -5.1 -5.0 1	
6.7 6.8 0.2 0.3 17480	
6.7 6.8 1.3 1.4 7302	
6.7 6.8 2.6 2.7 590	
6.7 6.8 2.9 3.0 249	
6.7 6.8 3.2 3.3 129	
6.7 6.8 4.5 4.6 5	
6.7 6.8 5.1 5.2 1	
6.7 6.8 6.2 6.3 1	
6.8 6.9 -0.5 -0.4 15011	
6.8 6.9 -1.1 -1.0 9672	
6.8 6.9 -1.6 -1.5 4984	
6.8 6.9 -2.2 -2.1 1671	
6.8 6.9 -3.3 -3.2 100	
6.8 6.9 -3.7 -3.6 37	
6.8 6.9 -4.8 -4.7 5	
6.8 6.9 -6.5 -6.4 1	
6.8 6.9 0.4 0.5 15211	
6.8 6.9 1.0 1.1 9694	
6.8 6.9 1.7 1.8 3612	
6.8 6.9 2.3 2.4 1014	
6.8 6.9 3.6 3.7 26	
6.8 6.9 3.9 4.0 19	
6.8 6.9 4.2 4.3 9	
6.8 6.9 5.3 5.4 4	
6.9 7.0 -0.3 -0.2 14594	
6.9 7.0 -1.4 -1.3 5985	
6.9 7.0 -1.8 -1.7 3275	
6.9 7.0 -2.9 -2.8 295	
6.9 7.0 -3.1 -3.0 164	
6.9 7.0 -3.5 -3.4 49	
6.9 7.0 -4.6 -4.5 2	
6.9 7.0 0.3 0.4 14418	
6.9 7.0 1.6 1.7 3855	
6.9 7.0 1.9 2.0 2317	
6.9 7.0 2.2 2.3 1223	
6.9 7.0 3.3 3.4 65	
6.9 7.0 4.6 4.7 2	
6.9 7.0 4.9 5.0 1	
7.0 7.1 -0.3 -0.2 13488	
7.0 7.1 -1.8 -1.7 2979	
7.0 7.1 -2.9 -2.8 237	
7.0 7.1 -3.1 -3.0 138	
7.0 7.1 -3.5 -3.4 32	
7.0 7.1 -5.2 -5.1 1	
7.0 7.1 0.2 0.3 13265	
7.0 7.1 1.5 1.6 4174	
7.0 7.1 2.6 2.7 431	
7.0 7.1 2.9 3.0 161	
7.0 7.1 3.2 3.3 85	
7.0 7.1 4.5 4.6 4	
7.0 7.1 5.1 5.2 1	
7.1 7.2 -0.1 0.0 12398	
7.1 7.2 -0.6 -0.5 10717	
7.1 7.2 -1.2 -1.1 6277	
7.1 7.2 -1.7 -1.6 3228	
7.1 7.2 -2.0 -1.9 1835	
7.1 7.2 -2.3 -2.2 971	
7.1 7.2 -3.4 -3.3 45	
7.1 7.2 -3.8 -3.7 15	
7.1 7.2 -4.9 -4.8 1	
7.1 7.2 -5.1 -5.0 1	
7.1 7.2 -5.5 -5.4 1	
7.1 7.2 0.4 0.5 11225	
7.1 7.2 1.0 1.1 7094	
7.1 7.2 1.7 1.8 2711	
7.1 7.2 2.3 2.4 744	
7.1 7.2 3.6 3.7 15	
7.1 7.2 3.9 4.0 3	
7.1 7.2 4.2 4.3 1	
7.2 7.3 -0.9 -0.8 7613	
7.2 7.3 -1.1 -1.0 6348	
7.2 7.3 -2.6 -2.5 390	
7.2 7.3 -3.7 -3.6 18	
7.2 7.3 -4.0 -3.9 5	
7.2 7.3 -4.3 -4.2 4	
7.2 7.3 0.1 0.2 10867	
7.2 7.3 0.8 0.9 7699	
7.2 7.3 1.4 1.5 3728	
7.2 7.3 2.0 2.1 1341	
7.2 7.3 2.7 2.8 264	
7.2 7.3 3.1 3.2 76	
7.2 7.3 3.3 3.4 43	
7.2 7.3 4.4 4.5 2	
7.3 7.4 -0.3 -0.2 9410	
7.3 7.4 -1.4 -1.3 3841	
7.3 7.4 -2.9 -2.8 152	
7.3 7.4 -3.1 -3.0 105	
7.3 7.4 -4.2 -4.1 2	
7.3 7.4 -4.6 -4.5 1	
7.3 7.4 0.5 0.6 8154	
7.3 7.4 1.1 1.2 4839	
7.3 7.4 1.8 1.9 1677	
7.3 7.4 2.2 2.3 756	
7.3 7.4 3.5 3.6 17	
7.3 7.4 4.1 4.2 3	
7.3 7.4 5.4 5.5 1	
7.4 7.5 -0.2 -0.1 8292	
7.4 7.5 -0.6 -0.5 7052	
7.4 7.5 -1.7 -1.6 2104	
7.4 7.5 -2.0 -1.9 1226	
7.4 7.5 -2.3 -2.2 671	
7.4 7.5 -2.8 -2.7 185	
7.4 7.5 -3.4 -3.3 33	
7.4 7.5 -4.5 -4.4 1	
7.4 7.5 -4.9 -4.8 1	
7.4 7.5 0.0 0.1 8229	
7.4 7.5 0.7 0.8 6340	
7.4 7.5 1.3 1.4 3360	
7.4 7.5 2.6 2.7 253	
7.4 7.5 2.9 3.0 97	
7.4 7.5 3.2 3.3 45	
7.5 7.6 -0.5 -0.4 6545	
7.5 7.6 -0.9 -0.8 4962	
7.5 7.6 -1.1 -1.0 4251	
7.5 7.6 -2.2 -2.1 721	
7.5 7.6 -3.7 -3.6 6	
7.5 7.6 -4.0 -3.9 1	
7.5 7.6 0.4 0.5 6486	
7.5 7.6 1.0 1.1 4214	
7.5 7.6 1.7 1.8 1547	
7.5 7.6 2.3 2.4 463	
7.5 7.6 3.6 3.7 14	
7.5 7.6 3.9 4.0 5	
7.5 7.6 4.0 4.1 1	
7.6 7.7 -0.1 0.0 6046	
7.6 7.7 -0.8 -0.7 4688	
7.6 7.7 -1.4 -1.3 2396	
7.6 7.7 -2.5 -2.4 306	
7.6 7.7 -3.1 -3.0 56	
7.6 7.7 -3.6 -3.5 9	
7.6 7.7 -4.2 -4.1 1	
7.6 7.7 0.1 0.2 6042	
7.6 7.7 0.8 0.9 4347	
7.6 7.7 1.4 1.5 2085	
7.6 7.7 2.5 2.6 236	
7.6 7.7 3.1 3.2 47	
7.6 7.7 3.8 3.9 1	
7.6 7.7 4.4 4.5 2	
7.6 7.7 5.0 5.1 1	
7.7 7.8 -0.2 -0.1 5053	
7.7 7.8 -1.0 -0.9 3331	
7.7 7.8 -1.3 -1.2 2377	
7.7 7.8 -1.7 -1.6 1356	
7.7 7.8 -2.8 -2.7 105	
7.7 7.8 -3.9 -3.8 4	
7.7 7.8 0.3 0.4 4871	
7.7 7.8 1.6 1.7 1386	
7.7 7.8 1.9 2.0 780	
7.7 7.8 2.2 2.3 424	
7.7 7.8 3.5 3.6 5	
7.8 7.9 -0.5 -0.4 4004	
7.8 7.9 -1.6 -1.5 1291	
7.8 7.9 -2.2 -2.1 440	
7.8 7.9 -3.0 -2.9 59	
7.8 7.9 -3.3 -3.2 24	
7.8 7.9 0.0 0.1 4378	
7.8 7.9 0.7 0.8 3125	
7.8 7.9 1.3 1.4 1726	
7.8 7.9 2.6 2.7 116	
7.8 7.9 2.9 3.0 50	
7.8 7.9 3.2 3.3 23	
7.9 8.0 -0.3 -0.2 3525	
7.9 8.0 -0.8 -0.7 2537	
7.9 8.0 -1.4 -1.3 1419	
7.9 8.0 -2.5 -2.4 174	
7.9 8.0 -2.9 -2.8 52	
7.9 8.0 -3.1 -3.0 28	
7.9 8.0 -4.2 -4.1 2	
7.9 8.0 0.6 0.7 2897	
7.9 8.0 0.9 1.0 2193	
7.9 8.0 1.2 1.3 1601	
7.9 8.0 2.3 2.4 249	
7.9 8.0 3.6 3.7 10	
7.9 8.0 3.9 4.0 1	
8.0 8.1 -0.3 -0.2 2804	
8.0 8.1 -1.4 -1.3 1148	
8.0 8.1 -1.8 -1.7 612	
8.0 8.1 -2.9 -2.8 43	
8.0 8.1 -3.1 -3.0 27	
8.0 8.1 -3.5 -3.4 8	
8.0 8.1 -4.6 -4.5 1	
8.0 8.1 0.5 0.6 2567	
8.0 8.1 1.6 1.7 792	
8.0 8.1 1.9 2.0 397	
8.0 8.1 2.2 2.3 245	
8.0 8.1 3.5 3.6 7	
8.0 8.1 4.1 4.2 1	
8.0 8.1 4.8 4.9 1	
8.1 8.2 -0.2 -0.1 2346	
8.1 8.2 -0.6 -0.5 1968	
8.1 8.2 -1.7 -1.6 585	
8.1 8.2 -2.0 -1.9 346	
8.1 8.2 -2.3 -2.2 182	
8.1 8.2 -3.4 -3.3 10	
8.1 8.2 0.0 0.1 2378	
8.1 8.2 0.7 0.8 1821	
8.1 8.2 1.3 1.4 964	
8.1 8.2 2.6 2.7 57	
8.1 8.2 2.9 3.0 31	
8.1 8.2 3.2 3.3 8	
8.1 8.2 4.3 4.4 1	
8.2 8.3 -0.5 -0.4 1743	
8.2 8.3 -0.9 -0.8 1265	
8.2 8.3 -1.1 -1.0 1063	
8.2 8.3 -2.2 -2.1 199	
8.2 8.3 -2.6 -2.5 76	
8.2 8.3 -3.7 -3.6 3	
8.2 8.3 0.4 0.5 1692	
8.2 8.3 1.0 1.1 1129	
8.2 8.3 1.7 1.8 427	
8.2 8.3 2.1 2.2 215	
8.2 8.3 2.3 2.4 100	
8.2 8.3 3.4 3.5 7	
8.2 8.3 4.0 4.1 1	
8.3 8.4 -0.8 -0.7 1136	
8.3 8.4 -1.4 -1.3 656	
8.3 8.4 -2.5 -2.4 73	
8.3 8.4 -2.9 -2.8 30	
8.3 8.4 -3.1 -3.0 13	
8.3 8.4 0.1 0.2 1453	
8.3 8.4 0.8 0.9 1037	
8.3 8.4 1.2 1.3 698	
8.3 8.4 2.5 2.6 57	
8.3 8.4 3.1 3.2 8	
8.3 8.4 3.8 3.9 1	
8.4 8.5 -0.2 -0.1 1239	
8.4 8.5 -1.3 -1.2 553	
8.4 8.5 -1.7 -1.6 297	
8.4 8.5 -2.8 -2.7 25	
8.4 8.5 -3.4 -3.3 6	
8.4 8.5 0.3 0.4 1148	
8.4 8.5 1.6 1.7 296	
8.4 8.5 1.9 2.0 148	
8.4 8.5 2.2 2.3 92	
8.4 8.5 3.5 3.6 3	
8.5 8.6 -0.1 0.0 907	
8.5 8.6 -0.5 -0.4 809	
8.5 8.6 -1.6 -1.5 287	
8.5 8.6 -2.2 -2.1 95	
8.5 8.6 -3.0 -2.9 12	
8.5 8.6 -3.3 -3.2 6	
8.5 8.6 0.0 0.1 862	
8.5 8.6 0.7 0.8 714	
8.5 8.6 1.3 1.4 346	
8.5 8.6 2.6 2.7 30	
8.5 8.6 2.9 3.0 8	
8.5 8.6 3.0 3.1 8	
8.6 8.7 -0.4 -0.3 690	
8.6 8.7 -0.8 -0.7 516	
8.6 8.7 -1.9 -1.8 133	
8.6 8.7 -2.1 -2.0 100	
8.6 8.7 -2.5 -2.4 33	
8.6 8.7 -3.6 -3.5 2	
8.6 8.7 0.4 0.5 648	
8.6 8.7 1.5 1.6 214	
8.6 8.7 2.1 2.2 66	
8.6 8.7 2.8 2.9 10	
8.6 8.7 3.4 3.5 4	
8.7 8.8 -0.7 -0.6 417	
8.7 8.8 -1.0 -0.9 344	
8.7 8.8 -1.3 -1.2 239	
8.7 8.8 -2.4 -2.3 39	
8.7 8.8 -2.8 -2.7 16	
8.7 8.8 0.6 0.7 446	
8.7 8.8 0.9 1.0 334	
8.7 8.8 1.2 1.3 261	
8.7 8.8 2.5 2.6 27	
8.7 8.8 3.1 3.2 3	
8.7 8.8 4.2 4.3 1	
8.8 8.9 -1.2 -1.1 230	
8.8 8.9 -1.6 -1.5 119	
8.8 8.9 -2.7 -2.6 17	
8.8 8.9 -3.0 -2.9 2	
8.8 8.9 -3.3 -3.2 1	
8.8 8.9 0.3 0.4 401	
8.8 8.9 1.6 1.7 107	
8.8 8.9 1.9 2.0 56	
8.8 8.9 2.2 2.3 35	
8.8 8.9 3.3 3.4 1	
8.9 9.0 -0.1 0.0 345	
8.9 9.0 -0.8 -0.7 223	
8.9 9.0 -1.4 -1.3 110	
8.9 9.0 -2.5 -2.4 14	
8.9 9.0 -3.1 -3.0 5	
8.9 9.0 0.2 0.3 268	
8.9 9.0 1.3 1.4 120	
8.9 9.0 2.6 2.7 10	
8.9 9.0 2.9 3.0 4	
8.9 9.0 3.2 3.3 3	
9.0 9.1 -0.3 -0.2 186	
9.0 9.1 -0.8 -0.7 181	
9.0 9.1 -1.4 -1.3 86	
9.0 9.1 -2.5 -2.4 14	
9.0 9.1 -2.9 -2.8 1	
9.0 9.1 -3.1 -3.0 3	
9.0 9.1 0.6 0.7 167	
9.0 9.1 0.9 1.0 142	
9.0 9.1 1.2 1.3 115	
9.0 9.1 2.5 2.6 7	
9.1 9.2 -0.2 -0.1 155	
9.1 9.2 -1.7 -1.6 34	
9.1 9.2 -2.0 -1.9 24	
9.1 9.2 -2.8 -2.7 3	
9.1 9.2 -3.4 -3.3 2	
9.1 9.2 0.3 0.4 160	
9.1 9.2 1.6 1.7 39	
9.1 9.2 1.9 2.0 31	
9.1 9.2 2.2 2.3 17	
9.2 9.3 -0.5 -0.4 120	
9.2 9.3 -1.1 -1.0 80	
9.2 9.3 -1.6 -1.5 31	
9.2 9.3 -2.2 -2.1 12	
9.2 9.3 0.0 0.1 109	
9.2 9.3 0.7 0.8 101	
9.2 9.3 1.3 1.4 55	
9.2 9.3 2.4 2.5 10	
9.2 9.3 3.0 3.1 1	
9.3 9.4 -0.8 -0.7 83	
9.3 9.4 -1.9 -1.8 17	
9.3 9.4 -2.5 -2.4 4	
9.3 9.4 0.2 0.3 106	
9.3 9.4 1.5 1.6 26	
9.3 9.4 2.1 2.2 11	
9.3 9.4 2.8 2.9 1	
9.4 9.5 -0.2 -0.1 74	
9.4 9.5 -1.0 -0.9 43	
9.4 9.5 -1.3 -1.2 26	
9.4 9.5 -2.4 -2.3 2	
9.4 9.5 -2.8 -2.7 2	
9.4 9.5 0.6 0.7 48	
9.4 9.5 0.9 1.0 44	
9.4 9.5 1.2 1.3 27	
9.4 9.5 2.5 2.6 3	
9.5 9.6 -0.5 -0.4 44	
9.5 9.6 -1.6 -1.5 11	
9.5 9.6 -3.0 -2.9 1	
9.5 9.6 0.3 0.4 30	
9.5 9.6 1.6 1.7 16	
9.5 9.6 1.9 2.0 3	
9.5 9.6 2.0 2.1 9	
9.6 9.7 -0.4 -0.3 33	
9.6 9.7 -0.8 -0.7 20	
9.6 9.7 -1.9 -1.8 6	
9.6 9.7 -2.1 -2.0 5	
9.6 9.7 0.5 0.6 20	
9.6 9.7 1.1 1.2 16	
9.6 9.7 1.8 1.9 5	
9.7 9.8 -0.7 -0.6 20	
9.7 9.8 -1.0 -0.9 6	
9.7 9.8 -1.3 -1.2 11	
9.7 9.8 -2.4 -2.3 3	
9.7 9.8 0.2 0.3 27	
9.7 9.8 1.5 1.6 4	
9.7 9.8 2.1 2.2 3	
9.8 9.9 -1.2 -1.1 12	
9.8 9.9 -1.6 -1.5 5	
9.8 9.9 0.6 0.7 12	
9.8 9.9 0.9 1.0 8	
9.8 9.9 1.2 1.3 6	
9.8 9.9 2.3 2.4 4	
9.9 10.0 -0.7 -0.6 11	
9.9 10.0 -1.0 -0.9 10	
9.9 10.0 -1.3 -1.2 7	
9.9 10.0 -2.4 -2.3 1	
9.9 10.0 0.0 0.1 12	
9.9 10.0 0.2 0.3 17	
9.9 10.0 2.6 2.7 1	
9.9 10.0 2.9 3.0 1	
9.9 10.0 3.2 3.3 1	
