-0.1 0.0 -0.1 0.0 1098	
-0.1 0.0 -0.2 -0.1 1157	
-0.1 0.0 -0.6 -0.5 1677	
-0.1 0.0 -1.7 -1.6 9885	
-0.1 0.0 -10.0 -9.9 8	
-0.1 0.0 -2.0 -1.9 14042	
-0.1 0.0 -2.3 -2.2 18441	
-0.1 0.0 -3.4 -3.3 23741	
-0.1 0.0 -4.9 -4.8 16636	
-0.1 0.0 -5.1 -5.0 18029	
-0.1 0.0 -6.2 -6.1 23421	
-0.1 0.0 -6.6 -6.5 20676	
-0.1 0.0 -7.7 -7.6 6054	
-0.1 0.0 -8.0 -7.9 3466	
-0.1 0.0 -8.3 -8.2 1879	
-0.1 0.0 -9.4 -9.3 94	
-0.1 0.0 -9.8 -9.7 24	
-0.1 0.0 0.0 0.1 1097	
-0.1 0.0 0.7 0.8 2390	
-0.1 0.0 1.3 1.4 6557	
-0.1 0.0 10.2 10.3 3	
-0.1 0.0 2.6 2.7 23033	
-0.1 0.0 2.9 3.0 24597	
-0.1 0.0 3.0 3.1 24683	
-0.1 0.0 3.2 3.3 23987	
-0.1 0.0 4.3 4.4 16006	
-0.1 0.0 5.6 5.7 22997	
-0.1 0.0 5.9 6.0 24196	
-0.1 0.0 6.2 6.3 23125	
-0.1 0.0 7.5 7.6 7256	
-0.1 0.0 8.1 8.2 2347	
-0.1 0.0 8.8 8.9 379	
-0.1 0.0 9.2 9.3 130	
-0.1 0.0 9.9 10.0 8	
-0.2 -0.1 -0.9 -0.8 2781	
-0.2 -0.1 -1.1 -1.0 3985	
-0.2 -0.1 -1.5 -1.4 7420	
-0.2 -0.1 -10.4 -10.3 3	
-0.2 -0.1 -2.6 -2.5 21833	
-0.2 -0.1 -3.2 -3.1 24329	
-0.2 -0.1 -4.0 -3.9 18220	
-0.2 -0.1 -4.3 -4.2 16039	
-0.2 -0.1 -4.7 -4.6 15739	
-0.2 -0.1 -5.8 -5.7 23309	
-0.2 -0.1 -6.9 -6.8 16552	
-0.2 -0.1 -7.5 -7.4 8351	
-0.2 -0.1 -8.6 -8.5 931	
-0.2 -0.1 -9.2 -9.1 166	
-0.2 -0.1 0.1 0.2 1141	
-0.2 -0.1 0.8 0.9 2812	
-0.2 -0.1 1.2 1.3 5485	
-0.2 -0.1 10.5 10.6 1	
-0.2 -0.1 2.5 2.6 22022	
-0.2 -0.1 3.1 3.2 24356	
-0.2 -0.1 3.8 3.9 18937	
-0.2 -0.1 4.4 4.5 15586	
-0.2 -0.1 5.0 5.1 18008	
-0.2 -0.1 5.7 5.8 23329	
-0.2 -0.1 6.1 6.2 23401	
-0.2 -0.1 7.4 7.5 8279	
-0.2 -0.1 8.0 8.1 2991	
-0.2 -0.1 8.7 8.8 509	
-0.2 -0.1 9.3 9.4 96	
-0.3 -0.2 -0.2 -0.1 1197	
-0.3 -0.2 -0.7 -0.6 2075	
-0.3 -0.2 -1.0 -0.9 3341	
-0.3 -0.2 -1.3 -1.2 5483	
-0.3 -0.2 -10.5 -10.4 2	
-0.3 -0.2 -2.4 -2.3 19333	
-0.3 -0.2 -2.8 -2.7 23206	
-0.3 -0.2 -3.9 -3.8 18757	
-0.3 -0.2 -4.1 -4.0 17301	
-0.3 -0.2 -4.5 -4.4 15232	
-0.3 -0.2 -5.6 -5.5 21682	
-0.3 -0.2 -6.2 -6.1 23010	
-0.3 -0.2 -6.7 -6.6 18731	
-0.3 -0.2 -7.0 -6.9 14889	
-0.3 -0.2 -7.3 -7.2 10551	
-0.3 -0.2 -8.4 -8.3 1492	
-0.3 -0.2 -8.8 -8.7 532	
-0.3 -0.2 -9.9 -9.8 27	
-0.3 -0.2 0.6 0.7 2109	
-0.3 -0.2 0.9 1.0 3306	
-0.3 -0.2 1.2 1.3 5717	
-0.3 -0.2 10.3 10.4 3	
-0.3 -0.2 2.5 2.6 21788	
-0.3 -0.2 3.1 3.2 23923	
-0.3 -0.2 3.8 3.9 18894	
-0.3 -0.2 4.2 4.3 15802	
-0.3 -0.2 5.5 5.6 21806	
-0.3 -0.2 6.1 6.2 23049	
-0.3 -0.2 6.8 6.9 16285	
-0.3 -0.2 7.4 7.5 8181	
-0.3 -0.2 8.0 8.1 2742	
-0.3 -0.2 8.7 8.8 576	
-0.3 -0.2 9.1 9.2 165	
-0.4 -0.3 -0.1 0.0 1291	
-0.4 -0.3 -0.9 -0.8 2804	
-0.4 -0.3 -1.1 -1.0 4060	
-0.4 -0.3 -10.1 -10.0 5	
-0.4 -0.3 -2.6 -2.5 21266	
-0.4 -0.3 -3.7 -3.6 20018	
-0.4 -0.3 -4.0 -3.9 17500	
-0.4 -0.3 -4.3 -4.2 15509	
-0.4 -0.3 -5.4 -5.3 19574	
-0.4 -0.3 -5.8 -5.7 22028	
-0.4 -0.3 -6.9 -6.8 15820	
-0.4 -0.3 -7.1 -7.0 12985	
-0.4 -0.3 -8.6 -8.5 856	
-0.4 -0.3 -9.7 -9.6 23	
-0.4 -0.3 0.6 0.7 2247	
-0.4 -0.3 0.9 1.0 3308	
-0.4 -0.3 1.2 1.3 5466	
-0.4 -0.3 10.5 10.6 2	
-0.4 -0.3 2.3 2.4 18934	
-0.4 -0.3 3.6 3.7 20013	
-0.4 -0.3 3.9 4.0 17593	
-0.4 -0.3 4.2 4.3 15680	
-0.4 -0.3 5.5 5.6 21183	
-0.4 -0.3 6.1 6.2 22161	
-0.4 -0.3 6.8 6.9 15605	
-0.4 -0.3 7.2 7.3 10127	
-0.4 -0.3 8.5 8.6 910	
-0.4 -0.3 9.1 9.2 149	
-0.4 -0.3 9.8 9.9 24	
-0.4 -0.3 9.9 10.0 7	
-0.5 -0.4 -0.7 -0.6 2267	
-0.5 -0.4 -1.0 -0.9 3458	
-0.5 -0.4 -1.3 -1.2 5364	
-0.5 -0.4 -1.8 -1.7 10583	
-0.5 -0.4 -10.2 -10.1 4	
-0.5 -0.4 -2.4 -2.3 18171	
-0.5 -0.4 -3.5 -3.4 21218	
-0.5 -0.4 -3.9 -3.8 17913	
-0.5 -0.4 -4.1 -4.0 16196	
-0.5 -0.4 -5.2 -5.1 17275	
-0.5 -0.4 -5.6 -5.5 20280	
-0.5 -0.4 -6.7 -6.6 17621	
-0.5 -0.4 -7.0 -6.9 13712	
-0.5 -0.4 -7.3 -7.2 9658	
-0.5 -0.4 -8.4 -8.3 1333	
-0.5 -0.4 -9.5 -9.4 61	
-0.5 -0.4 -9.9 -9.8 12	
-0.5 -0.4 0.4 0.5 1759	
-0.5 -0.4 1.0 1.1 4028	
-0.5 -0.4 1.7 1.8 10614	
-0.5 -0.4 10.3 10.4 4	
-0.5 -0.4 2.3 2.4 18310	
-0.5 -0.4 3.6 3.7 19725	
-0.5 -0.4 3.9 4.0 16974	
-0.5 -0.4 4.2 4.3 14811	
-0.5 -0.4 5.3 5.4 18715	
-0.5 -0.4 6.6 6.7 17466	
-0.5 -0.4 6.9 7.0 13672	
-0.5 -0.4 7.2 7.3 9921	
-0.5 -0.4 8.5 8.6 822	
-0.5 -0.4 9.1 9.2 141	
-0.5 -0.4 9.8 9.9 19	
-0.6 -0.5 -0.5 -0.4 1951	
-0.6 -0.5 -0.9 -0.8 2988	
-0.6 -0.5 -1.1 -1.0 4017	
-0.6 -0.5 -2.2 -2.1 15089	
-0.6 -0.5 -3.7 -3.6 18994	
-0.6 -0.5 -4.0 -3.9 16187	
-0.6 -0.5 -4.8 -4.7 14253	
-0.6 -0.5 -5.4 -5.3 18111	
-0.6 -0.5 -6.5 -6.4 18397	
-0.6 -0.5 -6.9 -6.8 14393	
-0.6 -0.5 -7.1 -7.0 11684	
-0.6 -0.5 -8.2 -8.1 2086	
-0.6 -0.5 -8.6 -8.5 812	
-0.6 -0.5 -9.7 -9.6 34	
-0.6 -0.5 0.4 0.5 2099	
-0.6 -0.5 1.0 1.1 4034	
-0.6 -0.5 1.7 1.8 10240	
-0.6 -0.5 10.1 10.2 4	
-0.6 -0.5 10.5 10.6 1	
-0.6 -0.5 2.3 2.4 17821	
-0.6 -0.5 3.4 3.5 20205	
-0.6 -0.5 3.9 4.0 16392	
-0.6 -0.5 4.0 4.1 15728	
-0.6 -0.5 4.7 4.8 14147	
-0.6 -0.5 5.3 5.4 17920	
-0.6 -0.5 6.6 6.7 16736	
-0.6 -0.5 6.9 7.0 13122	
-0.6 -0.5 7.2 7.3 9378	
-0.6 -0.5 8.5 8.6 783	
-0.6 -0.5 9.6 9.7 28	
-0.7 -0.6 -0.3 -0.2 2051	
-0.7 -0.6 -0.7 -0.6 2690	
-0.7 -0.6 -1.8 -1.7 9866	
-0.7 -0.6 -2.4 -2.3 17125	
-0.7 -0.6 -3.5 -3.4 19582	
-0.7 -0.6 -4.1 -4.0 15009	
-0.7 -0.6 -4.6 -4.5 13049	
-0.7 -0.6 -5.2 -5.1 15199	
-0.7 -0.6 -6.3 -6.2 18798	
-0.7 -0.6 -6.7 -6.6 15695	
-0.7 -0.6 -7.8 -7.7 4202	
-0.7 -0.6 -8.4 -8.3 1172	
-0.7 -0.6 -9.5 -9.4 41	
-0.7 -0.6 0.4 0.5 2273	
-0.7 -0.6 1.5 1.6 7813	
-0.7 -0.6 10.3 10.4 1	
-0.7 -0.6 2.1 2.2 14606	
-0.7 -0.6 2.8 2.9 20799	
-0.7 -0.6 3.4 3.5 19693	
-0.7 -0.6 4.0 4.1 15066	
-0.7 -0.6 4.7 4.8 13369	
-0.7 -0.6 5.3 5.4 17215	
-0.7 -0.6 6.6 6.7 15527	
-0.7 -0.6 6.9 7.0 12483	
-0.7 -0.6 7.0 7.1 11103	
-0.7 -0.6 7.7 7.8 4231	
-0.7 -0.6 8.3 8.4 1196	
-0.7 -0.6 9.6 9.7 26	
-0.8 -0.7 -0.5 -0.4 2539	
-0.8 -0.7 -1.6 -1.5 7548	
-0.8 -0.7 -2.2 -2.1 14019	
-0.8 -0.7 -3.0 -2.9 20134	
-0.8 -0.7 -3.3 -3.2 19669	
-0.8 -0.7 -3.7 -3.6 17325	
-0.8 -0.7 -4.8 -4.7 12556	
-0.8 -0.7 -5.9 -5.8 18207	
-0.8 -0.7 -6.5 -6.4 16383	
-0.8 -0.7 -7.6 -7.5 5452	
-0.8 -0.7 -8.2 -8.1 1817	
-0.8 -0.7 -9.0 -8.9 220	
-0.8 -0.7 -9.3 -9.2 85	
-0.8 -0.7 -9.7 -9.6 16	
-0.8 -0.7 0.2 0.3 2389	
-0.8 -0.7 1.5 1.6 7617	
-0.8 -0.7 10.1 10.2 6	
-0.8 -0.7 2.1 2.2 14066	
-0.8 -0.7 2.8 2.9 19833	
-0.8 -0.7 3.4 3.5 18818	
-0.8 -0.7 4.7 4.8 12590	
-0.8 -0.7 5.1 5.2 14312	
-0.8 -0.7 5.8 5.9 18144	
-0.8 -0.7 6.4 6.5 16546	
-0.8 -0.7 7.0 7.1 10426	
-0.8 -0.7 7.7 7.8 3870	
-0.8 -0.7 8.3 8.4 1153	
-0.8 -0.7 9.6 9.7 30	
-0.8 -0.7 9.9 10.0 8	
-0.9 -0.8 -0.3 -0.2 2749	
-0.9 -0.8 -1.4 -1.3 5954	
-0.9 -0.8 -1.8 -1.7 9311	
-0.9 -0.8 -10.3 -10.2 3	
-0.9 -0.8 -2.9 -2.8 19031	
-0.9 -0.8 -3.1 -3.0 19409	
-0.9 -0.8 -3.5 -3.4 17831	
-0.9 -0.8 -4.6 -4.5 11569	
-0.9 -0.8 -5.2 -5.1 13304	
-0.9 -0.8 -6.0 -5.9 16718	
-0.9 -0.8 -6.3 -6.2 16227	
-0.9 -0.8 -7.4 -7.3 6630	
-0.9 -0.8 -7.8 -7.7 3630	
-0.9 -0.8 -8.9 -8.8 293	
-0.9 -0.8 -9.1 -9.0 150	
-0.9 -0.8 -9.5 -9.4 35	
-0.9 -0.8 0.2 0.3 2897	
-0.9 -0.8 1.5 1.6 7442	
-0.9 -0.8 2.8 2.9 19040	
-0.9 -0.8 3.2 3.3 18872	
-0.9 -0.8 4.5 4.6 11396	
-0.9 -0.8 5.1 5.2 13517	
-0.9 -0.8 5.8 5.9 17004	
-0.9 -0.8 6.4 6.5 15133	
-0.9 -0.8 7.7 7.8 3728	
-0.9 -0.8 8.1 8.2 1626	
-0.9 -0.8 8.8 8.9 306	
-0.9 -0.8 9.4 9.5 61	
-1.0 -0.9 -0.1 0.0 3459	
-1.0 -0.9 -0.3 -0.2 3370	
-1.0 -0.9 -1.4 -1.3 5832	
-1.0 -0.9 -1.8 -1.7 8776	
-1.0 -0.9 -2.9 -2.8 18288	
-1.0 -0.9 -3.1 -3.0 18228	
-1.0 -0.9 -3.5 -3.4 17052	
-1.0 -0.9 -4.6 -4.5 10880	
-1.0 -0.9 -5.2 -5.1 12602	
-1.0 -0.9 -6.0 -5.9 15424	
-1.0 -0.9 -6.3 -6.2 14918	
-1.0 -0.9 -7.4 -7.3 6090	
-1.0 -0.9 -7.8 -7.7 3296	
-1.0 -0.9 -8.9 -8.8 247	
-1.0 -0.9 -9.1 -9.0 158	
-1.0 -0.9 -9.5 -9.4 37	
-1.0 -0.9 0.0 0.1 3326	
-1.0 -0.9 0.7 0.8 3707	
-1.0 -0.9 1.3 1.4 5838	
-1.0 -0.9 2.6 2.7 17313	
-1.0 -0.9 2.9 3.0 18091	
-1.0 -0.9 3.0 3.1 18129	
-1.0 -0.9 4.3 4.4 11139	
-1.0 -0.9 5.6 5.7 14690	
-1.0 -0.9 5.9 6.0 15328	
-1.0 -0.9 6.2 6.3 14964	
-1.0 -0.9 7.5 7.6 4625	
-1.0 -0.9 8.1 8.2 1485	
-1.0 -0.9 8.8 8.9 261	
-1.0 -0.9 9.2 9.3 70	
-1.1 -1.0 -0.5 -0.4 3893	
-1.1 -1.0 -0.9 -0.8 4129	
-1.1 -1.0 -1.1 -1.0 4687	
-1.1 -1.0 -10.3 -10.2 2	
-1.1 -1.0 -2.2 -2.1 12451	
-1.1 -1.0 -2.6 -2.5 15973	
-1.1 -1.0 -3.7 -3.6 15066	
-1.1 -1.0 -4.0 -3.9 12699	
-1.1 -1.0 -4.8 -4.7 9941	
-1.1 -1.0 -5.4 -5.3 12164	
-1.1 -1.0 -6.5 -6.4 12597	
-1.1 -1.0 -6.9 -6.8 9666	
-1.1 -1.0 -7.1 -7.0 7877	
-1.1 -1.0 -8.2 -8.1 1382	
-1.1 -1.0 -8.6 -8.5 515	
-1.1 -1.0 -9.7 -9.6 19	
-1.1 -1.0 0.2 0.3 4054	
-1.1 -1.0 1.3 1.4 5807	
-1.1 -1.0 10.1 10.2 4	
-1.1 -1.0 10.5 10.6 1	
-1.1 -1.0 2.6 2.7 16587	
-1.1 -1.0 2.9 3.0 17391	
-1.1 -1.0 3.2 3.3 17408	
-1.1 -1.0 4.5 4.6 9956	
-1.1 -1.0 5.1 5.2 11362	
-1.1 -1.0 5.8 5.9 13872	
-1.1 -1.0 6.4 6.5 12433	
-1.1 -1.0 7.5 7.6 4113	
-1.1 -1.0 8.1 8.2 1386	
-1.1 -1.0 8.8 8.9 248	
-1.1 -1.0 9.4 9.5 35	
-1.2 -1.1 -0.3 -0.2 4580	
-1.2 -1.1 -0.7 -0.6 4436	
-1.2 -1.1 -1.8 -1.7 8502	
-1.2 -1.1 -2.4 -2.3 13930	
-1.2 -1.1 -3.5 -3.4 15522	
-1.2 -1.1 -4.1 -4.0 11440	
-1.2 -1.1 -5.2 -5.1 10247	
-1.2 -1.1 -6.3 -6.2 12025	
-1.2 -1.1 -6.7 -6.6 9988	
-1.2 -1.1 -7.0 -6.9 7802	
-1.2 -1.1 -7.8 -7.7 2734	
-1.2 -1.1 -8.4 -8.3 749	
-1.2 -1.1 -9.5 -9.4 35	
-1.2 -1.1 -9.9 -9.8 5	
-1.2 -1.1 0.0 0.1 4739	
-1.2 -1.1 0.7 0.8 4630	
-1.2 -1.1 1.3 1.4 5884	
-1.2 -1.1 2.6 2.7 15964	
-1.2 -1.1 2.9 3.0 16787	
-1.2 -1.1 3.2 3.3 16373	
-1.2 -1.1 4.5 4.6 9257	
-1.2 -1.1 5.6 5.7 12059	
-1.2 -1.1 5.9 6.0 12612	
-1.2 -1.1 6.2 6.3 12012	
-1.2 -1.1 7.5 7.6 3677	
-1.2 -1.1 8.1 8.2 1227	
-1.2 -1.1 8.8 8.9 212	
-1.2 -1.1 9.4 9.5 38	
-1.3 -1.2 -0.5 -0.4 5348	
-1.3 -1.2 -1.6 -1.5 7236	
-1.3 -1.2 -2.2 -2.1 11826	
-1.3 -1.2 -3.0 -2.9 16407	
-1.3 -1.2 -3.3 -3.2 16005	
-1.3 -1.2 -3.7 -3.6 13850	
-1.3 -1.2 -4.8 -4.7 8520	
-1.3 -1.2 -5.4 -5.3 9722	
-1.3 -1.2 -5.9 -5.8 11105	
-1.3 -1.2 -6.5 -6.4 9914	
-1.3 -1.2 -7.6 -7.5 3363	
-1.3 -1.2 -8.2 -8.1 1077	
-1.3 -1.2 -9.3 -9.2 49	
-1.3 -1.2 -9.7 -9.6 18	
-1.3 -1.2 0.0 0.1 5606	
-1.3 -1.2 0.7 0.8 5197	
-1.3 -1.2 1.3 1.4 6341	
-1.3 -1.2 10.1 10.2 2	
-1.3 -1.2 2.6 2.7 15275	
-1.3 -1.2 2.9 3.0 16134	
-1.3 -1.2 3.0 3.1 16157	
-1.3 -1.2 3.7 3.8 13216	
-1.3 -1.2 4.3 4.4 9203	
-1.3 -1.2 5.6 5.7 10697	
-1.3 -1.2 5.9 6.0 11249	
-1.3 -1.2 6.2 6.3 10566	
-1.3 -1.2 7.5 7.6 3254	
-1.3 -1.2 8.6 8.7 326	
-1.3 -1.2 8.9 9.0 140	
-1.3 -1.2 9.2 9.3 46	
-1.3 -1.2 9.9 10.0 8	
-1.4 -1.3 -0.3 -0.2 6145	
-1.4 -1.3 -1.4 -1.3 6570	
-1.4 -1.3 -1.8 -1.7 8662	
-1.4 -1.3 -2.9 -2.8 15685	
-1.4 -1.3 -3.1 -3.0 15938	
-1.4 -1.3 -3.5 -3.4 14527	
-1.4 -1.3 -4.6 -4.5 8204	
-1.4 -1.3 -5.2 -5.1 8186	
-1.4 -1.3 -6.0 -5.9 9667	
-1.4 -1.3 -6.3 -6.2 9392	
-1.4 -1.3 -7.8 -7.7 2107	
-1.4 -1.3 -8.9 -8.8 174	
-1.4 -1.3 -9.1 -9.0 103	
-1.4 -1.3 -9.5 -9.4 27	
-1.4 -1.3 0.7 0.8 5826	
-1.4 -1.3 1.1 1.2 6007	
-1.4 -1.3 1.8 1.9 9169	
-1.4 -1.3 2.4 2.5 13754	
-1.4 -1.3 3.0 3.1 15846	
-1.4 -1.3 3.7 3.8 12718	
-1.4 -1.3 4.3 4.4 8933	
-1.4 -1.3 5.6 5.7 9527	
-1.4 -1.3 5.9 6.0 9641	
-1.4 -1.3 6.0 6.1 9735	
-1.4 -1.3 6.7 6.8 7392	
-1.4 -1.3 7.3 7.4 3836	
-1.4 -1.3 8.6 8.7 280	
-1.4 -1.3 8.9 9.0 129	
-1.4 -1.3 9.2 9.3 50	
-1.5 -1.4 -0.5 -0.4 6991	
-1.5 -1.4 -1.6 -1.5 7789	
-1.5 -1.4 -10.4 -10.3 1	
-1.5 -1.4 -2.7 -2.6 14666	
-1.5 -1.4 -3.0 -2.9 15733	
-1.5 -1.4 -3.3 -3.2 15208	
-1.5 -1.4 -4.4 -4.3 8272	
-1.5 -1.4 -4.8 -4.7 7211	
-1.5 -1.4 -5.9 -5.8 8600	
-1.5 -1.4 -6.1 -6.0 8468	
-1.5 -1.4 -6.5 -6.4 7738	
-1.5 -1.4 -7.6 -7.5 2572	
-1.5 -1.4 -8.7 -8.6 256	
-1.5 -1.4 -9.0 -8.9 103	
-1.5 -1.4 -9.3 -9.2 43	
-1.5 -1.4 0.5 0.6 6954	
-1.5 -1.4 1.1 1.2 6469	
-1.5 -1.4 1.8 1.9 9443	
-1.5 -1.4 10.1 10.2 3	
-1.5 -1.4 2.4 2.5 13826	
-1.5 -1.4 3.7 3.8 12419	
-1.5 -1.4 4.1 4.2 9576	
-1.5 -1.4 4.8 4.9 7260	
-1.5 -1.4 5.4 5.5 7938	
-1.5 -1.4 6.0 6.1 8266	
-1.5 -1.4 6.7 6.8 6344	
-1.5 -1.4 7.3 7.4 3431	
-1.5 -1.4 8.6 8.7 263	
-1.5 -1.4 8.9 9.0 113	
-1.5 -1.4 9.0 9.1 85	
-1.5 -1.4 9.7 9.8 3	
-1.6 -1.5 -0.3 -0.2 8578	
-1.6 -1.5 -1.4 -1.3 7393	
-1.6 -1.5 -2.9 -2.8 15503	
-1.6 -1.5 -3.1 -3.0 15593	
-1.6 -1.5 -4.2 -4.1 9284	
-1.6 -1.5 -4.6 -4.5 7179	
-1.6 -1.5 -5.7 -5.6 7164	
-1.6 -1.5 -6.0 -5.9 7484	
-1.6 -1.5 -6.3 -6.2 6993	
-1.6 -1.5 -7.4 -7.3 2836	
-1.6 -1.5 -8.9 -8.8 114	
-1.6 -1.5 -9.1 -9.0 72	
-1.6 -1.5 0.5 0.6 7885	
-1.6 -1.5 1.8 1.9 9432	
-1.6 -1.5 2.2 2.3 12364	
-1.6 -1.5 3.5 3.6 13835	
-1.6 -1.5 4.1 4.2 9167	
-1.6 -1.5 4.8 4.9 6547	
-1.6 -1.5 5.4 5.5 6908	
-1.6 -1.5 6.0 6.1 7241	
-1.6 -1.5 6.7 6.8 5467	
-1.6 -1.5 7.1 7.2 3656	
-1.6 -1.5 7.8 7.9 1290	
-1.6 -1.5 8.4 8.5 368	
-1.6 -1.5 9.0 9.1 74	
-1.6 -1.5 9.7 9.8 7	
-1.7 -1.6 -1.2 -1.1 7970	
-1.7 -1.6 -1.6 -1.5 8407	
-1.7 -1.6 -10.1 -10.0 1	
-1.7 -1.6 -11.1 -11.0 1	
-1.7 -1.6 -2.7 -2.6 15021	
-1.7 -1.6 -3.0 -2.9 15839	
-1.7 -1.6 -3.8 -3.7 12249	
-1.7 -1.6 -4.4 -4.3 7845	
-1.7 -1.6 -5.5 -5.4 5918	
-1.7 -1.6 -5.9 -5.8 6552	
-1.7 -1.6 -6.1 -6.0 6338	
-1.7 -1.6 -7.2 -7.1 3010	
-1.7 -1.6 -7.6 -7.5 1904	
-1.7 -1.6 -8.7 -8.6 188	
-1.7 -1.6 -9.0 -8.9 81	
-1.7 -1.6 -9.3 -9.2 27	
-1.7 -1.6 -9.8 -9.7 4	
-1.7 -1.6 0.3 0.4 9589	
-1.7 -1.6 1.6 1.7 8718	
-1.7 -1.6 1.9 2.0 10530	
-1.7 -1.6 2.2 2.3 12573	
-1.7 -1.6 3.5 3.6 13807	
-1.7 -1.6 4.1 4.2 9260	
-1.7 -1.6 4.8 4.9 5955	
-1.7 -1.6 5.2 5.3 5866	
-1.7 -1.6 6.5 6.6 5227	
-1.7 -1.6 7.1 7.2 3118	
-1.7 -1.6 7.8 7.9 1146	
-1.7 -1.6 8.4 8.5 317	
-1.7 -1.6 9.0 9.1 53	
-1.7 -1.6 9.7 9.8 3	
-1.8 -1.7 -0.8 -0.7 9586	
-1.8 -1.7 -1.4 -1.3 8470	
-1.8 -1.7 -10.2 -10.1 2	
-1.8 -1.7 -2.5 -2.4 14483	
-1.8 -1.7 -3.1 -3.0 16183	
-1.8 -1.7 -4.2 -4.1 9166	
-1.8 -1.7 -5.3 -5.2 5104	
-1.8 -1.7 -5.7 -5.6 5418	
-1.8 -1.7 -6.0 -5.9 5260	
-1.8 -1.7 -6.8 -6.7 3936	
-1.8 -1.7 -7.4 -7.3 1998	
-1.8 -1.7 -8.5 -8.4 237	
-1.8 -1.7 -8.9 -8.8 98	
-1.8 -1.7 -9.1 -9.0 57	
-1.8 -1.7 0.3 0.4 10895	
-1.8 -1.7 1.6 1.7 9348	
-1.8 -1.7 1.9 2.0 10863	
-1.8 -1.7 2.2 2.3 13057	
-1.8 -1.7 3.3 3.4 15334	
-1.8 -1.7 4.6 4.7 6211	
-1.8 -1.7 4.9 5.0 5480	
-1.8 -1.7 5.2 5.3 5051	
-1.8 -1.7 6.5 6.6 4451	
-1.8 -1.7 7.1 7.2 2659	
-1.8 -1.7 7.8 7.9 913	
-1.8 -1.7 8.2 8.3 383	
-1.8 -1.7 9.5 9.6 12	
-1.9 -1.8 -0.6 -0.5 11495	
-1.9 -1.8 -1.2 -1.1 9210	
-1.9 -1.8 -2.3 -2.2 13616	
-1.9 -1.8 -2.7 -2.6 15973	
-1.9 -1.8 -3.8 -3.7 12851	
-1.9 -1.8 -4.4 -4.3 7811	
-1.9 -1.8 -4.9 -4.8 5234	
-1.9 -1.8 -5.5 -5.4 4439	
-1.9 -1.8 -6.6 -6.5 3831	
-1.9 -1.8 -7.2 -7.1 2205	
-1.9 -1.8 -8.3 -8.2 367	
-1.9 -1.8 -8.7 -8.6 129	
-1.9 -1.8 -9.8 -9.7 4	
-1.9 -1.8 0.3 0.4 12117	
-1.9 -1.8 1.4 1.5 9353	
-1.9 -1.8 10.2 10.3 2	
-1.9 -1.8 2.0 2.1 12325	
-1.9 -1.8 2.7 2.8 16248	
-1.9 -1.8 3.3 3.4 15956	
-1.9 -1.8 4.6 4.7 6061	
-1.9 -1.8 4.9 5.0 4927	
-1.9 -1.8 5.2 5.3 4644	
-1.9 -1.8 6.3 6.4 4094	
-1.9 -1.8 7.6 7.7 1078	
-1.9 -1.8 7.9 8.0 626	
-1.9 -1.8 8.2 8.3 317	
-1.9 -1.8 9.5 9.6 4	
-10.0 -9.9 -1.2 -1.1 3	
-10.0 -9.9 -1.6 -1.5 3	
-10.0 -9.9 0.6 0.7 8	
-10.0 -9.9 0.9 1.0 5	
-10.0 -9.9 1.0 1.1 7	
-10.0 -9.9 2.3 2.4 1	
-10.1 -10.0 -1.2 -1.1 2	
-10.1 -10.0 -1.6 -1.5 1	
-10.1 -10.0 0.3 0.4 3	
-10.2 -10.1 -0.8 -0.7 1	
-10.2 -10.1 -1.4 -1.3 4	
-10.2 -10.1 -2.5 -2.4 1	
-10.2 -10.1 0.6 0.7 3	
-10.2 -10.1 0.9 1.0 3	
-10.2 -10.1 1.2 1.3 2	
-10.3 -10.2 -1.2 -1.1 4	
-10.3 -10.2 0.4 0.5 1	
-10.3 -10.2 1.0 1.1 3	
-10.3 -10.2 1.7 1.8 1	
-10.4 -10.3 -0.8 -0.7 3	
-10.4 -10.3 -1.4 -1.3 2	
-10.4 -10.3 1.5 1.6 1	
-10.5 -10.4 -0.1 0.0 1	
-10.6 -10.5 -1.4 -1.3 1	
-10.8 -10.7 1.0 1.1 1	
-10.9 -10.8 -0.6 -0.5 1	
-11.4 -11.3 -0.2 -0.1 1	
-2.0 -1.9 -0.6 -0.5 12662	
-2.0 -1.9 -1.2 -1.1 10373	
-2.0 -1.9 -10.2 -10.1 1	
-2.0 -1.9 -2.3 -2.2 14147	
-2.0 -1.9 -2.7 -2.6 16768	
-2.0 -1.9 -3.8 -3.7 13523	
-2.0 -1.9 -4.4 -4.3 7942	
-2.0 -1.9 -4.9 -4.8 4987	
-2.0 -1.9 -5.5 -5.4 3922	
-2.0 -1.9 -6.6 -6.5 3161	
-2.0 -1.9 -7.2 -7.1 1882	
-2.0 -1.9 -8.3 -8.2 280	
-2.0 -1.9 -8.7 -8.6 94	
-2.0 -1.9 -9.8 -9.7 4	
-2.0 -1.9 0.1 0.2 14122	
-2.0 -1.9 0.8 0.9 11293	
-2.0 -1.9 1.4 1.5 10110	
-2.0 -1.9 2.5 2.6 16203	
-2.0 -1.9 3.1 3.2 17538	
-2.0 -1.9 3.8 3.9 12339	
-2.0 -1.9 4.4 4.5 7259	
-2.0 -1.9 5.0 5.1 4286	
-2.0 -1.9 5.7 5.8 3743	
-2.0 -1.9 6.3 6.4 3311	
-2.0 -1.9 7.4 7.5 1260	
-2.0 -1.9 7.9 8.0 498	
-2.0 -1.9 8.0 8.1 391	
-2.0 -1.9 8.7 8.8 78	
-2.0 -1.9 9.3 9.4 11	
-2.1 -2.0 -0.3 -0.2 15370	
-2.1 -2.0 -1.4 -1.3 10734	
-2.1 -2.0 -1.8 -1.7 11538	
-2.1 -2.0 -2.9 -2.8 18315	
-2.1 -2.0 -3.1 -3.0 18195	
-2.1 -2.0 -4.6 -4.5 6620	
-2.1 -2.0 -5.7 -5.6 3247	
-2.1 -2.0 -6.0 -5.9 3147	
-2.1 -2.0 -6.3 -6.2 2972	
-2.1 -2.0 -7.4 -7.3 1162	
-2.1 -2.0 -7.8 -7.7 617	
-2.1 -2.0 -8.9 -8.8 40	
-2.1 -2.0 -9.1 -9.0 27	
-2.1 -2.0 0.1 0.2 15540	
-2.1 -2.0 0.8 0.9 12259	
-2.1 -2.0 1.4 1.5 10740	
-2.1 -2.0 2.0 2.1 13358	
-2.1 -2.0 2.7 2.8 18019	
-2.1 -2.0 3.3 3.4 17339	
-2.1 -2.0 4.6 4.7 5837	
-2.1 -2.0 4.9 5.0 4378	
-2.1 -2.0 5.0 5.1 4148	
-2.1 -2.0 5.7 5.8 3310	
-2.1 -2.0 6.3 6.4 2824	
-2.1 -2.0 7.6 7.7 691	
-2.1 -2.0 7.9 8.0 445	
-2.1 -2.0 8.2 8.3 205	
-2.1 -2.0 9.5 9.6 3	
-2.2 -2.1 -1.2 -1.1 11819	
-2.2 -2.1 -1.6 -1.5 11584	
-2.2 -2.1 -2.7 -2.6 18187	
-2.2 -2.1 -3.0 -2.9 19320	
-2.2 -2.1 -3.3 -3.2 18426	
-2.2 -2.1 -4.4 -4.3 8210	
-2.2 -2.1 -5.5 -5.4 2952	
-2.2 -2.1 -5.9 -5.8 2689	
-2.2 -2.1 -6.1 -6.0 2482	
-2.2 -2.1 -7.2 -7.1 1211	
-2.2 -2.1 -7.6 -7.5 709	
-2.2 -2.1 -8.7 -8.6 75	
-2.2 -2.1 -9.0 -8.9 42	
-2.2 -2.1 -9.3 -9.2 18	
-2.2 -2.1 0.1 0.2 16987	
-2.2 -2.1 0.8 0.9 13785	
-2.2 -2.1 1.4 1.5 11449	
-2.2 -2.1 2.0 2.1 14133	
-2.2 -2.1 2.7 2.8 19095	
-2.2 -2.1 3.1 3.2 19025	
-2.2 -2.1 3.8 3.9 13565	
-2.2 -2.1 4.4 4.5 7349	
-2.2 -2.1 5.0 5.1 3804	
-2.2 -2.1 5.7 5.8 2755	
-2.2 -2.1 6.3 6.4 2336	
-2.2 -2.1 7.6 7.7 605	
-2.2 -2.1 7.9 8.0 360	
-2.2 -2.1 8.0 8.1 319	
-2.2 -2.1 9.3 9.4 10	
-2.3 -2.2 -0.8 -0.7 15114	
-2.3 -2.2 -1.4 -1.3 12383	
-2.3 -2.2 -2.5 -2.4 18081	
-2.3 -2.2 -2.9 -2.8 20076	
-2.3 -2.2 -3.1 -3.0 20180	
-2.3 -2.2 -4.2 -4.1 10632	
-2.3 -2.2 -5.7 -5.6 2388	
-2.3 -2.2 -6.0 -5.9 2247	
-2.3 -2.2 -6.8 -6.7 1412	
-2.3 -2.2 -7.4 -7.3 746	
-2.3 -2.2 -8.5 -8.4 98	
-2.3 -2.2 -8.9 -8.8 41	
-2.3 -2.2 -9.1 -9.0 15	
-2.3 -2.2 0.1 0.2 18272	
-2.3 -2.2 0.8 0.9 14402	
-2.3 -2.2 1.2 1.3 12645	
-2.3 -2.2 2.5 2.6 18625	
-2.3 -2.2 3.1 3.2 19846	
-2.3 -2.2 3.8 3.9 14260	
-2.3 -2.2 4.4 4.5 7553	
-2.3 -2.2 5.0 5.1 3650	
-2.3 -2.2 5.7 5.8 2364	
-2.3 -2.2 6.1 6.2 2031	
-2.3 -2.2 7.4 7.5 696	
-2.3 -2.2 8.0 8.1 235	
-2.3 -2.2 8.7 8.8 42	
-2.3 -2.2 9.3 9.4 7	
-2.4 -2.3 -0.6 -0.5 17871	
-2.4 -2.3 -1.2 -1.1 13692	
-2.4 -2.3 -2.3 -2.2 17217	
-2.4 -2.3 -2.7 -2.6 20149	
-2.4 -2.3 -3.8 -3.7 15996	
-2.4 -2.3 -4.4 -4.3 8718	
-2.4 -2.3 -5.5 -5.4 2335	
-2.4 -2.3 -6.1 -6.0 1715	
-2.4 -2.3 -6.6 -6.5 1351	
-2.4 -2.3 -7.2 -7.1 800	
-2.4 -2.3 -8.3 -8.2 111	
-2.4 -2.3 -8.7 -8.6 51	
-2.4 -2.3 0.6 0.7 17160	
-2.4 -2.3 0.9 1.0 14834	
-2.4 -2.3 1.2 1.3 13455	
-2.4 -2.3 2.5 2.6 19764	
-2.4 -2.3 3.1 3.2 20701	
-2.4 -2.3 3.8 3.9 14601	
-2.4 -2.3 4.2 4.3 9929	
-2.4 -2.3 5.5 5.6 2181	
-2.4 -2.3 6.1 6.2 1586	
-2.4 -2.3 6.8 6.9 1101	
-2.4 -2.3 7.4 7.5 541	
-2.4 -2.3 8.0 8.1 188	
-2.4 -2.3 8.7 8.8 34	
-2.4 -2.3 9.1 9.2 11	
-2.5 -2.4 -0.1 0.0 20946	
-2.5 -2.4 -0.8 -0.7 17371	
-2.5 -2.4 -1.9 -1.8 14980	
-2.5 -2.4 -2.1 -2.0 16474	
-2.5 -2.4 -2.5 -2.4 19659	
-2.5 -2.4 -3.6 -3.5 18870	
-2.5 -2.4 -4.2 -4.1 11148	
-2.5 -2.4 -5.0 -4.9 3844	
-2.5 -2.4 -5.3 -5.2 2588	
-2.5 -2.4 -5.7 -5.6 1783	
-2.5 -2.4 -6.8 -6.7 979	
-2.5 -2.4 -7.9 -7.8 215	
-2.5 -2.4 -8.5 -8.4 54	
-2.5 -2.4 -9.6 -9.5 1	
-2.5 -2.4 0.6 0.7 17893	
-2.5 -2.4 0.9 1.0 15804	
-2.5 -2.4 1.2 1.3 14205	
-2.5 -2.4 2.3 2.4 18968	
-2.5 -2.4 3.6 3.7 17791	
-2.5 -2.4 3.9 4.0 13987	
-2.5 -2.4 4.2 4.3 10146	
-2.5 -2.4 5.5 5.6 1929	
-2.5 -2.4 6.1 6.2 1314	
-2.5 -2.4 6.8 6.9 853	
-2.5 -2.4 7.2 7.3 545	
-2.5 -2.4 8.5 8.6 38	
-2.5 -2.4 9.1 9.2 8	
-2.6 -2.5 -0.6 -0.5 19708	
-2.6 -2.5 -1.2 -1.1 15377	
-2.6 -2.5 -1.7 -1.6 14612	
-2.6 -2.5 -2.0 -1.9 16221	
-2.6 -2.5 -2.3 -2.2 18787	
-2.6 -2.5 -3.4 -3.3 21175	
-2.6 -2.5 -3.8 -3.7 17288	
-2.6 -2.5 -4.9 -4.8 4640	
-2.6 -2.5 -5.1 -5.0 3341	
-2.6 -2.5 -5.5 -5.4 1954	
-2.6 -2.5 -6.6 -6.5 786	
-2.6 -2.5 -7.2 -7.1 506	
-2.6 -2.5 -8.0 -7.9 124	
-2.6 -2.5 -8.3 -8.2 91	
-2.6 -2.5 -9.4 -9.3 4	
-2.6 -2.5 0.4 0.5 20287	
-2.6 -2.5 1.0 1.1 15912	
-2.6 -2.5 1.7 1.8 15063	
-2.6 -2.5 2.3 2.4 19296	
-2.6 -2.5 3.6 3.7 18387	
-2.6 -2.5 3.9 4.0 14543	
-2.6 -2.5 4.2 4.3 10383	
-2.6 -2.5 5.3 5.4 2195	
-2.6 -2.5 6.6 6.7 782	
-2.6 -2.5 6.9 7.0 546	
-2.6 -2.5 7.2 7.3 410	
-2.6 -2.5 8.5 8.6 28	
-2.6 -2.5 9.1 9.2 6	
-2.6 -2.5 9.8 9.9 2	
-2.7 -2.6 -0.4 -0.3 21793	
-2.7 -2.6 -0.8 -0.7 18936	
-2.7 -2.6 -1.9 -1.8 16089	
-2.7 -2.6 -2.1 -2.0 17649	
-2.7 -2.6 -3.6 -3.5 20026	
-2.7 -2.6 -4.7 -4.6 6305	
-2.7 -2.6 -5.0 -4.9 3876	
-2.7 -2.6 -5.3 -5.2 2398	
-2.7 -2.6 -6.4 -6.3 733	
-2.7 -2.6 -6.8 -6.7 578	
-2.7 -2.6 -7.9 -7.8 145	
-2.7 -2.6 -8.1 -8.0 100	
-2.7 -2.6 -8.5 -8.4 26	
-2.7 -2.6 -9.6 -9.5 1	
-2.7 -2.6 0.4 0.5 21464	
-2.7 -2.6 1.0 1.1 16603	
-2.7 -2.6 1.7 1.8 15155	
-2.7 -2.6 10.0 10.1 2	
-2.7 -2.6 2.3 2.4 20383	
-2.7 -2.6 3.4 3.5 21186	
-2.7 -2.6 3.9 4.0 14880	
-2.7 -2.6 4.0 4.1 13463	
-2.7 -2.6 4.7 4.8 5326	
-2.7 -2.6 5.3 5.4 2055	
-2.7 -2.6 6.6 6.7 588	
-2.7 -2.6 6.9 7.0 433	
-2.7 -2.6 7.2 7.3 330	
-2.7 -2.6 8.5 8.6 28	
-2.8 -2.7 -0.2 -0.1 23537	
-2.8 -2.7 -0.6 -0.5 21340	
-2.8 -2.7 -1.7 -1.6 15462	
-2.8 -2.7 -2.0 -1.9 17012	
-2.8 -2.7 -2.3 -2.2 19780	
-2.8 -2.7 -3.4 -3.3 22692	
-2.8 -2.7 -4.5 -4.4 8365	
-2.8 -2.7 -4.9 -4.8 4564	
-2.8 -2.7 -5.1 -5.0 3207	
-2.8 -2.7 -6.2 -6.1 682	
-2.8 -2.7 -6.6 -6.5 505	
-2.8 -2.7 -7.7 -7.6 140	
-2.8 -2.7 -8.0 -7.9 81	
-2.8 -2.7 -8.3 -8.2 37	
-2.8 -2.7 -9.4 -9.3 3	
-2.8 -2.7 0.4 0.5 21743	
-2.8 -2.7 1.5 1.6 15313	
-2.8 -2.7 2.1 2.2 18920	
-2.8 -2.7 2.8 2.9 24009	
-2.8 -2.7 3.4 3.5 21373	
-2.8 -2.7 4.0 4.1 13790	
-2.8 -2.7 4.7 4.8 5328	
-2.8 -2.7 5.3 5.4 1927	
-2.8 -2.7 6.6 6.7 460	
-2.8 -2.7 6.9 7.0 388	
-2.8 -2.7 7.0 7.1 320	
-2.8 -2.7 7.7 7.8 115	
-2.8 -2.7 8.3 8.4 36	
-2.9 -2.8 -0.4 -0.3 23037	
-2.9 -2.8 -1.5 -1.4 15370	
-2.9 -2.8 -1.9 -1.8 16817	
-2.9 -2.8 -2.1 -2.0 18070	
-2.9 -2.8 -3.2 -3.1 23967	
-2.9 -2.8 -4.7 -4.6 6452	
-2.9 -2.8 -5.0 -4.9 3829	
-2.9 -2.8 -5.8 -5.7 962	
-2.9 -2.8 -6.4 -6.3 474	
-2.9 -2.8 -7.5 -7.4 152	
-2.9 -2.8 -7.9 -7.8 85	
-2.9 -2.8 -8.1 -8.0 53	
-2.9 -2.8 -9.6 -9.5 1	
-2.9 -2.8 0.2 0.3 23700	
-2.9 -2.8 1.5 1.6 15572	
-2.9 -2.8 2.1 2.2 19167	
-2.9 -2.8 2.8 2.9 23984	
-2.9 -2.8 3.4 3.5 21875	
-2.9 -2.8 4.7 4.8 5338	
-2.9 -2.8 5.1 5.2 2718	
-2.9 -2.8 5.8 5.9 836	
-2.9 -2.8 6.4 6.5 443	
-2.9 -2.8 7.0 7.1 238	
-2.9 -2.8 7.7 7.8 78	
-2.9 -2.8 8.3 8.4 27	
-2.9 -2.8 9.6 9.7 1	
-3.0 -2.9 -0.4 -0.3 23309	
-3.0 -2.9 -1.5 -1.4 15698	
-3.0 -2.9 -1.9 -1.8 16939	
-3.0 -2.9 -2.1 -2.0 18427	
-3.0 -2.9 -3.2 -3.1 24016	
-3.0 -2.9 -3.6 -3.5 20831	
-3.0 -2.9 -4.7 -4.6 6287	
-3.0 -2.9 -5.0 -4.9 3687	
-3.0 -2.9 -5.8 -5.7 865	
-3.0 -2.9 -6.4 -6.3 374	
-3.0 -2.9 -7.5 -7.4 98	
-3.0 -2.9 -7.9 -7.8 57	
-3.0 -2.9 -8.1 -8.0 44	
-3.0 -2.9 -9.6 -9.5 1	
-3.0 -2.9 0.0 0.1 24589	
-3.0 -2.9 1.3 1.4 16040	
-3.0 -2.9 2.6 2.7 23318	
-3.0 -2.9 2.9 3.0 24702	
-3.0 -2.9 3.2 3.3 23471	
-3.0 -2.9 4.5 4.6 7354	
-3.0 -2.9 5.8 5.9 714	
-3.0 -2.9 6.2 6.3 437	
-3.0 -2.9 7.5 7.6 80	
-3.0 -2.9 8.1 8.2 27	
-3.0 -2.9 8.8 8.9 7	
-3.0 -2.9 9.4 9.5 1	
-3.1 -3.0 -0.6 -0.5 21709	
-3.1 -3.0 -1.2 -1.1 16604	
-3.1 -3.0 -2.0 -1.9 17472	
-3.1 -3.0 -2.3 -2.2 19985	
-3.1 -3.0 -3.4 -3.3 22812	
-3.1 -3.0 -3.8 -3.7 18248	
-3.1 -3.0 -4.9 -4.8 4539	
-3.1 -3.0 -5.1 -5.0 2987	
-3.1 -3.0 -5.5 -5.4 1483	
-3.1 -3.0 -6.6 -6.5 262	
-3.1 -3.0 -7.2 -7.1 127	
-3.1 -3.0 -8.0 -7.9 38	
-3.1 -3.0 -8.3 -8.2 12	
-3.1 -3.0 0.2 0.3 23805	
-3.1 -3.0 1.5 1.6 15846	
-3.1 -3.0 2.1 2.2 19365	
-3.1 -3.0 2.8 2.9 24070	
-3.1 -3.0 3.2 3.3 23213	
-3.1 -3.0 4.5 4.6 7239	
-3.1 -3.0 5.1 5.2 2532	
-3.1 -3.0 5.8 5.9 653	
-3.1 -3.0 6.4 6.5 284	
-3.1 -3.0 7.0 7.1 143	
-3.1 -3.0 7.7 7.8 42	
-3.1 -3.0 8.3 8.4 13	
-3.1 -3.0 9.4 9.5 1	
-3.2 -3.1 -0.4 -0.3 23339	
-3.2 -3.1 -0.8 -0.7 19996	
-3.2 -3.1 -1.9 -1.8 16677	
-3.2 -3.1 -2.1 -2.0 18367	
-3.2 -3.1 -2.5 -2.4 21697	
-3.2 -3.1 -3.6 -3.5 20486	
-3.2 -3.1 -4.7 -4.6 6039	
-3.2 -3.1 -5.0 -4.9 3642	
-3.2 -3.1 -5.3 -5.2 2013	
-3.2 -3.1 -6.4 -6.3 243	
-3.2 -3.1 -6.8 -6.7 151	
-3.2 -3.1 -7.9 -7.8 30	
-3.2 -3.1 -8.1 -8.0 16	
-3.2 -3.1 -8.5 -8.4 11	
-3.2 -3.1 0.2 0.3 24097	
-3.2 -3.1 1.3 1.4 15787	
-3.2 -3.1 2.6 2.7 23131	
-3.2 -3.1 2.9 3.0 23857	
-3.2 -3.1 3.2 3.3 23116	
-3.2 -3.1 4.5 4.6 7200	
-3.2 -3.1 5.1 5.2 2500	
-3.2 -3.1 5.8 5.9 602	
-3.2 -3.1 6.4 6.5 207	
-3.2 -3.1 7.5 7.6 47	
-3.2 -3.1 8.1 8.2 16	
-3.3 -3.2 -0.2 -0.1 24211	
-3.3 -3.2 -0.6 -0.5 21540	
-3.3 -3.2 -1.7 -1.6 15483	
-3.3 -3.2 -2.0 -1.9 16849	
-3.3 -3.2 -2.3 -2.2 19657	
-3.3 -3.2 -3.4 -3.3 22014	
-3.3 -3.2 -4.9 -4.8 4291	
-3.3 -3.2 -5.1 -5.0 2996	
-3.3 -3.2 -6.2 -6.1 280	
-3.3 -3.2 -6.6 -6.5 136	
-3.3 -3.2 -7.7 -7.6 28	
-3.3 -3.2 -8.0 -7.9 19	
-3.3 -3.2 -8.3 -8.2 10	
-3.3 -3.2 0.0 0.1 24209	
-3.3 -3.2 0.7 0.8 19630	
-3.3 -3.2 1.3 1.4 15333	
-3.3 -3.2 2.6 2.7 22532	
-3.3 -3.2 2.9 3.0 23825	
-3.3 -3.2 3.2 3.3 22673	
-3.3 -3.2 4.5 4.6 7144	
-3.3 -3.2 5.6 5.7 820	
-3.3 -3.2 5.9 6.0 423	
-3.3 -3.2 6.2 6.3 233	
-3.3 -3.2 7.5 7.6 42	
-3.3 -3.2 8.1 8.2 14	
-3.3 -3.2 8.8 8.9 2	
-3.3 -3.2 9.4 9.5 1	
-3.4 -3.3 -0.1 0.0 23640	
-3.4 -3.3 -0.4 -0.3 22777	
-3.4 -3.3 -1.5 -1.4 14758	
-3.4 -3.3 -1.9 -1.8 15941	
-3.4 -3.3 -2.1 -2.0 17183	
-3.4 -3.3 -3.2 -3.1 22342	
-3.4 -3.3 -3.6 -3.5 19554	
-3.4 -3.3 -4.7 -4.6 5952	
-3.4 -3.3 -5.0 -4.9 3390	
-3.4 -3.3 -5.3 -5.2 1852	
-3.4 -3.3 -5.8 -5.7 588	
-3.4 -3.3 -6.4 -6.3 158	
-3.4 -3.3 -7.5 -7.4 32	
-3.4 -3.3 -7.9 -7.8 26	
-3.4 -3.3 -8.1 -8.0 14	
-3.4 -3.3 -9.6 -9.5 1	
-3.4 -3.3 0.0 0.1 23684	
-3.4 -3.3 0.7 0.8 19424	
-3.4 -3.3 1.3 1.4 14990	
-3.4 -3.3 2.6 2.7 21808	
-3.4 -3.3 2.9 3.0 23063	
-3.4 -3.3 3.0 3.1 23079	
-3.4 -3.3 3.7 3.8 16838	
-3.4 -3.3 4.3 4.4 9116	
-3.4 -3.3 5.6 5.7 715	
-3.4 -3.3 5.9 6.0 390	
-3.4 -3.3 6.2 6.3 190	
-3.4 -3.3 7.5 7.6 27	
-3.4 -3.3 8.6 8.7 3	
-3.4 -3.3 8.9 9.0 2	
-3.5 -3.4 -0.2 -0.1 22602	
-3.5 -3.4 -1.3 -1.2 15287	
-3.5 -3.4 -1.7 -1.6 14347	
-3.5 -3.4 -2.0 -1.9 15707	
-3.5 -3.4 -2.8 -2.7 21341	
-3.5 -3.4 -3.4 -3.3 20254	
-3.5 -3.4 -4.5 -4.4 7644	
-3.5 -3.4 -5.1 -5.0 2703	
-3.5 -3.4 -6.2 -6.1 224	
-3.5 -3.4 -7.3 -7.2 30	
-3.5 -3.4 -7.7 -7.6 18	
-3.5 -3.4 -8.0 -7.9 8	
-3.5 -3.4 -9.4 -9.3 1	
-3.5 -3.4 0.7 0.8 18748	
-3.5 -3.4 1.1 1.2 15404	
-3.5 -3.4 1.8 1.9 15003	
-3.5 -3.4 2.4 2.5 19904	
-3.5 -3.4 3.0 3.1 21931	
-3.5 -3.4 3.7 3.8 16170	
-3.5 -3.4 4.3 4.4 8595	
-3.5 -3.4 5.6 5.7 725	
-3.5 -3.4 5.9 6.0 337	
-3.5 -3.4 6.0 6.1 278	
-3.5 -3.4 6.7 6.8 74	
-3.5 -3.4 7.3 7.4 20	
-3.5 -3.4 8.6 8.7 1	
-3.5 -3.4 9.2 9.3 1	
-3.6 -3.5 -0.9 -0.8 17275	
-3.6 -3.5 -1.5 -1.4 13623	
-3.6 -3.5 -2.6 -2.5 19517	
-3.6 -3.5 -3.2 -3.1 20570	
-3.6 -3.5 -4.3 -4.2 9592	
-3.6 -3.5 -4.7 -4.6 5331	
-3.6 -3.5 -5.8 -5.7 469	
-3.6 -3.5 -6.4 -6.3 109	
-3.6 -3.5 -6.9 -6.8 38	
-3.6 -3.5 -7.5 -7.4 20	
-3.6 -3.5 0.5 0.6 19765	
-3.6 -3.5 1.1 1.2 14983	
-3.6 -3.5 1.8 1.9 14558	
-3.6 -3.5 2.4 2.5 18987	
-3.6 -3.5 3.7 3.8 15329	
-3.6 -3.5 4.1 4.2 10852	
-3.6 -3.5 4.8 4.9 3569	
-3.6 -3.5 5.4 5.5 1075	
-3.6 -3.5 6.0 6.1 234	
-3.6 -3.5 6.7 6.8 51	
-3.6 -3.5 7.3 7.4 9	
-3.6 -3.5 8.9 9.0 1	
-3.7 -3.6 -0.2 -0.1 21488	
-3.7 -3.6 -1.0 -0.9 15540	
-3.7 -3.6 -1.3 -1.2 13614	
-3.7 -3.6 -2.4 -2.3 16903	
-3.7 -3.6 -2.8 -2.7 19273	
-3.7 -3.6 -3.9 -3.8 13550	
-3.7 -3.6 -4.1 -4.0 11256	
-3.7 -3.6 -4.5 -4.4 6515	
-3.7 -3.6 -5.6 -5.5 791	
-3.7 -3.6 -6.2 -6.1 164	
-3.7 -3.6 -7.0 -6.9 19	
-3.7 -3.6 -7.3 -7.2 14	
-3.7 -3.6 0.5 0.6 19044	
-3.7 -3.6 1.8 1.9 13669	
-3.7 -3.6 2.2 2.3 16129	
-3.7 -3.6 3.5 3.6 16959	
-3.7 -3.6 4.1 4.2 10119	
-3.7 -3.6 4.8 4.9 3462	
-3.7 -3.6 5.4 5.5 1016	
-3.7 -3.6 6.0 6.1 233	
-3.7 -3.6 6.7 6.8 39	
-3.7 -3.6 7.1 7.2 21	
-3.7 -3.6 7.8 7.9 2	
-3.7 -3.6 8.4 8.5 2	
-3.7 -3.6 9.0 9.1 1	
-3.8 -3.7 -0.9 -0.8 15587	
-3.8 -3.7 -1.1 -1.0 14051	
-3.8 -3.7 -1.5 -1.4 12124	
-3.8 -3.7 -2.6 -2.5 16992	
-3.8 -3.7 -3.7 -3.6 14586	
-3.8 -3.7 -4.0 -3.9 11329	
-3.8 -3.7 -4.3 -4.2 8283	
-3.8 -3.7 -5.4 -5.3 1157	
-3.8 -3.7 -5.8 -5.7 416	
-3.8 -3.7 -6.9 -6.8 26	
-3.8 -3.7 -7.1 -7.0 14	
-3.8 -3.7 -7.5 -7.4 8	
-3.8 -3.7 -8.6 -8.5 2	
-3.8 -3.7 0.3 0.4 19578	
-3.8 -3.7 1.6 1.7 12233	
-3.8 -3.7 1.9 2.0 13389	
-3.8 -3.7 2.2 2.3 15252	
-3.8 -3.7 3.5 3.6 15581	
-3.8 -3.7 4.1 4.2 9179	
-3.8 -3.7 4.8 4.9 3269	
-3.8 -3.7 5.2 5.3 1494	
-3.8 -3.7 6.5 6.6 56	
-3.8 -3.7 7.1 7.2 14	
-3.8 -3.7 7.8 7.9 6	
-3.8 -3.7 8.4 8.5 2	
-3.9 -3.8 -0.7 -0.6 16415	
-3.9 -3.8 -1.0 -0.9 13996	
-3.9 -3.8 -1.3 -1.2 12203	
-3.9 -3.8 -2.4 -2.3 14735	
-3.9 -3.8 -3.9 -3.8 11691	
-3.9 -3.8 -4.1 -4.0 9666	
-3.9 -3.8 -5.2 -5.1 1742	
-3.9 -3.8 -5.6 -5.5 643	
-3.9 -3.8 -6.7 -6.6 28	
-3.9 -3.8 -7.0 -6.9 20	
-3.9 -3.8 -7.3 -7.2 8	
-3.9 -3.8 0.3 0.4 18326	
-3.9 -3.8 1.6 1.7 11641	
-3.9 -3.8 1.9 2.0 12388	
-3.9 -3.8 2.2 2.3 14134	
-3.9 -3.8 3.3 3.4 15710	
-3.9 -3.8 4.6 4.7 4286	
-3.9 -3.8 4.9 5.0 2579	
-3.9 -3.8 5.2 5.3 1338	
-3.9 -3.8 6.5 6.6 44	
-3.9 -3.8 7.1 7.2 16	
-3.9 -3.8 7.8 7.9 2	
-3.9 -3.8 8.2 8.3 1	
-4.0 -3.9 -0.1 0.0 18462	
-4.0 -3.9 -0.7 -0.6 15699	
-4.0 -3.9 -1.0 -0.9 13339	
-4.0 -3.9 -1.3 -1.2 11737	
-4.0 -3.9 -2.4 -2.3 13202	
-4.0 -3.9 -3.9 -3.8 10580	
-4.0 -3.9 -4.1 -4.0 8729	
-4.0 -3.9 -5.2 -5.1 1519	
-4.0 -3.9 -5.6 -5.5 607	
-4.0 -3.9 -6.7 -6.6 18	
-4.0 -3.9 -7.0 -6.9 14	
-4.0 -3.9 -7.3 -7.2 8	
-4.0 -3.9 -8.4 -8.3 1	
-4.0 -3.9 0.1 0.2 18193	
-4.0 -3.9 0.8 0.9 14125	
-4.0 -3.9 1.4 1.5 10829	
-4.0 -3.9 2.0 2.1 12014	
-4.0 -3.9 2.7 2.8 15033	
-4.0 -3.9 3.3 3.4 14266	
-4.0 -3.9 4.4 4.5 5464	
-4.0 -3.9 5.0 5.1 1799	
-4.0 -3.9 5.7 5.8 377	
-4.0 -3.9 6.3 6.4 68	
-4.0 -3.9 7.6 7.7 4	
-4.0 -3.9 8.2 8.3 2	
-4.1 -4.0 -0.4 -0.3 16733	
-4.1 -4.0 -1.5 -1.4 10322	
-4.1 -4.0 -2.1 -2.0 10797	
-4.1 -4.0 -2.6 -2.5 13074	
-4.1 -4.0 -3.2 -3.1 13719	
-4.1 -4.0 -4.3 -4.2 6212	
-4.1 -4.0 -4.7 -4.6 3461	
-4.1 -4.0 -5.8 -5.7 328	
-4.1 -4.0 -6.4 -6.3 66	
-4.1 -4.0 -7.5 -7.4 3	
-4.1 -4.0 -8.1 -8.0 3	
-4.1 -4.0 0.3 0.4 16820	
-4.1 -4.0 1.6 1.7 10035	
-4.1 -4.0 1.9 2.0 10559	
-4.1 -4.0 2.0 2.1 10820	
-4.1 -4.0 2.7 2.8 13776	
-4.1 -4.0 3.3 3.4 12883	
-4.1 -4.0 4.6 4.7 3577	
-4.1 -4.0 4.9 5.0 2079	
-4.1 -4.0 5.2 5.3 1136	
-4.1 -4.0 6.5 6.6 36	
-4.1 -4.0 7.6 7.7 5	
-4.1 -4.0 7.9 8.0 2	
-4.1 -4.0 8.2 8.3 1	
-4.2 -4.1 -0.2 -0.1 16883	
-4.2 -4.1 -1.0 -0.9 12142	
-4.2 -4.1 -1.3 -1.2 10419	
-4.2 -4.1 -2.8 -2.7 12233	
-4.2 -4.1 -3.9 -3.8 8628	
-4.2 -4.1 -4.1 -4.0 7158	
-4.2 -4.1 -4.5 -4.4 4377	
-4.2 -4.1 -5.6 -5.5 460	
-4.2 -4.1 -6.2 -6.1 85	
-4.2 -4.1 -7.0 -6.9 6	
-4.2 -4.1 -7.3 -7.2 4	
-4.2 -4.1 -7.7 -7.6 2	
-4.2 -4.1 0.1 0.2 16913	
-4.2 -4.1 0.8 0.9 12904	
-4.2 -4.1 1.4 1.5 9637	
-4.2 -4.1 2.0 2.1 9923	
-4.2 -4.1 2.7 2.8 11987	
-4.2 -4.1 3.3 3.4 11587	
-4.2 -4.1 4.6 4.7 3087	
-4.2 -4.1 4.9 5.0 1871	
-4.2 -4.1 5.0 5.1 1513	
-4.2 -4.1 5.7 5.8 263	
-4.2 -4.1 6.3 6.4 43	
-4.2 -4.1 7.6 7.7 2	
-4.2 -4.1 7.9 8.0 1	
-4.3 -4.2 -0.9 -0.8 12434	
-4.3 -4.2 -1.1 -1.0 11022	
-4.3 -4.2 -1.5 -1.4 9044	
-4.3 -4.2 -2.6 -2.5 10444	
-4.3 -4.2 -3.2 -3.1 11079	
-4.3 -4.2 -3.7 -3.6 8957	
-4.3 -4.2 -4.0 -3.9 6951	
-4.3 -4.2 -4.3 -4.2 4989	
-4.3 -4.2 -5.4 -5.3 745	
-4.3 -4.2 -5.8 -5.7 266	
-4.3 -4.2 -6.9 -6.8 9	
-4.3 -4.2 -7.1 -7.0 4	
-4.3 -4.2 -7.5 -7.4 1	
-4.3 -4.2 0.1 0.2 16061	
-4.3 -4.2 0.8 0.9 12226	
-4.3 -4.2 1.4 1.5 8915	
-4.3 -4.2 2.0 2.1 8896	
-4.3 -4.2 2.7 2.8 11106	
-4.3 -4.2 3.1 3.2 10877	
-4.3 -4.2 3.8 3.9 7559	
-4.3 -4.2 4.4 4.5 3769	
-4.3 -4.2 5.0 5.1 1364	
-4.3 -4.2 5.7 5.8 256	
-4.3 -4.2 6.3 6.4 38	
-4.3 -4.2 8.0 8.1 1	
-4.4 -4.3 -0.7 -0.6 13284	
-4.4 -4.3 -1.0 -0.9 11221	
-4.4 -4.3 -1.3 -1.2 9272	
-4.4 -4.3 -2.4 -2.3 8829	
-4.4 -4.3 -2.8 -2.7 9530	
-4.4 -4.3 -3.9 -3.8 6702	
-4.4 -4.3 -4.1 -4.0 5626	
-4.4 -4.3 -5.6 -5.5 385	
-4.4 -4.3 -6.7 -6.6 18	
-4.4 -4.3 -7.0 -6.9 12	
-4.4 -4.3 -7.3 -7.2 3	
-4.4 -4.3 0.1 0.2 15854	
-4.4 -4.3 0.8 0.9 11730	
-4.4 -4.3 1.2 1.3 9407	
-4.4 -4.3 2.5 2.6 9478	
-4.4 -4.3 3.1 3.2 9664	
-4.4 -4.3 3.8 3.9 6856	
-4.4 -4.3 4.4 4.5 3275	
-4.4 -4.3 5.0 5.1 1096	
-4.4 -4.3 5.7 5.8 217	
-4.4 -4.3 6.1 6.2 79	
-4.4 -4.3 6.8 6.9 11	
-4.4 -4.3 7.4 7.5 2	
-4.5 -4.4 -0.5 -0.4 14411	
-4.5 -4.4 -0.9 -0.8 11768	
-4.5 -4.4 -1.1 -1.0 10339	
-4.5 -4.4 -2.2 -2.1 7306	
-4.5 -4.4 -2.6 -2.5 8260	
-4.5 -4.4 -3.7 -3.6 6823	
-4.5 -4.4 -4.0 -3.9 5285	
-4.5 -4.4 -4.3 -4.2 3826	
-4.5 -4.4 -5.4 -5.3 530	
-4.5 -4.4 -6.5 -6.4 17	
-4.5 -4.4 -6.9 -6.8 4	
-4.5 -4.4 -7.1 -7.0 3	
-4.5 -4.4 0.6 0.7 12991	
-4.5 -4.4 0.9 1.0 10926	
-4.5 -4.4 1.2 1.3 8911	
-4.5 -4.4 2.5 2.6 8031	
-4.5 -4.4 3.1 3.2 8457	
-4.5 -4.4 3.8 3.9 5797	
-4.5 -4.4 4.2 4.3 3798	
-4.5 -4.4 5.5 5.6 302	
-4.5 -4.4 6.1 6.2 48	
-4.5 -4.4 6.8 6.9 8	
-4.5 -4.4 7.4 7.5 1	
-4.6 -4.5 -0.1 0.0 15783	
-4.6 -4.5 -0.7 -0.6 13146	
-4.6 -4.5 -1.0 -0.9 10536	
-4.6 -4.5 -1.8 -1.7 6719	
-4.6 -4.5 -2.4 -2.3 6671	
-4.6 -4.5 -3.5 -3.4 6405	
-4.6 -4.5 -3.9 -3.8 4945	
-4.6 -4.5 -4.1 -4.0 4117	
-4.6 -4.5 -5.2 -5.1 706	
-4.6 -4.5 -5.6 -5.5 299	
-4.6 -4.5 -6.7 -6.6 10	
-4.6 -4.5 -7.0 -6.9 2	
-4.6 -4.5 0.6 0.7 13114	
-4.6 -4.5 0.9 1.0 10888	
-4.6 -4.5 1.2 1.3 8581	
-4.6 -4.5 2.3 2.4 6862	
-4.6 -4.5 3.6 3.7 5916	
-4.6 -4.5 3.9 4.0 4525	
-4.6 -4.5 4.2 4.3 3195	
-4.6 -4.5 5.5 5.6 289	
-4.6 -4.5 6.1 6.2 49	
-4.6 -4.5 6.8 6.9 4	
-4.6 -4.5 7.2 7.3 1	
-4.7 -4.6 -0.5 -0.4 14476	
-4.7 -4.6 -1.1 -1.0 10034	
-4.7 -4.6 -1.6 -1.5 6924	
-4.7 -4.6 -2.2 -2.1 6012	
-4.7 -4.6 -3.3 -3.2 5908	
-4.7 -4.6 -3.7 -3.6 4971	
-4.7 -4.6 -4.8 -4.7 1387	
-4.7 -4.6 -5.4 -5.3 411	
-4.7 -4.6 -6.5 -6.4 14	
-4.7 -4.6 -7.1 -7.0 1	
-4.7 -4.6 0.4 0.5 14485	
-4.7 -4.6 1.0 1.1 9966	
-4.7 -4.6 1.7 1.8 6171	
-4.7 -4.6 2.3 2.4 5933	
-4.7 -4.6 3.6 3.7 4986	
-4.7 -4.6 3.9 4.0 3921	
-4.7 -4.6 4.2 4.3 2745	
-4.7 -4.6 5.3 5.4 369	
-4.7 -4.6 6.6 6.7 7	
-4.7 -4.6 6.9 7.0 3	
-4.8 -4.7 -0.3 -0.2 15424	
-4.8 -4.7 -0.7 -0.6 13355	
-4.8 -4.7 -1.8 -1.7 5831	
-4.8 -4.7 -2.9 -2.8 5418	
-4.8 -4.7 -3.5 -3.4 4711	
-4.8 -4.7 -4.6 -4.5 1599	
-4.8 -4.7 -5.2 -5.1 497	
-4.8 -4.7 -6.0 -5.9 64	
-4.8 -4.7 -6.3 -6.2 25	
-4.8 -4.7 -6.7 -6.6 8	
-4.8 -4.7 0.4 0.5 14565	
-4.8 -4.7 1.0 1.1 10074	
-4.8 -4.7 1.7 1.8 5844	
-4.8 -4.7 2.3 2.4 5124	
-4.8 -4.7 3.4 3.5 4757	
-4.8 -4.7 3.9 4.0 3412	
-4.8 -4.7 4.0 4.1 3036	
-4.8 -4.7 4.7 4.8 1118	
-4.8 -4.7 5.3 5.4 332	
-4.8 -4.7 6.6 6.7 8	
-4.8 -4.7 6.9 7.0 4	
-4.9 -4.8 -0.5 -0.4 15241	
-4.9 -4.8 -1.6 -1.5 6425	
-4.9 -4.8 -2.2 -2.1 4617	
-4.9 -4.8 -3.0 -2.9 4595	
-4.9 -4.8 -3.3 -3.2 4165	
-4.9 -4.8 -4.4 -4.3 1777	
-4.9 -4.8 -4.8 -4.7 945	
-4.9 -4.8 -5.9 -5.8 74	
-4.9 -4.8 -6.1 -6.0 38	
-4.9 -4.8 -6.5 -6.4 13	
-4.9 -4.8 0.4 0.5 15182	
-4.9 -4.8 1.5 1.6 6514	
-4.9 -4.8 2.1 2.2 4725	
-4.9 -4.8 2.8 2.9 4546	
-4.9 -4.8 3.4 3.5 3958	
-4.9 -4.8 4.0 4.1 2495	
-4.9 -4.8 4.7 4.8 909	
-4.9 -4.8 5.3 5.4 258	
-4.9 -4.8 6.4 6.5 15	
-4.9 -4.8 6.6 6.7 3	
-4.9 -4.8 6.9 7.0 2	
-4.9 -4.8 7.7 7.8 1	
-5.0 -4.9 -0.5 -0.4 15933	
-5.0 -4.9 -1.6 -1.5 6460	
-5.0 -4.9 -2.2 -2.1 4226	
-5.0 -4.9 -3.0 -2.9 3811	
-5.0 -4.9 -3.3 -3.2 3647	
-5.0 -4.9 -4.4 -4.3 1341	
-5.0 -4.9 -4.8 -4.7 801	
-5.0 -4.9 -5.9 -5.8 66	
-5.0 -4.9 -6.1 -6.0 34	
-5.0 -4.9 -6.5 -6.4 8	
-5.0 -4.9 0.2 0.3 16995	
-5.0 -4.9 1.5 1.6 6601	
-5.0 -4.9 2.8 2.9 3824	
-5.0 -4.9 3.2 3.3 3519	
-5.0 -4.9 4.5 4.6 1089	
-5.0 -4.9 5.1 5.2 347	
-5.0 -4.9 5.8 5.9 55	
-5.0 -4.9 6.4 6.5 10	
-5.0 -4.9 8.1 8.2 1	
-5.1 -5.0 -0.7 -0.6 14825	
-5.1 -5.0 -1.0 -0.9 11798	
-5.1 -5.0 -1.8 -1.7 5257	
-5.1 -5.0 -2.4 -2.3 3472	
-5.1 -5.0 -3.5 -3.4 2662	
-5.1 -5.0 -3.9 -3.8 2070	
-5.1 -5.0 -4.1 -4.0 1624	
-5.1 -5.0 -5.2 -5.1 292	
-5.1 -5.0 -5.6 -5.5 106	
-5.1 -5.0 -6.7 -6.6 3	
-5.1 -5.0 -7.0 -6.9 3	
-5.1 -5.0 -7.3 -7.2 1	
-5.1 -5.0 0.2 0.3 17563	
-5.1 -5.0 1.5 1.6 6624	
-5.1 -5.0 2.1 2.2 3769	
-5.1 -5.0 2.8 2.9 3145	
-5.1 -5.0 3.4 3.5 2682	
-5.1 -5.0 4.0 4.1 1733	
-5.1 -5.0 4.7 4.8 644	
-5.1 -5.0 5.1 5.2 302	
-5.1 -5.0 6.4 6.5 8	
-5.2 -5.1 -0.5 -0.4 17138	
-5.2 -5.1 -1.1 -1.0 11309	
-5.2 -5.1 -2.2 -2.1 3469	
-5.2 -5.1 -3.3 -3.2 2386	
-5.2 -5.1 -3.7 -3.6 1901	
-5.2 -5.1 -4.0 -3.9 1514	
-5.2 -5.1 -4.8 -4.7 539	
-5.2 -5.1 -5.4 -5.3 143	
-5.2 -5.1 -6.5 -6.4 9	
-5.2 -5.1 -6.9 -6.8 2	
-5.2 -5.1 0.2 0.3 18279	
-5.2 -5.1 1.5 1.6 6520	
-5.2 -5.1 2.1 2.2 3682	
-5.2 -5.1 2.8 2.9 2745	
-5.2 -5.1 3.2 3.3 2378	
-5.2 -5.1 4.5 4.6 712	
-5.2 -5.1 5.1 5.2 232	
-5.2 -5.1 5.8 5.9 36	
-5.2 -5.1 6.4 6.5 4	
-5.2 -5.1 7.0 7.1 3	
-5.3 -5.2 -0.3 -0.2 19404	
-5.3 -5.2 -0.7 -0.6 16160	
-5.3 -5.2 -1.8 -1.7 5246	
-5.3 -5.2 -2.4 -2.3 2746	
-5.3 -5.2 -2.9 -2.8 2188	
-5.3 -5.2 -3.5 -3.4 1731	
-5.3 -5.2 -4.6 -4.5 542	
-5.3 -5.2 -5.2 -5.1 189	
-5.3 -5.2 -6.3 -6.2 5	
-5.3 -5.2 0.2 0.3 19339	
-5.3 -5.2 1.3 1.4 8521	
-5.3 -5.2 2.6 2.7 2390	
-5.3 -5.2 2.9 3.0 2219	
-5.3 -5.2 3.2 3.3 1872	
-5.3 -5.2 4.5 4.6 575	
-5.3 -5.2 5.1 5.2 164	
-5.3 -5.2 5.8 5.9 35	
-5.3 -5.2 6.2 6.3 10	
-5.3 -5.2 6.4 6.5 4	
-5.4 -5.3 -0.5 -0.4 18701	
-5.4 -5.3 -1.6 -1.5 6717	
-5.4 -5.3 -2.2 -2.1 3075	
-5.4 -5.3 -3.0 -2.9 1767	
-5.4 -5.3 -3.3 -3.2 1502	
-5.4 -5.3 -4.8 -4.7 332	
-5.4 -5.3 -5.9 -5.8 26	
-5.4 -5.3 -6.1 -6.0 12	
-5.4 -5.3 -6.5 -6.4 1	
-5.4 -5.3 0.0 0.1 20895	
-5.4 -5.3 0.7 0.8 15686	
-5.4 -5.3 1.3 1.4 8884	
-5.4 -5.3 2.6 2.7 2045	
-5.4 -5.3 2.9 3.0 1815	
-5.4 -5.3 3.2 3.3 1550	
-5.4 -5.3 4.5 4.6 493	
-5.4 -5.3 5.6 5.7 34	
-5.4 -5.3 5.9 6.0 15	
-5.4 -5.3 6.2 6.3 3	
-5.5 -5.4 -0.1 0.0 21907	
-5.5 -5.4 -0.3 -0.2 21044	
-5.5 -5.4 -1.4 -1.3 9180	
-5.5 -5.4 -1.8 -1.7 5235	
-5.5 -5.4 -2.9 -2.8 1517	
-5.5 -5.4 -3.1 -3.0 1301	
-5.5 -5.4 -3.5 -3.4 1164	
-5.5 -5.4 -4.6 -4.5 360	
-5.5 -5.4 -5.7 -5.6 32	
-5.5 -5.4 -6.0 -5.9 14	
-5.5 -5.4 -6.3 -6.2 4	
-5.5 -5.4 0.0 0.1 21615	
-5.5 -5.4 0.7 0.8 16550	
-5.5 -5.4 1.3 1.4 8995	
-5.5 -5.4 2.6 2.7 1797	
-5.5 -5.4 2.9 3.0 1455	
-5.5 -5.4 3.0 3.1 1411	
-5.5 -5.4 3.7 3.8 944	
-5.5 -5.4 4.3 4.4 476	
-5.5 -5.4 5.6 5.7 33	
-5.5 -5.4 5.9 6.0 14	
-5.5 -5.4 6.2 6.3 9	
-5.6 -5.5 -1.2 -1.1 11752	
-5.6 -5.5 -1.6 -1.5 7106	
-5.6 -5.5 -2.7 -2.6 1480	
-5.6 -5.5 -3.0 -2.9 1186	
-5.6 -5.5 -3.3 -3.2 1098	
-5.6 -5.5 -4.4 -4.3 339	
-5.6 -5.5 -5.9 -5.8 16	
-5.6 -5.5 -6.1 -6.0 3	
-5.6 -5.5 0.7 0.8 17255	
-5.6 -5.5 1.1 1.2 11733	
-5.6 -5.5 1.8 1.9 4458	
-5.6 -5.5 2.4 2.5 1927	
-5.6 -5.5 3.0 3.1 1131	
-5.6 -5.5 3.7 3.8 718	
-5.6 -5.5 4.3 4.4 407	
-5.6 -5.5 5.6 5.7 27	
-5.6 -5.5 5.9 6.0 16	
-5.6 -5.5 6.0 6.1 9	
-5.7 -5.6 -0.8 -0.7 17496	
-5.7 -5.6 -1.4 -1.3 9597	
-5.7 -5.6 -2.5 -2.4 1758	
-5.7 -5.6 -2.9 -2.8 1101	
-5.7 -5.6 -3.1 -3.0 915	
-5.7 -5.6 -4.2 -4.1 347	
-5.7 -5.6 -4.6 -4.5 203	
-5.7 -5.6 -5.7 -5.6 21	
-5.7 -5.6 -6.0 -5.9 8	
-5.7 -5.6 -6.3 -6.2 2	
-5.7 -5.6 -6.8 -6.7 3	
-5.7 -5.6 0.5 0.6 20159	
-5.7 -5.6 1.1 1.2 12313	
-5.7 -5.6 1.8 1.9 4674	
-5.7 -5.6 2.4 2.5 1853	
-5.7 -5.6 3.7 3.8 569	
-5.7 -5.6 4.1 4.2 372	
-5.7 -5.6 4.8 4.9 123	
-5.7 -5.6 5.4 5.5 34	
-5.7 -5.6 6.0 6.1 5	
-5.7 -5.6 6.7 6.8 1	
-5.8 -5.7 -1.2 -1.1 12221	
-5.8 -5.7 -2.3 -2.2 2294	
-5.8 -5.7 -2.7 -2.6 1254	
-5.8 -5.7 -3.0 -2.9 860	
-5.8 -5.7 -3.8 -3.7 443	
-5.8 -5.7 -4.4 -4.3 215	
-5.8 -5.7 -5.5 -5.4 25	
-5.8 -5.7 -5.9 -5.8 16	
-5.8 -5.7 -6.1 -6.0 8	
-5.8 -5.7 0.5 0.6 20209	
-5.8 -5.7 1.8 1.9 4559	
-5.8 -5.7 2.2 2.3 2336	
-5.8 -5.7 3.5 3.6 513	
-5.8 -5.7 4.1 4.2 317	
-5.8 -5.7 4.8 4.9 123	
-5.8 -5.7 5.4 5.5 38	
-5.8 -5.7 6.0 6.1 4	
-5.9 -5.8 -0.8 -0.7 17857	
-5.9 -5.8 -1.4 -1.3 9829	
-5.9 -5.8 -1.9 -1.8 4491	
-5.9 -5.8 -2.5 -2.4 1527	
-5.9 -5.8 -3.6 -3.5 390	
-5.9 -5.8 -4.2 -4.1 200	
-5.9 -5.8 -5.3 -5.2 35	
-5.9 -5.8 -5.7 -5.6 15	
-5.9 -5.8 0.3 0.4 22564	
-5.9 -5.8 1.6 1.7 6321	
-5.9 -5.8 1.9 2.0 3719	
-5.9 -5.8 2.2 2.3 2207	
-5.9 -5.8 3.5 3.6 384	
-5.9 -5.8 4.1 4.2 223	
-5.9 -5.8 4.8 4.9 79	
-5.9 -5.8 5.2 5.3 32	
-5.9 -5.8 6.5 6.6 2	
-6.0 -5.9 -0.8 -0.7 18310	
-6.0 -5.9 -1.4 -1.3 9672	
-6.0 -5.9 -1.9 -1.8 4535	
-6.0 -5.9 -2.5 -2.4 1520	
-6.0 -5.9 -3.6 -3.5 277	
-6.0 -5.9 -4.2 -4.1 159	
-6.0 -5.9 -5.3 -5.2 30	
-6.0 -5.9 -5.7 -5.6 9	
-6.0 -5.9 -6.8 -6.7 1	
-6.0 -5.9 0.3 0.4 22787	
-6.0 -5.9 1.4 1.5 8418	
-6.0 -5.9 2.0 2.1 3211	
-6.0 -5.9 2.7 2.8 829	
-6.0 -5.9 3.3 3.4 387	
-6.0 -5.9 4.6 4.7 76	
-6.0 -5.9 4.9 5.0 40	
-6.0 -5.9 5.2 5.3 28	
-6.1 -6.0 -1.6 -1.5 7326	
-6.1 -6.0 -2.7 -2.6 966	
-6.1 -6.0 -3.0 -2.9 514	
-6.1 -6.0 -3.3 -3.2 341	
-6.1 -6.0 -4.4 -4.3 105	
-6.1 -6.0 -4.8 -4.7 46	
-6.1 -6.0 -5.9 -5.8 2	
-6.1 -6.0 -6.1 -6.0 1	
-6.1 -6.0 0.3 0.4 22861	
-6.1 -6.0 1.6 1.7 6074	
-6.1 -6.0 1.9 2.0 3724	
-6.1 -6.0 2.2 2.3 1986	
-6.1 -6.0 3.5 3.6 241	
-6.1 -6.0 4.6 4.7 46	
-6.1 -6.0 4.9 5.0 31	
-6.1 -6.0 5.2 5.3 22	
-6.2 -6.1 -0.3 -0.2 23000	
-6.2 -6.1 -0.8 -0.7 17951	
-6.2 -6.1 -1.4 -1.3 9752	
-6.2 -6.1 -2.5 -2.4 1313	
-6.2 -6.1 -2.9 -2.8 601	
-6.2 -6.1 -3.1 -3.0 427	
-6.2 -6.1 -4.2 -4.1 89	
-6.2 -6.1 -4.6 -4.5 58	
-6.2 -6.1 -5.7 -5.6 6	
-6.2 -6.1 0.3 0.4 22380	
-6.2 -6.1 1.6 1.7 6168	
-6.2 -6.1 1.9 2.0 3706	
-6.2 -6.1 2.0 2.1 2980	
-6.2 -6.1 2.7 2.8 683	
-6.2 -6.1 3.3 3.4 228	
-6.2 -6.1 4.6 4.7 42	
-6.2 -6.1 4.9 5.0 23	
-6.2 -6.1 5.2 5.3 22	
-6.3 -6.2 -1.2 -1.1 12129	
-6.3 -6.2 -2.7 -2.6 784	
-6.3 -6.2 -3.0 -2.9 389	
-6.3 -6.2 -3.8 -3.7 115	
-6.3 -6.2 -4.4 -4.3 52	
-6.3 -6.2 -5.5 -5.4 7	
-6.3 -6.2 -5.9 -5.8 2	
-6.3 -6.2 -6.1 -6.0 1	
-6.3 -6.2 0.1 0.2 22876	
-6.3 -6.2 0.8 0.9 16135	
-6.3 -6.2 1.4 1.5 8255	
-6.3 -6.2 2.0 2.1 2835	
-6.3 -6.2 2.7 2.8 669	
-6.3 -6.2 3.3 3.4 175	
-6.3 -6.2 4.6 4.7 33	
-6.3 -6.2 4.9 5.0 15	
-6.3 -6.2 5.0 5.1 19	
-6.3 -6.2 5.7 5.8 3	
-6.3 -6.2 6.3 6.4 2	
-6.4 -6.3 -0.8 -0.7 16987	
-6.4 -6.3 -1.4 -1.3 9182	
-6.4 -6.3 -2.5 -2.4 1124	
-6.4 -6.3 -3.1 -3.0 313	
-6.4 -6.3 -3.6 -3.5 136	
-6.4 -6.3 -4.2 -4.1 48	
-6.4 -6.3 -5.3 -5.2 5	
-6.4 -6.3 -5.7 -5.6 3	
-6.4 -6.3 0.1 0.2 22519	
-6.4 -6.3 0.8 0.9 15841	
-6.4 -6.3 1.4 1.5 8139	
-6.4 -6.3 2.0 2.1 2856	
-6.4 -6.3 2.7 2.8 644	
-6.4 -6.3 3.1 3.2 233	
-6.4 -6.3 3.8 3.9 68	
-6.4 -6.3 4.4 4.5 40	
-6.4 -6.3 5.0 5.1 17	
-6.4 -6.3 5.7 5.8 2	
-6.5 -6.4 -0.6 -0.5 18783	
-6.5 -6.4 -1.2 -1.1 11218	
-6.5 -6.4 -2.0 -1.9 3338	
-6.5 -6.4 -2.3 -2.2 1826	
-6.5 -6.4 -2.7 -2.6 710	
-6.5 -6.4 -3.8 -3.7 76	
-6.5 -6.4 -4.9 -4.8 11	
-6.5 -6.4 -5.5 -5.4 1	
-6.5 -6.4 0.1 0.2 21472	
-6.5 -6.4 0.8 0.9 15280	
-6.5 -6.4 1.2 1.3 9970	
-6.5 -6.4 2.5 2.6 917	
-6.5 -6.4 3.1 3.2 205	
-6.5 -6.4 3.8 3.9 52	
-6.5 -6.4 4.4 4.5 27	
-6.5 -6.4 5.0 5.1 3	
-6.5 -6.4 5.7 5.8 1	
-6.5 -6.4 6.1 6.2 3	
-6.6 -6.5 -0.4 -0.3 19347	
-6.6 -6.5 -0.8 -0.7 15381	
-6.6 -6.5 -1.9 -1.8 3699	
-6.6 -6.5 -2.1 -2.0 2536	
-6.6 -6.5 -2.5 -2.4 1034	
-6.6 -6.5 -3.6 -3.5 71	
-6.6 -6.5 -4.2 -4.1 33	
-6.6 -6.5 -5.0 -4.9 8	
-6.6 -6.5 -5.3 -5.2 1	
-6.6 -6.5 0.6 0.7 16656	
-6.6 -6.5 0.9 1.0 13213	
-6.6 -6.5 1.2 1.3 9475	
-6.6 -6.5 2.5 2.6 823	
-6.6 -6.5 3.1 3.2 197	
-6.6 -6.5 3.8 3.9 47	
-6.6 -6.5 4.2 4.3 23	
-6.6 -6.5 5.5 5.6 1	
-6.7 -6.6 -0.6 -0.5 16454	
-6.7 -6.6 -1.7 -1.6 5030	
-6.7 -6.6 -2.0 -1.9 2870	
-6.7 -6.6 -2.3 -2.2 1539	
-6.7 -6.6 -3.4 -3.3 97	
-6.7 -6.6 -3.8 -3.7 48	
-6.7 -6.6 -4.9 -4.8 6	
-6.7 -6.6 -5.1 -5.0 2	
-6.7 -6.6 0.6 0.7 15536	
-6.7 -6.6 0.9 1.0 12517	
-6.7 -6.6 1.2 1.3 8850	
-6.7 -6.6 2.3 2.4 1325	
-6.7 -6.6 3.6 3.7 52	
-6.7 -6.6 3.9 4.0 28	
-6.7 -6.6 4.2 4.3 15	
-6.7 -6.6 5.5 5.6 1	
-6.8 -6.7 -0.4 -0.3 16836	
-6.8 -6.7 -1.5 -1.4 6355	
-6.8 -6.7 -1.9 -1.8 3319	
-6.8 -6.7 -2.1 -2.0 2270	
-6.8 -6.7 -3.2 -3.1 153	
-6.8 -6.7 -3.6 -3.5 45	
-6.8 -6.7 -4.7 -4.6 3	
-6.8 -6.7 -5.0 -4.9 4	
-6.8 -6.7 0.4 0.5 16249	
-6.8 -6.7 1.0 1.1 10576	
-6.8 -6.7 1.7 1.8 3968	
-6.8 -6.7 2.3 2.4 1211	
-6.8 -6.7 3.6 3.7 44	
-6.8 -6.7 3.9 4.0 19	
-6.8 -6.7 4.2 4.3 16	
-6.8 -6.7 5.3 5.4 2	
-6.9 -6.8 -0.2 -0.1 16308	
-6.9 -6.8 -1.7 -1.6 4212	
-6.9 -6.8 -2.0 -1.9 2550	
-6.9 -6.8 -2.8 -2.7 364	
-6.9 -6.8 -3.4 -3.3 76	
-6.9 -6.8 -4.5 -4.4 10	
-6.9 -6.8 -4.9 -4.8 1	
-6.9 -6.8 0.4 0.5 15228	
-6.9 -6.8 1.0 1.1 9421	
-6.9 -6.8 1.7 1.8 3507	
-6.9 -6.8 2.3 2.4 1043	
-6.9 -6.8 3.4 3.5 54	
-6.9 -6.8 3.9 4.0 22	
-6.9 -6.8 4.0 4.1 11	
-6.9 -6.8 4.7 4.8 2	
-7.0 -6.9 -0.1 0.0 15189	
-7.0 -6.9 -0.2 -0.1 15006	
-7.0 -6.9 -1.7 -1.6 4021	
-7.0 -6.9 -2.0 -1.9 2321	
-7.0 -6.9 -2.8 -2.7 402	
-7.0 -6.9 -3.4 -3.3 63	
-7.0 -6.9 -4.5 -4.4 5	
-7.0 -6.9 -4.9 -4.8 1	
-7.0 -6.9 0.2 0.3 14671	
-7.0 -6.9 1.5 1.6 4472	
-7.0 -6.9 2.1 2.2 1542	
-7.0 -6.9 2.8 2.9 286	
-7.0 -6.9 3.4 3.5 46	
-7.0 -6.9 4.5 4.6 5	
-7.0 -6.9 4.7 4.8 1	
-7.0 -6.9 5.1 5.2 1	
-7.1 -7.0 -0.4 -0.3 12951	
-7.1 -7.0 -0.8 -0.7 10399	
-7.1 -7.0 -1.9 -1.8 2526	
-7.1 -7.0 -2.1 -2.0 1655	
-7.1 -7.0 -2.5 -2.4 676	
-7.1 -7.0 -3.6 -3.5 31	
-7.1 -7.0 -4.2 -4.1 6	
-7.1 -7.0 -5.0 -4.9 3	
-7.1 -7.0 0.4 0.5 12469	
-7.1 -7.0 1.0 1.1 7857	
-7.1 -7.0 1.7 1.8 3047	
-7.1 -7.0 2.1 2.2 1403	
-7.1 -7.0 2.8 2.9 234	
-7.1 -7.0 3.4 3.5 51	
-7.1 -7.0 4.0 4.1 8	
-7.1 -7.0 4.7 4.8 1	
-7.2 -7.1 -0.6 -0.5 10490	
-7.2 -7.1 -1.7 -1.6 3046	
-7.2 -7.1 -2.0 -1.9 1783	
-7.2 -7.1 -2.3 -2.2 981	
-7.2 -7.1 -3.4 -3.3 52	
-7.2 -7.1 -3.8 -3.7 15	
-7.2 -7.1 -5.1 -5.0 4	
-7.2 -7.1 -5.5 -5.4 1	
-7.2 -7.1 0.2 0.3 12138	
-7.2 -7.1 1.5 1.6 3576	
-7.2 -7.1 2.1 2.2 1227	
-7.2 -7.1 2.8 2.9 204	
-7.2 -7.1 3.4 3.5 36	
-7.2 -7.1 4.0 4.1 5	
-7.2 -7.1 4.7 4.8 2	
-7.3 -7.2 -0.4 -0.3 10182	
-7.3 -7.2 -1.9 -1.8 1957	
-7.3 -7.2 -2.1 -2.0 1348	
-7.3 -7.2 -3.2 -3.1 79	
-7.3 -7.2 -3.6 -3.5 22	
-7.3 -7.2 -4.7 -4.6 1	
-7.3 -7.2 0.2 0.3 10566	
-7.3 -7.2 1.5 1.6 3347	
-7.3 -7.2 2.1 2.2 1144	
-7.3 -7.2 2.8 2.9 168	
-7.3 -7.2 3.2 3.3 71	
-7.3 -7.2 4.5 4.6 3	
-7.3 -7.2 5.1 5.2 1	
-7.4 -7.3 -0.2 -0.1 9620	
-7.4 -7.3 -0.6 -0.5 8235	
-7.4 -7.3 -1.7 -1.6 2446	
-7.4 -7.3 -2.0 -1.9 1484	
-7.4 -7.3 -2.8 -2.7 218	
-7.4 -7.3 -3.4 -3.3 32	
-7.4 -7.3 -4.5 -4.4 1	
-7.4 -7.3 -4.9 -4.8 1	
-7.4 -7.3 0.2 0.3 9362	
-7.4 -7.3 1.3 1.4 3794	
-7.4 -7.3 2.6 2.7 274	
-7.4 -7.3 2.9 3.0 122	
-7.4 -7.3 3.2 3.3 51	
-7.4 -7.3 4.5 4.6 1	
-7.5 -7.4 -0.4 -0.3 7968	
-7.5 -7.4 -1.5 -1.4 2905	
-7.5 -7.4 -2.1 -2.0 1049	
-7.5 -7.4 -3.2 -3.1 66	
-7.5 -7.4 -4.3 -4.2 1	
-7.5 -7.4 -4.7 -4.6 1	
-7.5 -7.4 0.0 0.1 8427	
-7.5 -7.4 0.7 0.8 6380	
-7.5 -7.4 1.3 1.4 3417	
-7.5 -7.4 2.6 2.7 251	
-7.5 -7.4 2.9 3.0 99	
-7.5 -7.4 3.2 3.3 44	
-7.5 -7.4 4.3 4.4 2	
-7.6 -7.5 -0.1 0.0 7245	
-7.6 -7.5 -0.2 -0.1 6969	
-7.6 -7.5 -1.3 -1.2 3296	
-7.6 -7.5 -1.7 -1.6 1823	
-7.6 -7.5 -2.8 -2.7 191	
-7.6 -7.5 -3.4 -3.3 30	
-7.6 -7.5 -3.9 -3.8 5	
-7.6 -7.5 -4.5 -4.4 1	
-7.6 -7.5 0.0 0.1 7270	
-7.6 -7.5 0.7 0.8 5382	
-7.6 -7.5 1.3 1.4 2975	
-7.6 -7.5 2.4 2.5 322	
-7.6 -7.5 2.6 2.7 194	
-7.6 -7.5 2.9 3.0 89	
-7.6 -7.5 3.0 3.1 69	
-7.6 -7.5 3.7 3.8 6	
-7.7 -7.6 -0.9 -0.8 4326	
-7.7 -7.6 -1.1 -1.0 3586	
-7.7 -7.6 -1.5 -1.4 2154	
-7.7 -7.6 -2.6 -2.5 229	
-7.7 -7.6 -3.2 -3.1 42	
-7.7 -7.6 -4.0 -3.9 6	
-7.7 -7.6 -4.3 -4.2 3	
-7.7 -7.6 0.5 0.6 5201	
-7.7 -7.6 0.7 0.8 4581	
-7.7 -7.6 1.1 1.2 3165	
-7.7 -7.6 1.8 1.9 1133	
-7.7 -7.6 2.4 2.5 292	
-7.7 -7.6 3.0 3.1 59	
-7.7 -7.6 3.7 3.8 7	
-7.8 -7.7 -0.7 -0.6 4147	
-7.8 -7.7 -1.0 -0.9 3207	
-7.8 -7.7 -1.3 -1.2 2373	
-7.8 -7.7 -2.4 -2.3 319	
-7.8 -7.7 -2.8 -2.7 108	
-7.8 -7.7 -3.9 -3.8 2	
-7.8 -7.7 -4.1 -4.0 1	
-7.8 -7.7 0.5 0.6 4350	
-7.8 -7.7 1.1 1.2 2677	
-7.8 -7.7 1.8 1.9 958	
-7.8 -7.7 2.4 2.5 276	
-7.8 -7.7 3.7 3.8 6	
-7.8 -7.7 4.1 4.2 1	
-7.8 -7.7 4.8 4.9 1	
-7.9 -7.8 -0.9 -0.8 3045	
-7.9 -7.8 -1.1 -1.0 2556	
-7.9 -7.8 -2.2 -2.1 457	
-7.9 -7.8 -2.6 -2.5 165	
-7.9 -7.8 -3.7 -3.6 8	
-7.9 -7.8 -4.0 -3.9 5	
-7.9 -7.8 -4.3 -4.2 1	
-7.9 -7.8 0.5 0.6 3722	
-7.9 -7.8 1.8 1.9 768	
-7.9 -7.8 2.2 2.3 371	
-7.9 -7.8 3.5 3.6 9	
-7.9 -7.8 4.1 4.2 1	
-8.0 -7.9 -0.9 -0.8 2543	
-8.0 -7.9 -1.1 -1.0 2092	
-8.0 -7.9 -2.2 -2.1 366	
-8.0 -7.9 -2.6 -2.5 151	
-8.0 -7.9 -3.7 -3.6 8	
-8.0 -7.9 -4.0 -3.9 4	
-8.0 -7.9 0.3 0.4 3355	
-8.0 -7.9 1.6 1.7 947	
-8.0 -7.9 1.9 2.0 555	
-8.0 -7.9 2.0 2.1 456	
-8.0 -7.9 2.2 2.3 249	
-8.0 -7.9 3.3 3.4 16	
-8.1 -8.0 -0.1 0.0 2845	
-8.1 -8.0 -0.2 -0.1 2883	
-8.1 -8.0 -1.3 -1.2 1289	
-8.1 -8.0 -1.7 -1.6 766	
-8.1 -8.0 -2.8 -2.7 61	
-8.1 -8.0 -3.4 -3.3 12	
-8.1 -8.0 0.3 0.4 2808	
-8.1 -8.0 0.5 0.6 2422	
-8.1 -8.0 1.6 1.7 722	
-8.1 -8.0 1.9 2.0 447	
-8.1 -8.0 2.2 2.3 232	
-8.1 -8.0 3.5 3.6 4	
-8.2 -8.1 -0.9 -0.8 1578	
-8.2 -8.1 -1.1 -1.0 1464	
-8.2 -8.1 -1.5 -1.4 814	
-8.2 -8.1 -2.6 -2.5 93	
-8.2 -8.1 -3.2 -3.1 16	
-8.2 -8.1 -4.0 -3.9 1	
-8.2 -8.1 0.3 0.4 2296	
-8.2 -8.1 1.6 1.7 598	
-8.2 -8.1 1.9 2.0 369	
-8.2 -8.1 2.2 2.3 187	
-8.2 -8.1 3.5 3.6 5	
-8.3 -8.2 -0.2 -0.1 1937	
-8.3 -8.2 -0.7 -0.6 1599	
-8.3 -8.2 -1.0 -0.9 1179	
-8.3 -8.2 -1.3 -1.2 950	
-8.3 -8.2 -2.4 -2.3 123	
-8.3 -8.2 -2.8 -2.7 41	
-8.3 -8.2 -3.9 -3.8 1	
-8.3 -8.2 0.3 0.4 1843	
-8.3 -8.2 1.6 1.7 481	
-8.3 -8.2 1.9 2.0 293	
-8.3 -8.2 2.0 2.1 252	
-8.3 -8.2 2.7 2.8 37	
-8.3 -8.2 3.3 3.4 9	
-8.4 -8.3 -0.9 -0.8 1065	
-8.4 -8.3 -1.1 -1.0 939	
-8.4 -8.3 -2.6 -2.5 68	
-8.4 -8.3 -3.7 -3.6 2	
-8.4 -8.3 -4.0 -3.9 2	
-8.4 -8.3 0.1 0.2 1554	
-8.4 -8.3 0.8 0.9 1103	
-8.4 -8.3 1.4 1.5 497	
-8.4 -8.3 2.0 2.1 207	
-8.4 -8.3 2.7 2.8 39	
-8.4 -8.3 3.3 3.4 6	
-8.5 -8.4 -0.1 0.0 1177	
-8.5 -8.4 -0.7 -0.6 994	
-8.5 -8.4 -1.0 -0.9 798	
-8.5 -8.4 -1.3 -1.2 562	
-8.5 -8.4 -2.4 -2.3 75	
-8.5 -8.4 -3.5 -3.4 3	
-8.5 -8.4 -3.9 -3.8 1	
-8.5 -8.4 0.1 0.2 1133	
-8.5 -8.4 0.8 0.9 797	
-8.5 -8.4 1.4 1.5 415	
-8.5 -8.4 2.0 2.1 134	
-8.5 -8.4 2.7 2.8 27	
-8.5 -8.4 3.1 3.2 18	
-8.5 -8.4 3.8 3.9 1	
-8.6 -8.5 -0.5 -0.4 758	
-8.6 -8.5 -0.9 -0.8 637	
-8.6 -8.5 -1.1 -1.0 531	
-8.6 -8.5 -2.2 -2.1 72	
-8.6 -8.5 -3.7 -3.6 2	
-8.6 -8.5 -4.0 -3.9 1	
-8.6 -8.5 0.1 0.2 933	
-8.6 -8.5 0.8 0.9 660	
-8.6 -8.5 1.2 1.3 430	
-8.6 -8.5 2.5 2.6 21	
-8.6 -8.5 3.1 3.2 7	
-8.6 -8.5 3.8 3.9 1	
-8.7 -8.6 -0.3 -0.2 708	
-8.7 -8.6 -0.7 -0.6 580	
-8.7 -8.6 -1.8 -1.7 159	
-8.7 -8.6 -2.4 -2.3 42	
-8.7 -8.6 -3.5 -3.4 3	
-8.7 -8.6 -4.1 -4.0 1	
-8.7 -8.6 0.6 0.7 570	
-8.7 -8.6 0.9 1.0 463	
-8.7 -8.6 1.2 1.3 329	
-8.7 -8.6 2.5 2.6 28	
-8.7 -8.6 3.1 3.2 6	
-8.8 -8.7 -0.5 -0.4 540	
-8.8 -8.7 -1.6 -1.5 168	
-8.8 -8.7 -2.2 -2.1 53	
-8.8 -8.7 -3.0 -2.9 6	
-8.8 -8.7 -3.3 -3.2 5	
-8.8 -8.7 0.6 0.7 466	
-8.8 -8.7 0.9 1.0 328	
-8.8 -8.7 1.2 1.3 222	
-8.8 -8.7 2.3 2.4 34	
-8.9 -8.8 -0.3 -0.2 375	
-8.9 -8.8 -1.4 -1.3 157	
-8.9 -8.8 -1.8 -1.7 103	
-8.9 -8.8 -2.9 -2.8 9	
-8.9 -8.8 -3.1 -3.0 10	
-8.9 -8.8 -3.5 -3.4 1	
-8.9 -8.8 0.4 0.5 355	
-8.9 -8.8 1.0 1.1 228	
-8.9 -8.8 1.7 1.8 93	
-8.9 -8.8 2.3 2.4 29	
-9.0 -8.9 -0.3 -0.2 320	
-9.0 -8.9 -1.4 -1.3 143	
-9.0 -8.9 -1.8 -1.7 74	
-9.0 -8.9 -2.9 -2.8 5	
-9.0 -8.9 -3.1 -3.0 3	
-9.0 -8.9 -3.5 -3.4 2	
-9.0 -8.9 0.4 0.5 283	
-9.0 -8.9 1.5 1.6 93	
-9.0 -8.9 2.1 2.2 30	
-9.0 -8.9 2.8 2.9 8	
-9.1 -9.0 -0.5 -0.4 202	
-9.1 -9.0 -0.9 -0.8 169	
-9.1 -9.0 -1.1 -1.0 137	
-9.1 -9.0 -2.2 -2.1 20	
-9.1 -9.0 -2.6 -2.5 10	
-9.1 -9.0 -3.7 -3.6 1	
-9.1 -9.0 0.4 0.5 203	
-9.1 -9.0 1.0 1.1 132	
-9.1 -9.0 1.7 1.8 40	
-9.1 -9.0 2.3 2.4 16	
-9.2 -9.1 -0.3 -0.2 178	
-9.2 -9.1 -0.7 -0.6 143	
-9.2 -9.1 -1.0 -0.9 99	
-9.2 -9.1 -1.8 -1.7 37	
-9.2 -9.1 -2.4 -2.3 10	
-9.2 -9.1 -3.5 -3.4 1	
-9.2 -9.1 0.4 0.5 165	
-9.2 -9.1 1.0 1.1 93	
-9.2 -9.1 1.7 1.8 34	
-9.2 -9.1 2.1 2.2 19	
-9.2 -9.1 2.8 2.9 2	
-9.3 -9.2 -0.5 -0.4 120	
-9.3 -9.2 -1.6 -1.5 36	
-9.3 -9.2 -2.2 -2.1 9	
-9.3 -9.2 0.2 0.3 136	
-9.3 -9.2 1.5 1.6 36	
-9.3 -9.2 2.1 2.2 11	
-9.3 -9.2 2.8 2.9 2	
-9.4 -9.3 -0.3 -0.2 81	
-9.4 -9.3 -1.4 -1.3 28	
-9.4 -9.3 -1.8 -1.7 18	
-9.4 -9.3 -3.1 -3.0 1	
-9.4 -9.3 0.2 0.3 77	
-9.4 -9.3 1.5 1.6 19	
-9.4 -9.3 2.1 2.2 7	
-9.4 -9.3 2.8 2.9 1	
-9.5 -9.4 -0.5 -0.4 74	
-9.5 -9.4 -1.6 -1.5 26	
-9.5 -9.4 -2.7 -2.6 1	
-9.5 -9.4 -3.0 -2.9 2	
-9.5 -9.4 0.2 0.3 54	
-9.5 -9.4 1.3 1.4 32	
-9.5 -9.4 2.6 2.7 3	
-9.5 -9.4 2.9 3.0 1	
-9.6 -9.5 -0.3 -0.2 43	
-9.6 -9.5 -1.4 -1.3 16	
-9.6 -9.5 0.0 0.1 53	
-9.6 -9.5 0.7 0.8 45	
-9.6 -9.5 1.3 1.4 21	
-9.6 -9.5 2.6 2.7 2	
-9.6 -9.5 3.2 3.3 2	
-9.7 -9.6 -0.1 0.0 38	
-9.7 -9.6 -1.2 -1.1 13	
-9.7 -9.6 -1.6 -1.5 7	
-9.7 -9.6 0.0 0.1 24	
-9.7 -9.6 0.7 0.8 27	
-9.7 -9.6 1.3 1.4 19	
-9.7 -9.6 2.9 3.0 2	
-9.8 -9.7 -0.8 -0.7 22	
-9.8 -9.7 -1.4 -1.3 10	
-9.8 -9.7 0.5 0.6 21	
-9.8 -9.7 0.7 0.8 17	
-9.8 -9.7 1.1 1.2 8	
-9.8 -9.7 1.8 1.9 5	
-9.8 -9.7 2.4 2.5 1	
-9.9 -9.8 -0.6 -0.5 13	
-9.9 -9.8 -1.2 -1.1 5	
-9.9 -9.8 -2.3 -2.2 1	
-9.9 -9.8 0.5 0.6 16	
-9.9 -9.8 1.1 1.2 8	
-9.9 -9.8 1.8 1.9 3	
0.0 0.1 -0.1 0.0 1034	
0.0 0.1 -1.2 -1.1 4679	
0.0 0.1 -1.6 -1.5 8668	
0.0 0.1 -2.7 -2.6 23011	
0.0 0.1 -3.0 -2.9 24596	
0.0 0.1 -3.3 -3.2 24046	
0.0 0.1 -4.4 -4.3 16041	
0.0 0.1 -4.8 -4.7 16223	
0.0 0.1 -5.9 -5.8 23916	
0.0 0.1 -6.1 -6.0 23950	
0.0 0.1 -7.6 -7.5 7291	
0.0 0.1 -8.7 -8.6 664	
0.0 0.1 -9.0 -8.9 304	
0.0 0.1 -9.3 -9.2 104	
0.0 0.1 0.2 0.3 1200	
0.0 0.1 1.5 1.6 8536	
0.0 0.1 2.1 2.2 16950	
0.0 0.1 2.8 2.9 24224	
0.0 0.1 3.2 3.3 23920	
0.0 0.1 4.5 4.6 15910	
0.0 0.1 5.1 5.2 19119	
0.0 0.1 5.8 5.9 24096	
0.0 0.1 6.4 6.5 21700	
0.0 0.1 7.0 7.1 13940	
0.0 0.1 7.7 7.8 5309	
0.0 0.1 8.1 8.2 2328	
0.0 0.1 9.4 9.5 47	
0.1 0.2 -0.4 -0.3 1304	
0.1 0.2 -1.5 -1.4 7363	
0.1 0.2 -1.9 -1.8 12497	
0.1 0.2 -10.0 -9.9 15	
0.1 0.2 -10.2 -10.1 5	
0.1 0.2 -10.7 -10.6 1	
0.1 0.2 -2.1 -2.0 15540	
0.1 0.2 -3.2 -3.1 24063	
0.1 0.2 -3.6 -3.5 21839	
0.1 0.2 -4.7 -4.6 15751	
0.1 0.2 -5.0 -4.9 17130	
0.1 0.2 -5.3 -5.2 19556	
0.1 0.2 -6.4 -6.3 22293	
0.1 0.2 -7.5 -7.4 8202	
0.1 0.2 -7.9 -7.8 4203	
0.1 0.2 -8.1 -8.0 2863	
0.1 0.2 -9.2 -9.1 159	
0.1 0.2 -9.6 -9.5 47	
0.1 0.2 0.6 0.7 2146	
0.1 0.2 0.9 1.0 3338	
0.1 0.2 1.0 1.1 3893	
0.1 0.2 10.0 10.1 8	
0.1 0.2 2.3 2.4 19784	
0.1 0.2 3.6 3.7 21278	
0.1 0.2 3.9 4.0 18411	
0.1 0.2 4.2 4.3 16323	
0.1 0.2 5.5 5.6 22133	
0.1 0.2 6.8 6.9 16479	
0.1 0.2 7.2 7.3 10725	
0.1 0.2 8.5 8.6 890	
0.1 0.2 9.1 9.2 155	
0.1 0.2 9.8 9.9 18	
0.2 0.3 -0.7 -0.6 2160	
0.2 0.3 -1.0 -0.9 3406	
0.2 0.3 -1.8 -1.7 11122	
0.2 0.3 -10.2 -10.1 2	
0.2 0.3 -10.7 -10.6 2	
0.2 0.3 -2.4 -2.3 19028	
0.2 0.3 -3.5 -3.4 22447	
0.2 0.3 -3.9 -3.8 18764	
0.2 0.3 -4.1 -4.0 17345	
0.2 0.3 -5.2 -5.1 18495	
0.2 0.3 -5.6 -5.5 21682	
0.2 0.3 -6.7 -6.6 18635	
0.2 0.3 -7.0 -6.9 14701	
0.2 0.3 -7.8 -7.7 5045	
0.2 0.3 -8.4 -8.3 1550	
0.2 0.3 -9.5 -9.4 50	
0.2 0.3 -9.9 -9.8 15	
0.2 0.3 0.1 0.2 1228	
0.2 0.3 0.8 0.9 2794	
0.2 0.3 1.4 1.5 7209	
0.2 0.3 10.3 10.4 1	
0.2 0.3 2.0 2.1 15331	
0.2 0.3 2.7 2.8 23320	
0.2 0.3 3.3 3.4 23125	
0.2 0.3 4.6 4.7 15345	
0.2 0.3 4.9 5.0 16807	
0.2 0.3 5.0 5.1 17396	
0.2 0.3 5.7 5.8 22830	
0.2 0.3 6.3 6.4 21712	
0.2 0.3 7.6 7.7 5913	
0.2 0.3 7.9 8.0 3372	
0.2 0.3 8.2 8.3 1893	
0.2 0.3 9.5 9.6 38	
0.3 0.4 -1.2 -1.1 4618	
0.3 0.4 -10.2 -10.1 3	
0.3 0.4 -10.7 -10.6 2	
0.3 0.4 -2.3 -2.2 17608	
0.3 0.4 -2.7 -2.6 22000	
0.3 0.4 -3.0 -2.9 23324	
0.3 0.4 -3.8 -3.7 19307	
0.3 0.4 -4.4 -4.3 15234	
0.3 0.4 -5.5 -5.4 20418	
0.3 0.4 -6.1 -6.0 22161	
0.3 0.4 -7.2 -7.1 11597	
0.3 0.4 -8.3 -8.2 1794	
0.3 0.4 -8.7 -8.6 684	
0.3 0.4 -9.0 -8.9 313	
0.3 0.4 -9.8 -9.7 21	
0.3 0.4 0.5 0.6 1813	
0.3 0.4 1.1 1.2 4589	
0.3 0.4 1.8 1.9 12149	
0.3 0.4 2.4 2.5 19810	
0.3 0.4 3.5 3.6 21356	
0.3 0.4 4.1 4.2 16097	
0.3 0.4 4.8 4.9 15816	
0.3 0.4 5.4 5.5 20409	
0.3 0.4 6.0 6.1 22332	
0.3 0.4 6.7 6.8 17022	
0.3 0.4 7.3 7.4 9150	
0.3 0.4 8.6 8.7 694	
0.3 0.4 8.9 9.0 266	
0.3 0.4 9.0 9.1 203	
0.3 0.4 9.7 9.8 24	
0.4 0.5 -0.4 -0.3 1680	
0.4 0.5 -0.9 -0.8 2997	
0.4 0.5 -1.5 -1.4 7044	
0.4 0.5 -10.2 -10.1 2	
0.4 0.5 -2.6 -2.5 20566	
0.4 0.5 -3.2 -3.1 22682	
0.4 0.5 -4.3 -4.2 14957	
0.4 0.5 -4.7 -4.6 14377	
0.4 0.5 -5.8 -5.7 21455	
0.4 0.5 -6.4 -6.3 20131	
0.4 0.5 -6.9 -6.8 15010	
0.4 0.5 -7.5 -7.4 7516	
0.4 0.5 -8.6 -8.5 783	
0.4 0.5 -9.2 -9.1 155	
0.4 0.5 0.2 0.3 1550	
0.4 0.5 1.3 1.4 6320	
0.4 0.5 1.5 1.6 8172	
0.4 0.5 10.0 10.1 9	
0.4 0.5 2.6 2.7 21080	
0.4 0.5 2.9 3.0 22564	
0.4 0.5 3.2 3.3 22088	
0.4 0.5 4.5 4.6 14133	
0.4 0.5 5.1 5.2 17300	
0.4 0.5 5.8 5.9 21738	
0.4 0.5 6.4 6.5 19800	
0.4 0.5 7.5 7.6 6442	
0.4 0.5 8.1 8.2 2132	
0.4 0.5 8.8 8.9 379	
0.4 0.5 9.4 9.5 52	
0.5 0.6 -0.1 0.0 1696	
0.5 0.6 -0.3 -0.2 1745	
0.5 0.6 -1.8 -1.7 10091	
0.5 0.6 -2.9 -2.8 21974	
0.5 0.6 -3.1 -3.0 21984	
0.5 0.6 -3.5 -3.4 20325	
0.5 0.6 -4.6 -4.5 13766	
0.5 0.6 -5.2 -5.1 16251	
0.5 0.6 -6.0 -5.9 20829	
0.5 0.6 -6.3 -6.2 19977	
0.5 0.6 -6.7 -6.6 16625	
0.5 0.6 -7.8 -7.7 4446	
0.5 0.6 -8.9 -8.8 356	
0.5 0.6 -9.5 -9.4 53	
0.5 0.6 0.4 0.5 1999	
0.5 0.6 1.0 1.1 4003	
0.5 0.6 1.7 1.8 10398	
0.5 0.6 2.3 2.4 17969	
0.5 0.6 3.6 3.7 18742	
0.5 0.6 3.9 4.0 16516	
0.5 0.6 4.2 4.3 14388	
0.5 0.6 5.3 5.4 17832	
0.5 0.6 6.6 6.7 16599	
0.5 0.6 6.9 7.0 13032	
0.5 0.6 7.2 7.3 9374	
0.5 0.6 8.5 8.6 812	
0.5 0.6 9.1 9.2 158	
0.5 0.6 9.8 9.9 7	
0.6 0.7 -0.6 -0.5 2386	
0.6 0.7 -1.2 -1.1 4596	
0.6 0.7 -1.7 -1.6 8872	
0.6 0.7 -10.4 -10.3 1	
0.6 0.7 -2.0 -1.9 12065	
0.6 0.7 -2.3 -2.2 15660	
0.6 0.7 -3.4 -3.3 20311	
0.6 0.7 -3.8 -3.7 17396	
0.6 0.7 -4.9 -4.8 13702	
0.6 0.7 -5.1 -5.0 14892	
0.6 0.7 -5.5 -5.4 17592	
0.6 0.7 -6.6 -6.5 16605	
0.6 0.7 -7.2 -7.1 10067	
0.6 0.7 -8.0 -7.9 2852	
0.6 0.7 -8.3 -8.2 1516	
0.6 0.7 -9.4 -9.3 88	
0.6 0.7 -9.8 -9.7 20	
0.6 0.7 0.1 0.2 2000	
0.6 0.7 0.8 0.9 3101	
0.6 0.7 1.4 1.5 6734	
0.6 0.7 10.2 10.3 4	
0.6 0.7 11.3 11.4 1	
0.6 0.7 2.0 2.1 13513	
0.6 0.7 2.7 2.8 20374	
0.6 0.7 3.1 3.2 20638	
0.6 0.7 4.4 4.5 13180	
0.6 0.7 5.0 5.1 14994	
0.6 0.7 5.7 5.8 19004	
0.6 0.7 6.3 6.4 18160	
0.6 0.7 7.6 7.7 4988	
0.6 0.7 7.9 8.0 2931	
0.6 0.7 8.0 8.1 2316	
0.6 0.7 9.3 9.4 95	
0.7 0.8 -0.9 -0.8 3332	
0.7 0.8 -1.1 -1.0 4070	
0.7 0.8 -2.6 -2.5 17727	
0.7 0.8 -3.7 -3.6 17487	
0.7 0.8 -4.0 -3.9 14724	
0.7 0.8 -4.3 -4.2 13034	
0.7 0.8 -5.4 -5.3 15840	
0.7 0.8 -5.8 -5.7 18065	
0.7 0.8 -6.9 -6.8 12484	
0.7 0.8 -7.1 -7.0 10419	
0.7 0.8 -7.5 -7.4 6247	
0.7 0.8 -8.6 -8.5 703	
0.7 0.8 -9.7 -9.6 20	
0.7 0.8 0.5 0.6 2639	
0.7 0.8 1.8 1.9 10369	
0.7 0.8 2.2 2.3 15227	
0.7 0.8 3.5 3.6 18239	
0.7 0.8 4.1 4.2 13540	
0.7 0.8 4.8 4.9 12976	
0.7 0.8 5.4 5.5 16654	
0.7 0.8 6.0 6.1 18187	
0.7 0.8 6.7 6.8 13531	
0.7 0.8 7.1 7.2 9470	
0.7 0.8 7.8 7.9 3239	
0.7 0.8 8.4 8.5 878	
0.7 0.8 9.0 9.1 174	
0.7 0.8 9.7 9.8 7	
0.8 0.9 -0.3 -0.2 2840	
0.8 0.9 -1.4 -1.3 5847	
0.8 0.9 -10.4 -10.3 1	
0.8 0.9 -2.5 -2.4 16464	
0.8 0.9 -2.9 -2.8 18918	
0.8 0.9 -3.1 -3.0 19183	
0.8 0.9 -4.2 -4.1 12776	
0.8 0.9 -4.6 -4.5 11496	
0.8 0.9 -5.7 -5.6 16123	
0.8 0.9 -6.0 -5.9 16800	
0.8 0.9 -6.3 -6.2 16276	
0.8 0.9 -7.4 -7.3 6615	
0.8 0.9 -8.9 -8.8 297	
0.8 0.9 -9.1 -9.0 148	
0.8 0.9 0.0 0.1 2802	
0.8 0.9 0.7 0.8 3341	
0.8 0.9 1.3 1.4 5773	
0.8 0.9 2.6 2.7 18068	
0.8 0.9 2.9 3.0 19265	
0.8 0.9 3.2 3.3 18979	
0.8 0.9 4.5 4.6 11578	
0.8 0.9 5.6 5.7 16414	
0.8 0.9 5.9 6.0 16768	
0.8 0.9 6.2 6.3 16252	
0.8 0.9 7.5 7.6 4935	
0.8 0.9 8.1 8.2 1595	
0.8 0.9 8.8 8.9 266	
0.8 0.9 9.4 9.5 51	
0.9 1.0 -0.1 0.0 3267	
0.9 1.0 -0.6 -0.5 3584	
0.9 1.0 -1.2 -1.1 4782	
0.9 1.0 -10.1 -10.0 1	
0.9 1.0 -2.3 -2.2 14195	
0.9 1.0 -2.7 -2.6 16970	
0.9 1.0 -3.8 -3.7 14816	
0.9 1.0 -4.4 -4.3 11260	
0.9 1.0 -5.5 -5.4 13822	
0.9 1.0 -6.1 -6.0 15258	
0.9 1.0 -6.6 -6.5 13074	
0.9 1.0 -7.2 -7.1 7813	
0.9 1.0 -8.3 -8.2 1256	
0.9 1.0 -8.7 -8.6 485	
0.9 1.0 -9.8 -9.7 15	
0.9 1.0 0.6 0.7 3497	
0.9 1.0 0.9 1.0 4261	
0.9 1.0 1.2 1.3 5298	
0.9 1.0 10.2 10.3 3	
0.9 1.0 10.6 10.7 1	
0.9 1.0 2.5 2.6 16400	
0.9 1.0 3.6 3.7 15699	
0.9 1.0 3.8 3.9 14207	
0.9 1.0 4.2 4.3 11534	
0.9 1.0 5.5 5.6 14554	
0.9 1.0 6.1 6.2 14850	
0.9 1.0 6.8 6.9 10573	
0.9 1.0 7.4 7.5 5371	
0.9 1.0 8.7 8.8 353	
0.9 1.0 9.1 9.2 97	
0.9 1.0 9.8 9.9 10	
1.0 1.1 -1.2 -1.1 5077	
1.0 1.1 -1.6 -1.5 7098	
1.0 1.1 -10.0 -9.9 9	
1.0 1.1 -2.7 -2.6 16312	
1.0 1.1 -3.0 -2.9 17488	
1.0 1.1 -3.8 -3.7 14270	
1.0 1.1 -4.4 -4.3 10540	
1.0 1.1 -5.5 -5.4 12753	
1.0 1.1 -5.9 -5.8 13991	
1.0 1.1 -6.1 -6.0 13715	
1.0 1.1 -7.2 -7.1 7059	
1.0 1.1 -7.6 -7.5 4181	
1.0 1.1 -8.7 -8.6 422	
1.0 1.1 -9.0 -8.9 191	
1.0 1.1 -9.8 -9.7 11	
1.0 1.1 0.5 0.6 3943	
1.0 1.1 1.1 1.2 4815	
1.0 1.1 1.8 1.9 9675	
1.0 1.1 2.2 2.3 13363	
1.0 1.1 3.5 3.6 15655	
1.0 1.1 4.1 4.2 11489	
1.0 1.1 4.8 4.9 10419	
1.0 1.1 5.4 5.5 12664	
1.0 1.1 6.0 6.1 13774	
1.0 1.1 6.7 6.8 10424	
1.0 1.1 7.1 7.2 7126	
1.0 1.1 8.4 8.5 684	
1.0 1.1 9.0 9.1 113	
1.0 1.1 9.7 9.8 13	
1.1 1.2 -0.4 -0.3 4587	
1.1 1.2 -1.5 -1.4 6743	
1.1 1.2 -2.1 -2.0 11129	
1.1 1.2 -3.2 -3.1 16876	
1.1 1.2 -4.3 -4.2 10294	
1.1 1.2 -4.7 -4.6 9422	
1.1 1.2 -5.0 -4.9 9679	
1.1 1.2 -5.8 -5.7 12318	
1.1 1.2 -6.4 -6.3 11726	
1.1 1.2 -7.5 -7.4 4366	
1.1 1.2 -7.9 -7.8 2227	
1.1 1.2 -8.1 -8.0 1508	
1.1 1.2 -9.2 -9.1 83	
1.1 1.2 0.0 0.1 4680	
1.1 1.2 1.3 1.4 5893	
1.1 1.2 10.0 10.1 5	
1.1 1.2 2.6 2.7 15809	
1.1 1.2 2.9 3.0 16895	
1.1 1.2 3.2 3.3 16464	
1.1 1.2 4.5 4.6 9200	
1.1 1.2 5.1 5.2 10270	
1.1 1.2 5.8 5.9 12469	
1.1 1.2 6.2 6.3 12037	
1.1 1.2 7.5 7.6 3742	
1.1 1.2 8.1 8.2 1236	
1.1 1.2 8.8 8.9 213	
1.1 1.2 9.4 9.5 28	
1.2 1.3 -0.3 -0.2 5438	
1.2 1.3 -0.7 -0.6 5294	
1.2 1.3 -1.8 -1.7 8628	
1.2 1.3 -2.4 -2.3 13773	
1.2 1.3 -2.9 -2.8 16121	
1.2 1.3 -3.5 -3.4 15250	
1.2 1.3 -4.6 -4.5 8660	
1.2 1.3 -5.2 -5.1 9144	
1.2 1.3 -6.3 -6.2 10686	
1.2 1.3 -6.7 -6.6 8864	
1.2 1.3 -7.8 -7.7 2336	
1.2 1.3 -8.4 -8.3 692	
1.2 1.3 -9.5 -9.4 36	
1.2 1.3 0.4 0.5 5180	
1.2 1.3 1.0 1.1 5488	
1.2 1.3 1.7 1.8 8526	
1.2 1.3 10.3 10.4 1	
1.2 1.3 2.3 2.4 13458	
1.2 1.3 3.6 3.7 13747	
1.2 1.3 3.9 4.0 11796	
1.2 1.3 4.0 4.1 10805	
1.2 1.3 4.7 4.8 8503	
1.2 1.3 5.3 5.4 9863	
1.2 1.3 6.6 6.7 8813	
1.2 1.3 6.9 7.0 6908	
1.2 1.3 7.2 7.3 4959	
1.2 1.3 8.5 8.6 425	
1.2 1.3 9.6 9.7 16	
1.2 1.3 9.8 9.9 11	
1.2 1.3 9.9 10.0 4	
1.3 1.4 -0.6 -0.5 5969	
1.3 1.4 -1.2 -1.1 5934	
1.3 1.4 -10.4 -10.3 1	
1.3 1.4 -2.0 -1.9 9954	
1.3 1.4 -2.3 -2.2 12460	
1.3 1.4 -3.8 -3.7 12656	
1.3 1.4 -4.9 -4.8 7685	
1.3 1.4 -5.1 -5.0 8131	
1.3 1.4 -5.5 -5.4 9067	
1.3 1.4 -6.6 -6.5 8188	
1.3 1.4 -7.2 -7.1 5025	
1.3 1.4 -8.0 -7.9 1466	
1.3 1.4 -8.3 -8.2 789	
1.3 1.4 -8.7 -8.6 279	
1.3 1.4 -9.8 -9.7 11	
1.3 1.4 0.1 0.2 6497	
1.3 1.4 0.8 0.9 5845	
1.3 1.4 1.4 1.5 6924	
1.3 1.4 10.2 10.3 1	
1.3 1.4 2.5 2.6 14341	
1.3 1.4 3.1 3.2 15640	
1.3 1.4 3.8 3.9 11653	
1.3 1.4 4.4 4.5 8275	
1.3 1.4 5.0 5.1 8101	
1.3 1.4 5.7 5.8 9845	
1.3 1.4 6.3 6.4 9141	
1.3 1.4 7.6 7.7 2378	
1.3 1.4 7.9 8.0 1383	
1.3 1.4 8.0 8.1 1176	
1.3 1.4 8.7 8.8 229	
1.3 1.4 9.3 9.4 39	
1.4 1.5 -0.1 0.0 7424	
1.4 1.5 -0.9 -0.8 6534	
1.4 1.5 -1.1 -1.0 6495	
1.4 1.5 -1.5 -1.4 7195	
1.4 1.5 -2.6 -2.5 14327	
1.4 1.5 -3.2 -3.1 15618	
1.4 1.5 -3.7 -3.6 13164	
1.4 1.5 -4.0 -3.9 10820	
1.4 1.5 -4.3 -4.2 8803	
1.4 1.5 -5.4 -5.3 7715	
1.4 1.5 -5.8 -5.7 8406	
1.4 1.5 -6.9 -6.8 5835	
1.4 1.5 -7.1 -7.0 4861	
1.4 1.5 -7.5 -7.4 2851	
1.4 1.5 -8.6 -8.5 370	
1.4 1.5 -9.2 -9.1 55	
1.4 1.5 0.3 0.4 7326	
1.4 1.5 0.5 0.6 7054	
1.4 1.5 1.6 1.7 7960	
1.4 1.5 1.9 2.0 10075	
1.4 1.5 2.2 2.3 12211	
1.4 1.5 3.5 3.6 13877	
1.4 1.5 4.1 4.2 9648	
1.4 1.5 4.8 4.9 7184	
1.4 1.5 5.4 5.5 8029	
1.4 1.5 6.5 6.6 7305	
1.4 1.5 7.1 7.2 4430	
1.4 1.5 7.8 7.9 1499	
1.4 1.5 8.4 8.5 415	
1.4 1.5 9.0 9.1 79	
1.4 1.5 9.7 9.8 6	
1.5 1.6 -0.3 -0.2 8412	
1.5 1.6 -1.4 -1.3 7349	
1.5 1.6 -1.8 -1.7 8997	
1.5 1.6 -10.1 -10.0 3	
1.5 1.6 -2.9 -2.8 15405	
1.5 1.6 -3.1 -3.0 15648	
1.5 1.6 -3.5 -3.4 14514	
1.5 1.6 -4.6 -4.5 7121	
1.5 1.6 -5.7 -5.6 7341	
1.5 1.6 -6.0 -5.9 7299	
1.5 1.6 -6.3 -6.2 6987	
1.5 1.6 -7.4 -7.3 2959	
1.5 1.6 -7.8 -7.7 1595	
1.5 1.6 -8.9 -8.8 123	
1.5 1.6 -9.1 -9.0 76	
1.5 1.6 -9.5 -9.4 25	
1.5 1.6 0.0 0.1 8754	
1.5 1.6 0.7 0.8 7661	
1.5 1.6 1.3 1.4 7313	
1.5 1.6 2.6 2.7 14982	
1.5 1.6 2.9 3.0 15757	
1.5 1.6 3.2 3.3 15296	
1.5 1.6 4.3 4.4 8185	
1.5 1.6 5.6 5.7 7200	
1.5 1.6 5.9 6.0 7203	
1.5 1.6 6.2 6.3 7051	
1.5 1.6 7.5 7.6 2235	
1.5 1.6 8.1 8.2 714	
1.5 1.6 8.8 8.9 120	
1.5 1.6 9.2 9.3 30	
1.6 1.7 -0.2 -0.1 9861	
1.6 1.7 -0.6 -0.5 9133	
1.6 1.7 -1.7 -1.6 8797	
1.6 1.7 -10.1 -10.0 1	
1.6 1.7 -2.0 -1.9 10508	
1.6 1.7 -2.3 -2.2 12642	
1.6 1.7 -3.4 -3.3 15034	
1.6 1.7 -4.9 -4.8 5901	
1.6 1.7 -5.1 -5.0 5875	
1.6 1.7 -6.2 -6.1 6248	
1.6 1.7 -6.6 -6.5 5527	
1.6 1.7 -7.7 -7.6 1608	
1.6 1.7 -8.0 -7.9 901	
1.6 1.7 -8.3 -8.2 512	
1.6 1.7 -9.4 -9.3 22	
1.6 1.7 0.4 0.5 9347	
1.6 1.7 1.0 1.1 7700	
1.6 1.7 1.7 1.8 9181	
1.6 1.7 10.2 10.3 2	
1.6 1.7 2.1 2.2 12000	
1.6 1.7 3.4 3.5 14572	
1.6 1.7 4.0 4.1 9966	
1.6 1.7 4.7 4.8 6225	
1.6 1.7 5.3 5.4 5998	
1.6 1.7 6.6 6.7 5070	
1.6 1.7 6.9 7.0 3895	
1.6 1.7 7.0 7.1 3524	
1.6 1.7 7.2 7.3 2854	
1.6 1.7 8.3 8.4 422	
1.6 1.7 9.6 9.7 6	
1.7 1.8 -0.5 -0.4 10457	
1.7 1.8 -0.9 -0.8 9263	
1.7 1.8 -1.1 -1.0 8764	
1.7 1.8 -2.2 -2.1 12151	
1.7 1.8 -2.6 -2.5 14810	
1.7 1.8 -3.7 -3.6 13341	
1.7 1.8 -4.0 -3.9 10954	
1.7 1.8 -4.3 -4.2 8569	
1.7 1.8 -4.8 -4.7 5838	
1.7 1.8 -5.4 -5.3 5236	
1.7 1.8 -6.5 -6.4 4765	
1.7 1.8 -6.9 -6.8 3658	
1.7 1.8 -7.1 -7.0 2909	
1.7 1.8 -8.2 -8.1 499	
1.7 1.8 -8.6 -8.5 186	
1.7 1.8 -9.7 -9.6 5	
1.7 1.8 0.8 0.9 9199	
1.7 1.8 1.2 1.3 8516	
1.7 1.8 10.1 10.2 3	
1.7 1.8 2.5 2.6 15035	
1.7 1.8 3.1 3.2 16191	
1.7 1.8 3.8 3.9 11763	
1.7 1.8 4.4 4.5 7181	
1.7 1.8 5.0 5.1 5201	
1.7 1.8 5.7 5.8 5327	
1.7 1.8 6.1 6.2 5229	
1.7 1.8 6.8 6.9 3520	
1.7 1.8 7.4 7.5 1774	
1.7 1.8 8.0 8.1 624	
1.7 1.8 8.7 8.8 127	
1.7 1.8 9.3 9.4 25	
1.8 1.9 -0.8 -0.7 10793	
1.8 1.9 -1.4 -1.3 9062	
1.8 1.9 -10.1 -10.0 1	
1.8 1.9 -10.6 -10.5 1	
1.8 1.9 -2.5 -2.4 14687	
1.8 1.9 -2.9 -2.8 16409	
1.8 1.9 -3.1 -3.0 16729	
1.8 1.9 -4.2 -4.1 9410	
1.8 1.9 -5.7 -5.6 4644	
1.8 1.9 -6.0 -5.9 4419	
1.8 1.9 -6.8 -6.7 3359	
1.8 1.9 -7.4 -7.3 1743	
1.8 1.9 -8.5 -8.4 220	
1.8 1.9 -8.9 -8.8 77	
1.8 1.9 -9.1 -9.0 47	
1.8 1.9 0.3 0.4 12081	
1.8 1.9 1.6 1.7 9858	
1.8 1.9 1.9 2.0 11414	
1.8 1.9 2.2 2.3 13470	
1.8 1.9 3.5 3.6 14450	
1.8 1.9 4.6 4.7 6069	
1.8 1.9 5.2 5.3 4603	
1.8 1.9 6.5 6.6 3821	
1.8 1.9 7.1 7.2 2200	
1.8 1.9 7.8 7.9 780	
1.8 1.9 8.4 8.5 219	
1.8 1.9 9.7 9.8 4	
1.9 2.0 -0.6 -0.5 12729	
1.9 2.0 -1.2 -1.1 10184	
1.9 2.0 -2.0 -1.9 12107	
1.9 2.0 -2.3 -2.2 14282	
1.9 2.0 -3.4 -3.3 16454	
1.9 2.0 -3.8 -3.7 13352	
1.9 2.0 -4.9 -4.8 5008	
1.9 2.0 -5.1 -5.0 4495	
1.9 2.0 -5.5 -5.4 3887	
1.9 2.0 -6.6 -6.5 2997	
1.9 2.0 -7.2 -7.1 1890	
1.9 2.0 -8.0 -7.9 533	
1.9 2.0 -8.3 -8.2 276	
1.9 2.0 -9.8 -9.7 7	
1.9 2.0 0.2 0.3 13708	
1.9 2.0 1.5 1.6 10332	
1.9 2.0 2.6 2.7 16677	
1.9 2.0 2.8 2.9 17490	
1.9 2.0 3.2 3.3 16843	
1.9 2.0 4.5 4.6 6421	
1.9 2.0 5.1 5.2 4305	
1.9 2.0 5.8 5.9 3735	
1.9 2.0 6.4 6.5 3276	
1.9 2.0 7.7 7.8 825	
1.9 2.0 8.1 8.2 350	
1.9 2.0 8.8 8.9 67	
1.9 2.0 9.4 9.5 7	
10.0 10.1 -0.4 -0.3 7	
10.0 10.1 -1.5 -1.4 3	
10.0 10.1 -2.6 -2.5 1	
10.0 10.1 0.5 0.6 5	
10.0 10.1 1.1 1.2 5	
10.0 10.1 1.8 1.9 1	
10.0 10.1 2.2 2.3 1	
10.1 10.2 -0.2 -0.1 4	
10.1 10.2 -1.0 -0.9 3	
10.1 10.2 0.3 0.4 4	
10.1 10.2 1.6 1.7 1	
10.1 10.2 2.2 2.3 1	
10.2 10.3 -0.9 -0.8 2	
10.2 10.3 -1.1 -1.0 3	
10.2 10.3 -1.5 -1.4 1	
10.2 10.3 0.3 0.4 2	
10.2 10.3 1.6 1.7 1	
10.2 10.3 1.9 2.0 1	
10.3 10.4 -0.1 0.0 1	
10.3 10.4 -0.7 -0.6 3	
10.3 10.4 -1.0 -0.9 1	
10.3 10.4 0.3 0.4 2	
10.4 10.5 -0.5 -0.4 1	
10.4 10.5 -2.2 -2.1 1	
10.4 10.5 0.1 0.2 2	
10.5 10.6 -1.0 -0.9 2	
10.6 10.7 0.6 0.7 1	
10.6 10.7 0.8 0.9 1	
10.7 10.8 -0.3 -0.2 2	
10.7 10.8 -0.7 -0.6 1	
10.7 10.8 1.2 1.3 1	
2.0 2.1 -0.6 -0.5 13982	
2.0 2.1 -1.2 -1.1 11102	
2.0 2.1 -10.1 -10.0 1	
2.0 2.1 -2.3 -2.2 14795	
2.0 2.1 -2.7 -2.6 17549	
2.0 2.1 -3.8 -3.7 14039	
2.0 2.1 -4.4 -4.3 8016	
2.0 2.1 -5.5 -5.4 3464	
2.0 2.1 -6.6 -6.5 2483	
2.0 2.1 -7.2 -7.1 1479	
2.0 2.1 -8.3 -8.2 216	
2.0 2.1 -8.7 -8.6 79	
2.0 2.1 -9.8 -9.7 2	
2.0 2.1 0.1 0.2 15352	
2.0 2.1 0.8 0.9 12260	
2.0 2.1 1.2 1.3 11021	
2.0 2.1 10.2 10.3 1	
2.0 2.1 2.5 2.6 17070	
2.0 2.1 3.1 3.2 17954	
2.0 2.1 3.8 3.9 12791	
2.0 2.1 4.4 4.5 7328	
2.0 2.1 5.0 5.1 3998	
2.0 2.1 5.7 5.8 3204	
2.0 2.1 6.1 6.2 2939	
2.0 2.1 7.4 7.5 1015	
2.0 2.1 8.0 8.1 317	
2.0 2.1 8.7 8.8 66	
2.0 2.1 9.3 9.4 12	
2.1 2.2 -0.1 0.0 17010	
2.1 2.2 -0.9 -0.8 13549	
2.1 2.2 -1.1 -1.0 12547	
2.1 2.2 -1.5 -1.4 11369	
2.1 2.2 -10.1 -10.0 1	
2.1 2.2 -2.6 -2.5 17735	
2.1 2.2 -3.2 -3.1 18887	
2.1 2.2 -4.0 -3.9 12402	
2.1 2.2 -4.3 -4.2 9450	
2.1 2.2 -4.7 -4.6 5842	
2.1 2.2 -5.8 -5.7 2695	
2.1 2.2 -6.9 -6.8 1606	
2.1 2.2 -7.5 -7.4 831	
2.1 2.2 -8.6 -8.5 78	
2.1 2.2 -9.2 -9.1 21	
2.1 2.2 0.3 0.4 16242	
2.1 2.2 1.6 1.7 11764	
2.1 2.2 1.9 2.0 13648	
2.1 2.2 2.2 2.3 15689	
2.1 2.2 3.5 3.6 16640	
2.1 2.2 4.1 4.2 10177	
2.1 2.2 4.8 4.9 4771	
2.1 2.2 5.2 5.3 3289	
2.1 2.2 6.5 6.6 2081	
2.1 2.2 7.1 7.2 1239	
2.1 2.2 7.8 7.9 449	
2.1 2.2 8.4 8.5 117	
2.1 2.2 9.0 9.1 17	
2.1 2.2 9.7 9.8 1	
2.2 2.3 -0.3 -0.2 18351	
2.2 2.3 -1.4 -1.3 12178	
2.2 2.3 -1.8 -1.7 12925	
2.2 2.3 -10.0 -9.9 3	
2.2 2.3 -10.1 -10.0 2	
2.2 2.3 -11.1 -11.0 1	
2.2 2.3 -2.9 -2.8 20015	
2.2 2.3 -3.1 -3.0 19952	
2.2 2.3 -3.5 -3.4 18170	
2.2 2.3 -4.6 -4.5 6646	
2.2 2.3 -5.2 -5.1 3279	
2.2 2.3 -6.0 -5.9 2174	
2.2 2.3 -6.3 -6.2 1960	
2.2 2.3 -7.4 -7.3 776	
2.2 2.3 -7.8 -7.7 408	
2.2 2.3 -8.9 -8.8 31	
2.2 2.3 -9.1 -9.0 10	
2.2 2.3 -9.5 -9.4 4	
2.2 2.3 0.0 0.1 18527	
2.2 2.3 0.7 0.8 15208	
2.2 2.3 1.3 1.4 12177	
2.2 2.3 2.6 2.7 19186	
2.2 2.3 2.9 3.0 20133	
2.2 2.3 3.0 3.1 20076	
2.2 2.3 3.7 3.8 15332	
2.2 2.3 4.3 4.4 8446	
2.2 2.3 5.6 5.7 2303	
2.2 2.3 5.9 6.0 2159	
2.2 2.3 6.2 6.3 2004	
2.2 2.3 7.5 7.6 584	
2.2 2.3 8.6 8.7 62	
2.2 2.3 8.8 8.9 42	
2.2 2.3 9.2 9.3 12	
2.3 2.4 -0.6 -0.5 17799	
2.3 2.4 -1.7 -1.6 13319	
2.3 2.4 -2.0 -1.9 14792	
2.3 2.4 -2.3 -2.2 17433	
2.3 2.4 -3.4 -3.3 19983	
2.3 2.4 -3.8 -3.7 15904	
2.3 2.4 -4.9 -4.8 4394	
2.3 2.4 -5.1 -5.0 3553	
2.3 2.4 -5.5 -5.4 2354	
2.3 2.4 -6.6 -6.5 1306	
2.3 2.4 -7.7 -7.6 391	
2.3 2.4 -8.0 -7.9 228	
2.3 2.4 -8.3 -8.2 126	
2.3 2.4 -9.4 -9.3 9	
2.3 2.4 0.4 0.5 18182	
2.3 2.4 1.5 1.6 13030	
2.3 2.4 1.7 1.8 13841	
2.3 2.4 2.1 2.2 16426	
2.3 2.4 2.8 2.9 20891	
2.3 2.4 3.4 3.5 18874	
2.3 2.4 4.0 4.1 12043	
2.3 2.4 4.7 4.8 5336	
2.3 2.4 5.3 5.4 2629	
2.3 2.4 6.6 6.7 1215	
2.3 2.4 6.9 7.0 971	
2.3 2.4 7.0 7.1 885	
2.3 2.4 7.7 7.8 325	
2.3 2.4 8.3 8.4 106	
2.3 2.4 9.6 9.7 2	
2.4 2.5 -0.5 -0.4 19569	
2.4 2.5 -0.9 -0.8 16464	
2.4 2.5 -1.1 -1.0 15137	
2.4 2.5 -2.2 -2.1 17237	
2.4 2.5 -2.6 -2.5 20451	
2.4 2.5 -3.7 -3.6 17670	
2.4 2.5 -4.0 -3.9 14097	
2.4 2.5 -4.3 -4.2 10218	
2.4 2.5 -5.4 -5.3 2270	
2.4 2.5 -6.9 -6.8 845	
2.4 2.5 -7.1 -7.0 696	
2.4 2.5 -8.2 -8.1 141	
2.4 2.5 -8.6 -8.5 49	
2.4 2.5 -9.7 -9.6 3	
2.4 2.5 0.6 0.7 18209	
2.4 2.5 0.9 1.0 15675	
2.4 2.5 1.2 1.3 14299	
2.4 2.5 2.5 2.6 20569	
2.4 2.5 3.1 3.2 21784	
2.4 2.5 3.8 3.9 15270	
2.4 2.5 4.4 4.5 7910	
2.4 2.5 5.5 5.6 1898	
2.4 2.5 6.1 6.2 1291	
2.4 2.5 6.8 6.9 868	
2.4 2.5 7.4 7.5 383	
2.4 2.5 8.0 8.1 153	
2.4 2.5 8.7 8.8 31	
2.4 2.5 9.3 9.4 4	
2.5 2.6 -0.3 -0.2 21617	
2.5 2.6 -0.8 -0.7 18168	
2.5 2.6 -1.4 -1.3 14476	
2.5 2.6 -2.5 -2.4 20311	
2.5 2.6 -2.9 -2.8 22392	
2.5 2.6 -3.1 -3.0 22701	
2.5 2.6 -4.2 -4.1 11885	
2.5 2.6 -4.6 -4.5 7158	
2.5 2.6 -5.7 -5.6 1527	
2.5 2.6 -6.0 -5.9 1227	
2.5 2.6 -6.3 -6.2 1000	
2.5 2.6 -6.8 -6.7 715	
2.5 2.6 -7.4 -7.3 362	
2.5 2.6 -8.5 -8.4 46	
2.5 2.6 -8.9 -8.8 11	
2.5 2.6 -9.1 -9.0 24	
2.5 2.6 0.3 0.4 21105	
2.5 2.6 1.6 1.7 14737	
2.5 2.6 1.9 2.0 16202	
2.5 2.6 2.2 2.3 18577	
2.5 2.6 3.3 3.4 21342	
2.5 2.6 4.6 4.7 6207	
2.5 2.6 4.9 5.0 3927	
2.5 2.6 5.2 5.3 2580	
2.5 2.6 6.5 6.6 838	
2.5 2.6 7.1 7.2 513	
2.5 2.6 7.8 7.9 203	
2.5 2.6 8.2 8.3 90	
2.5 2.6 9.5 9.6 2	
2.6 2.7 -0.2 -0.1 22652	
2.6 2.7 -1.7 -1.6 15162	
2.6 2.7 -2.0 -1.9 16841	
2.6 2.7 -2.8 -2.7 22940	
2.6 2.7 -3.4 -3.3 21841	
2.6 2.7 -4.5 -4.4 8319	
2.6 2.7 -4.9 -4.8 4564	
2.6 2.7 -5.1 -5.0 3328	
2.6 2.7 -6.2 -6.1 904	
2.6 2.7 -7.7 -7.6 196	
2.6 2.7 -8.0 -7.9 108	
2.6 2.7 -8.8 -8.7 14	
2.6 2.7 -9.4 -9.3 2	
2.6 2.7 0.0 0.1 23196	
2.6 2.7 0.7 0.8 18921	
2.6 2.7 1.1 1.2 15892	
2.6 2.7 2.4 2.5 20993	
2.6 2.7 3.0 3.1 23442	
2.6 2.7 3.7 3.8 17370	
2.6 2.7 4.3 4.4 9534	
2.6 2.7 5.6 5.7 1372	
2.6 2.7 5.9 6.0 984	
2.6 2.7 6.0 6.1 885	
2.6 2.7 6.2 6.3 809	
2.6 2.7 7.3 7.4 258	
2.6 2.7 8.6 8.7 25	
2.6 2.7 8.9 9.0 10	
2.6 2.7 9.2 9.3 3	
2.7 2.8 -0.5 -0.4 22097	
2.7 2.8 -1.1 -1.0 17108	
2.7 2.8 -1.6 -1.5 15306	
2.7 2.8 -2.2 -2.1 18700	
2.7 2.8 -3.3 -3.2 22835	
2.7 2.8 -3.7 -3.6 19157	
2.7 2.8 -4.8 -4.7 5268	
2.7 2.8 -5.4 -5.3 1996	
2.7 2.8 -6.5 -6.4 555	
2.7 2.8 -7.1 -7.0 302	
2.7 2.8 -8.2 -8.1 49	
2.7 2.8 -9.3 -9.2 3	
2.7 2.8 0.2 0.3 23130	
2.7 2.8 1.5 1.6 15185	
2.7 2.8 2.1 2.2 18838	
2.7 2.8 2.8 2.9 23906	
2.7 2.8 3.4 3.5 21781	
2.7 2.8 4.0 4.1 13823	
2.7 2.8 4.7 4.8 5332	
2.7 2.8 5.1 5.2 2739	
2.7 2.8 5.8 5.9 996	
2.7 2.8 6.4 6.5 561	
2.7 2.8 7.0 7.1 306	
2.7 2.8 7.7 7.8 100	
2.7 2.8 8.3 8.4 46	
2.7 2.8 9.6 9.7 2	
2.8 2.9 -0.8 -0.7 19910	
2.8 2.9 -1.9 -1.8 16662	
2.8 2.9 -2.5 -2.4 21841	
2.8 2.9 -3.6 -3.5 20644	
2.8 2.9 -4.2 -4.1 12435	
2.8 2.9 -5.0 -4.9 3826	
2.8 2.9 -5.3 -5.2 2178	
2.8 2.9 -5.7 -5.6 1160	
2.8 2.9 -6.8 -6.7 336	
2.8 2.9 -7.4 -7.3 162	
2.8 2.9 -7.9 -7.8 76	
2.8 2.9 -8.5 -8.4 14	
2.8 2.9 -9.6 -9.5 2	
2.8 2.9 0.6 0.7 21092	
2.8 2.9 0.9 1.0 18238	
2.8 2.9 1.2 1.3 15917	
2.8 2.9 2.5 2.6 22410	
2.8 2.9 3.6 3.7 19414	
2.8 2.9 3.8 3.9 16830	
2.8 2.9 4.2 4.3 11027	
2.8 2.9 5.5 5.6 1297	
2.8 2.9 6.1 6.2 533	
2.8 2.9 6.8 6.9 306	
2.8 2.9 7.4 7.5 151	
2.8 2.9 8.7 8.8 14	
2.8 2.9 9.1 9.2 1	
2.9 3.0 -0.2 -0.1 24507	
2.9 3.0 -0.6 -0.5 21904	
2.9 3.0 -1.7 -1.6 15915	
2.9 3.0 -2.0 -1.9 17603	
2.9 3.0 -2.3 -2.2 20175	
2.9 3.0 -3.4 -3.3 22536	
2.9 3.0 -3.8 -3.7 18233	
2.9 3.0 -4.9 -4.8 4604	
2.9 3.0 -5.1 -5.0 3190	
2.9 3.0 -6.6 -6.5 307	
2.9 3.0 -7.7 -7.6 74	
2.9 3.0 -8.0 -7.9 37	
2.9 3.0 -8.3 -8.2 30	
2.9 3.0 -9.4 -9.3 1	
2.9 3.0 -9.8 -9.7 1	
2.9 3.0 0.5 0.6 21727	
2.9 3.0 1.8 1.9 17014	
2.9 3.0 2.2 2.3 20216	
2.9 3.0 3.5 3.6 20702	
2.9 3.0 4.1 4.2 12507	
2.9 3.0 4.8 4.9 4553	
2.9 3.0 5.4 5.5 1492	
2.9 3.0 6.7 6.8 270	
2.9 3.0 7.1 7.2 174	
2.9 3.0 7.8 7.9 55	
2.9 3.0 8.4 8.5 17	
2.9 3.0 9.0 9.1 5	
3.0 3.1 -0.1 0.0 24742	
3.0 3.1 -0.6 -0.5 21995	
3.0 3.1 -1.2 -1.1 16552	
3.0 3.1 -2.0 -1.9 17314	
3.0 3.1 -2.3 -2.2 20238	
3.0 3.1 -3.4 -3.3 22533	
3.0 3.1 -3.8 -3.7 18321	
3.0 3.1 -4.9 -4.8 4589	
3.0 3.1 -5.1 -5.0 3010	
3.0 3.1 -5.5 -5.4 1456	
3.0 3.1 -6.6 -6.5 248	
3.0 3.1 -7.2 -7.1 120	
3.0 3.1 -8.0 -7.9 29	
3.0 3.1 -8.3 -8.2 17	
3.0 3.1 -9.4 -9.3 1	
3.0 3.1 0.2 0.3 24181	
3.0 3.1 1.5 1.6 15448	
3.0 3.1 2.1 2.2 19224	
3.0 3.1 2.8 2.9 24315	
3.0 3.1 3.4 3.5 21670	
3.0 3.1 4.0 4.1 13667	
3.0 3.1 4.7 4.8 5286	
3.0 3.1 5.1 5.2 2579	
3.0 3.1 5.3 5.4 1694	
3.0 3.1 6.4 6.5 260	
3.0 3.1 7.0 7.1 102	
3.0 3.1 7.7 7.8 56	
3.0 3.1 8.3 8.4 21	
3.1 3.2 -0.9 -0.8 19083	
3.1 3.2 -1.1 -1.0 17465	
3.1 3.2 -1.5 -1.4 15729	
3.1 3.2 -2.6 -2.5 22440	
3.1 3.2 -3.7 -3.6 19305	
3.1 3.2 -4.0 -3.9 15212	
3.1 3.2 -4.3 -4.2 11073	
3.1 3.2 -5.4 -5.3 1629	
3.1 3.2 -5.8 -5.7 783	
3.1 3.2 -6.9 -6.8 112	
3.1 3.2 -7.1 -7.0 98	
3.1 3.2 -7.5 -7.4 68	
3.1 3.2 -8.6 -8.5 4	
3.1 3.2 0.6 0.7 21378	
3.1 3.2 0.9 1.0 18152	
3.1 3.2 1.2 1.3 16200	
3.1 3.2 2.5 2.6 22287	
3.1 3.2 3.1 3.2 23572	
3.1 3.2 3.8 3.9 16388	
3.1 3.2 4.2 4.3 10946	
3.1 3.2 5.5 5.6 1084	
3.1 3.2 6.1 6.2 376	
3.1 3.2 6.8 6.9 114	
3.1 3.2 7.4 7.5 68	
3.1 3.2 8.0 8.1 17	
3.1 3.2 8.7 8.8 3	
3.2 3.3 -0.3 -0.2 23646	
3.2 3.3 -1.4 -1.3 15571	
3.2 3.3 -2.9 -2.8 23590	
3.2 3.3 -3.1 -3.0 23320	
3.2 3.3 -4.2 -4.1 11877	
3.2 3.3 -4.6 -4.5 7002	
3.2 3.3 -5.7 -5.6 803	
3.2 3.3 -6.0 -5.9 415	
3.2 3.3 -6.3 -6.2 227	
3.2 3.3 -7.4 -7.3 54	
3.2 3.3 -8.9 -8.8 1	
3.2 3.3 -9.1 -9.0 5	
3.2 3.3 0.3 0.4 22964	
3.2 3.3 1.6 1.7 15369	
3.2 3.3 1.9 2.0 17078	
3.2 3.3 2.0 2.1 17524	
3.2 3.3 2.7 2.8 22957	
3.2 3.3 3.3 3.4 22281	
3.2 3.3 4.6 4.7 5888	
3.2 3.3 4.9 5.0 3508	
3.2 3.3 5.2 5.3 1922	
3.2 3.3 6.5 6.6 140	
3.2 3.3 7.8 7.9 20	
3.2 3.3 8.2 8.3 10	
3.3 3.4 -0.2 -0.1 23382	
3.3 3.4 -0.6 -0.5 21173	
3.3 3.4 -1.7 -1.6 15083	
3.3 3.4 -2.0 -1.9 16281	
3.3 3.4 -2.3 -2.2 18585	
3.3 3.4 -2.8 -2.7 22215	
3.3 3.4 -3.4 -3.3 21245	
3.3 3.4 -4.5 -4.4 7895	
3.3 3.4 -4.9 -4.8 4193	
3.3 3.4 -5.1 -5.0 2836	
3.3 3.4 -6.2 -6.1 255	
3.3 3.4 -6.6 -6.5 127	
3.3 3.4 -7.7 -7.6 20	
3.3 3.4 -8.0 -7.9 17	
3.3 3.4 -8.3 -8.2 9	
3.3 3.4 0.5 0.6 21079	
3.3 3.4 0.7 0.8 19289	
3.3 3.4 1.1 1.2 16061	
3.3 3.4 1.8 1.9 15900	
3.3 3.4 2.4 2.5 20176	
3.3 3.4 3.0 3.1 22544	
3.3 3.4 3.7 3.8 17168	
3.3 3.4 4.3 4.4 9014	
3.3 3.4 5.6 5.7 803	
3.3 3.4 5.9 6.0 383	
3.3 3.4 6.0 6.1 326	
3.3 3.4 6.7 6.8 96	
3.3 3.4 7.3 7.4 34	
3.3 3.4 8.6 8.7 2	
3.4 3.5 -0.5 -0.4 21509	
3.4 3.5 -0.9 -0.8 17923	
3.4 3.5 -1.1 -1.0 16136	
3.4 3.5 -2.2 -2.1 17234	
3.4 3.5 -3.7 -3.6 17382	
3.4 3.5 -4.0 -3.9 13717	
3.4 3.5 -4.8 -4.7 4655	
3.4 3.5 -5.4 -5.3 1409	
3.4 3.5 -6.5 -6.4 119	
3.4 3.5 -6.9 -6.8 53	
3.4 3.5 -7.1 -7.0 44	
3.4 3.5 -8.2 -8.1 5	
3.4 3.5 -8.6 -8.5 1	
3.4 3.5 0.2 0.3 22527	
3.4 3.5 1.5 1.6 14311	
3.4 3.5 2.1 2.2 17488	
3.4 3.5 2.8 2.9 21810	
3.4 3.5 3.4 3.5 19348	
3.4 3.5 4.5 4.6 6654	
3.4 3.5 5.1 5.2 2148	
3.4 3.5 5.8 5.9 454	
3.4 3.5 6.4 6.5 111	
3.4 3.5 7.0 7.1 38	
3.4 3.5 7.7 7.8 13	
3.4 3.5 8.3 8.4 2	
3.5 3.6 -0.1 0.0 22240	
3.5 3.6 -0.8 -0.7 18200	
3.5 3.6 -1.4 -1.3 14065	
3.5 3.6 -2.5 -2.4 18843	
3.5 3.6 -3.1 -3.0 20858	
3.5 3.6 -3.6 -3.5 17628	
3.5 3.6 -4.2 -4.1 10546	
3.5 3.6 -5.3 -5.2 1636	
3.5 3.6 -5.7 -5.6 663	
3.5 3.6 -6.8 -6.7 58	
3.5 3.6 -7.4 -7.3 17	
3.5 3.6 -8.5 -8.4 5	
3.5 3.6 0.6 0.7 18720	
3.5 3.6 0.9 1.0 16389	
3.5 3.6 1.2 1.3 14204	
3.5 3.6 2.3 2.4 18015	
3.5 3.6 3.6 3.7 16623	
3.5 3.6 3.9 4.0 13231	
3.5 3.6 4.2 4.3 9541	
3.5 3.6 5.5 5.6 838	
3.5 3.6 6.1 6.2 191	
3.5 3.6 6.8 6.9 41	
3.5 3.6 7.2 7.3 25	
3.5 3.6 7.4 7.5 18	
3.6 3.7 -0.2 -0.1 21032	
3.6 3.7 -1.0 -0.9 15549	
3.6 3.7 -1.3 -1.2 13686	
3.6 3.7 -1.7 -1.6 13082	
3.6 3.7 -2.8 -2.7 19287	
3.6 3.7 -3.9 -3.8 13414	
3.6 3.7 -4.5 -4.4 6820	
3.6 3.7 -5.6 -5.5 813	
3.6 3.7 -6.2 -6.1 156	
3.6 3.7 -7.3 -7.2 10	
3.6 3.7 -7.7 -7.6 11	
3.6 3.7 -8.8 -8.7 1	
3.6 3.7 0.1 0.2 20998	
3.6 3.7 1.4 1.5 13039	
3.6 3.7 2.0 2.1 14625	
3.6 3.7 2.7 2.8 19229	
3.6 3.7 3.3 3.4 18349	
3.6 3.7 4.6 4.7 5003	
3.6 3.7 4.9 5.0 2901	
3.6 3.7 5.0 5.1 2394	
3.6 3.7 5.2 5.3 1590	
3.6 3.7 6.3 6.4 98	
3.6 3.7 7.6 7.7 7	
3.6 3.7 7.9 8.0 8	
3.6 3.7 8.2 8.3 2	
3.7 3.8 -0.5 -0.4 18546	
3.7 3.8 -1.6 -1.5 12374	
3.7 3.8 -2.2 -2.1 14670	
3.7 3.8 -3.0 -2.9 18142	
3.7 3.8 -3.3 -3.2 17351	
3.7 3.8 -4.8 -4.7 3862	
3.7 3.8 -5.9 -5.8 334	
3.7 3.8 -6.1 -6.0 187	
3.7 3.8 -6.5 -6.4 61	
3.7 3.8 -7.6 -7.5 9	
3.7 3.8 -8.2 -8.1 2	
3.7 3.8 0.5 0.6 17821	
3.7 3.8 1.1 1.2 13519	
3.7 3.8 1.8 1.9 12922	
3.7 3.8 2.4 2.5 16538	
3.7 3.8 3.0 3.1 18329	
3.7 3.8 3.7 3.8 13641	
3.7 3.8 4.1 4.2 9293	
3.7 3.8 4.8 4.9 3281	
3.7 3.8 5.4 5.5 929	
3.7 3.8 6.0 6.1 187	
3.7 3.8 6.7 6.8 41	
3.7 3.8 7.3 7.4 6	
3.7 3.8 8.6 8.7 1	
3.7 3.8 9.0 9.1 1	
3.8 3.9 -0.4 -0.3 18273	
3.8 3.9 -0.8 -0.7 15451	
3.8 3.9 -1.9 -1.8 12054	
3.8 3.9 -2.1 -2.0 12846	
3.8 3.9 -2.5 -2.4 15309	
3.8 3.9 -3.6 -3.5 14337	
3.8 3.9 -4.2 -4.1 8558	
3.8 3.9 -4.7 -4.6 4262	
3.8 3.9 -5.0 -4.9 2522	
3.8 3.9 -5.3 -5.2 1356	
3.8 3.9 -6.4 -6.3 77	
3.8 3.9 -6.8 -6.7 30	
3.8 3.9 -7.9 -7.8 3	
3.8 3.9 -8.1 -8.0 3	
3.8 3.9 -8.5 -8.4 2	
3.8 3.9 0.2 0.3 19011	
3.8 3.9 1.5 1.6 11570	
3.8 3.9 2.6 2.7 16426	
3.8 3.9 2.8 2.9 16775	
3.8 3.9 3.2 3.3 16435	
3.8 3.9 4.5 4.6 4988	
3.8 3.9 5.1 5.2 1721	
3.8 3.9 5.8 5.9 293	
3.8 3.9 6.4 6.5 54	
3.8 3.9 7.7 7.8 5	
3.9 4.0 -0.1 0.0 18685	
3.9 4.0 -0.2 -0.1 18382	
3.9 4.0 -0.6 -0.5 16220	
3.9 4.0 -1.7 -1.6 10911	
3.9 4.0 -2.0 -1.9 11405	
3.9 4.0 -2.8 -2.7 14982	
3.9 4.0 -3.4 -3.3 14137	
3.9 4.0 -4.5 -4.4 5209	
3.9 4.0 -4.9 -4.8 2727	
3.9 4.0 -5.1 -5.0 1837	
3.9 4.0 -6.2 -6.1 105	
3.9 4.0 -6.6 -6.5 37	
3.9 4.0 -7.7 -7.6 2	
3.9 4.0 -8.0 -7.9 2	
3.9 4.0 0.8 0.9 14125	
3.9 4.0 1.2 1.3 11585	
3.9 4.0 2.5 2.6 14378	
3.9 4.0 3.1 3.2 15227	
3.9 4.0 3.8 3.9 10483	
3.9 4.0 4.4 4.5 5331	
3.9 4.0 5.7 5.8 343	
3.9 4.0 6.1 6.2 98	
3.9 4.0 6.8 6.9 17	
3.9 4.0 7.4 7.5 6	
3.9 4.0 8.0 8.1 1	
4.0 4.1 -0.2 -0.1 17208	
4.0 4.1 -0.6 -0.5 15509	
4.0 4.1 -1.7 -1.6 9947	
4.0 4.1 -2.0 -1.9 10483	
4.0 4.1 -2.3 -2.2 11750	
4.0 4.1 -3.4 -3.3 12880	
4.0 4.1 -4.9 -4.8 2438	
4.0 4.1 -5.1 -5.0 1734	
4.0 4.1 -6.2 -6.1 106	
4.0 4.1 -6.6 -6.5 34	
4.0 4.1 -7.7 -7.6 1	
4.0 4.1 -8.0 -7.9 1	
4.0 4.1 -8.3 -8.2 1	
4.0 4.1 0.5 0.6 15517	
4.0 4.1 1.1 1.2 11471	
4.0 4.1 1.8 1.9 10216	
4.0 4.1 2.4 2.5 12585	
4.0 4.1 3.0 3.1 14157	
4.0 4.1 3.7 3.8 10430	
4.0 4.1 4.1 4.2 7175	
4.0 4.1 4.3 4.4 5608	
4.0 4.1 5.4 5.5 661	
4.0 4.1 6.0 6.1 132	
4.0 4.1 6.7 6.8 19	
4.0 4.1 7.3 7.4 6	
4.1 4.2 -0.5 -0.4 15537	
4.1 4.2 -0.9 -0.8 13093	
4.1 4.2 -1.1 -1.0 11356	
4.1 4.2 -2.2 -2.1 10265	
4.1 4.2 -2.6 -2.5 11592	
4.1 4.2 -3.7 -3.6 10155	
4.1 4.2 -4.0 -3.9 7898	
4.1 4.2 -4.3 -4.2 5619	
4.1 4.2 -4.8 -4.7 2636	
4.1 4.2 -5.4 -5.3 819	
4.1 4.2 -6.5 -6.4 38	
4.1 4.2 -6.9 -6.8 11	
4.1 4.2 -7.1 -7.0 3	
4.1 4.2 -8.6 -8.5 1	
4.1 4.2 0.2 0.3 16669	
4.1 4.2 1.5 1.6 9276	
4.1 4.2 2.1 2.2 10277	
4.1 4.2 2.8 2.9 12490	
4.1 4.2 3.2 3.3 11960	
4.1 4.2 4.5 4.6 3653	
4.1 4.2 5.1 5.2 1265	
4.1 4.2 5.8 5.9 237	
4.1 4.2 6.4 6.5 45	
4.1 4.2 7.0 7.1 5	
4.1 4.2 7.7 7.8 2	
4.2 4.3 -0.8 -0.7 13009	
4.2 4.3 -1.4 -1.3 9365	
4.2 4.3 -2.5 -2.4 10103	
4.2 4.3 -2.9 -2.8 11171	
4.2 4.3 -3.1 -3.0 11050	
4.2 4.3 -4.2 -4.1 5649	
4.2 4.3 -5.7 -5.6 301	
4.2 4.3 -6.0 -5.9 157	
4.2 4.3 -6.8 -6.7 13	
4.2 4.3 -7.4 -7.3 2	
4.2 4.3 0.6 0.7 13849	
4.2 4.3 0.9 1.0 11557	
4.2 4.3 1.0 1.1 10874	
4.2 4.3 1.7 1.8 8867	
4.2 4.3 2.3 2.4 9769	
4.2 4.3 3.6 3.7 9012	
4.2 4.3 3.9 4.0 6935	
4.2 4.3 4.2 4.3 5020	
4.2 4.3 5.5 5.6 410	
4.2 4.3 6.8 6.9 5	
4.2 4.3 7.2 7.3 2	
4.3 4.4 -0.2 -0.1 15509	
4.3 4.4 -1.3 -1.2 9344	
4.3 4.4 -1.7 -1.6 7837	
4.3 4.4 -2.8 -2.7 9592	
4.3 4.4 -3.4 -3.3 9246	
4.3 4.4 -4.5 -4.4 3359	
4.3 4.4 -5.1 -5.0 1192	
4.3 4.4 -6.2 -6.1 71	
4.3 4.4 -7.3 -7.2 2	
4.3 4.4 -8.0 -7.9 1	
4.3 4.4 0.1 0.2 15873	
4.3 4.4 0.8 0.9 11857	
4.3 4.4 1.4 1.5 8473	
4.3 4.4 2.0 2.1 7867	
4.3 4.4 2.7 2.8 9570	
4.3 4.4 3.3 3.4 9001	
4.3 4.4 4.6 4.7 2599	
4.3 4.4 4.9 5.0 1438	
4.3 4.4 5.0 5.1 1186	
4.3 4.4 5.7 5.8 227	
4.3 4.4 6.3 6.4 43	
4.3 4.4 7.6 7.7 1	
4.4 4.5 -0.1 0.0 15785	
4.4 4.5 -0.5 -0.4 14385	
4.4 4.5 -1.6 -1.5 7487	
4.4 4.5 -2.2 -2.1 7430	
4.4 4.5 -3.0 -2.9 8683	
4.4 4.5 -3.3 -3.2 8326	
4.4 4.5 -3.7 -3.6 6690	
4.4 4.5 -4.8 -4.7 1774	
4.4 4.5 -5.4 -5.3 541	
4.4 4.5 -5.9 -5.8 162	
4.4 4.5 -6.5 -6.4 19	
4.4 4.5 0.5 0.6 13770	
4.4 4.5 1.1 1.2 9354	
4.4 4.5 1.8 1.9 7138	
4.4 4.5 2.4 2.5 7896	
4.4 4.5 3.5 3.6 7164	
4.4 4.5 4.1 4.2 4333	
4.4 4.5 4.8 4.9 1506	
4.4 4.5 5.4 5.5 442	
4.4 4.5 6.0 6.1 68	
4.4 4.5 6.7 6.8 7	
4.4 4.5 7.3 7.4 1	
4.5 4.6 -0.4 -0.3 14602	
4.5 4.6 -0.8 -0.7 12407	
4.5 4.6 -1.9 -1.8 6561	
4.5 4.6 -2.1 -2.0 6424	
4.5 4.6 -2.5 -2.4 6985	
4.5 4.6 -3.6 -3.5 6195	
4.5 4.6 -4.2 -4.1 3752	
4.5 4.6 -5.0 -4.9 1102	
4.5 4.6 -5.3 -5.2 542	
4.5 4.6 -6.8 -6.7 6	
4.5 4.6 0.2 0.3 15237	
4.5 4.6 1.3 1.4 8125	
4.5 4.6 2.6 2.7 7262	
4.5 4.6 2.9 3.0 7308	
4.5 4.6 3.2 3.3 7030	
4.5 4.6 4.5 4.6 2221	
4.5 4.6 5.1 5.2 745	
4.5 4.6 5.8 5.9 136	
4.5 4.6 6.2 6.3 56	
4.5 4.6 6.4 6.5 19	
4.6 4.7 -0.7 -0.6 13034	
4.6 4.7 -1.0 -0.9 10607	
4.6 4.7 -1.3 -1.2 8658	
4.6 4.7 -2.4 -2.3 6015	
4.6 4.7 -2.8 -2.7 6194	
4.6 4.7 -3.9 -3.8 4177	
4.6 4.7 -4.1 -4.0 3423	
4.6 4.7 -4.5 -4.4 2050	
4.6 4.7 -5.6 -5.5 243	
4.6 4.7 -6.2 -6.1 37	
4.6 4.7 -6.7 -6.6 9	
4.6 4.7 -7.0 -6.9 1	
4.6 4.7 -7.3 -7.2 2	
4.6 4.7 0.4 0.5 14287	
4.6 4.7 1.0 1.1 10010	
4.6 4.7 1.7 1.8 6138	
4.6 4.7 2.3 2.4 5925	
4.6 4.7 3.6 3.7 5059	
4.6 4.7 3.9 4.0 4005	
4.6 4.7 4.2 4.3 2828	
4.6 4.7 5.3 5.4 366	
4.6 4.7 6.6 6.7 12	
4.6 4.7 6.9 7.0 5	
4.6 4.7 7.2 7.3 2	
4.7 4.8 -1.6 -1.5 6641	
4.7 4.8 -2.7 -2.6 5325	
4.7 4.8 -3.0 -2.9 5415	
4.7 4.8 -3.3 -3.2 5034	
4.7 4.8 -4.4 -4.3 2068	
4.7 4.8 -4.8 -4.7 1140	
4.7 4.8 -5.9 -5.8 87	
4.7 4.8 -6.1 -6.0 50	
4.7 4.8 -7.6 -7.5 1	
4.7 4.8 0.1 0.2 16262	
4.7 4.8 0.8 0.9 11692	
4.7 4.8 1.4 1.5 7137	
4.7 4.8 2.0 2.1 5154	
4.7 4.8 2.7 2.8 5420	
4.7 4.8 3.1 3.2 5248	
4.7 4.8 3.8 3.9 3596	
4.7 4.8 4.4 4.5 1880	
4.7 4.8 5.0 5.1 652	
4.7 4.8 5.7 5.8 111	
4.7 4.8 6.3 6.4 23	
4.8 4.9 -0.4 -0.3 15647	
4.8 4.9 -1.5 -1.4 7089	
4.8 4.9 -1.9 -1.8 5300	
4.8 4.9 -2.1 -2.0 4925	
4.8 4.9 -3.2 -3.1 4410	
4.8 4.9 -3.6 -3.5 3681	
4.8 4.9 -4.7 -4.6 1069	
4.8 4.9 -5.0 -4.9 632	
4.8 4.9 -5.3 -5.2 373	
4.8 4.9 -6.4 -6.3 16	
4.8 4.9 0.5 0.6 14528	
4.8 4.9 1.8 1.9 5158	
4.8 4.9 2.2 2.3 4591	
4.8 4.9 3.5 3.6 3791	
4.8 4.9 4.1 4.2 2301	
4.8 4.9 4.8 4.9 789	
4.8 4.9 5.4 5.5 199	
4.8 4.9 6.7 6.8 7	
4.8 4.9 7.1 7.2 1	
4.9 5.0 -0.2 -0.1 17443	
4.9 5.0 -1.3 -1.2 8703	
4.9 5.0 -1.7 -1.6 5821	
4.9 5.0 -2.8 -2.7 3905	
4.9 5.0 -3.4 -3.3 3420	
4.9 5.0 -3.9 -3.8 2484	
4.9 5.0 -4.5 -4.4 1281	
4.9 5.0 -5.6 -5.5 148	
4.9 5.0 -6.2 -6.1 23	
4.9 5.0 -7.3 -7.2 1	
4.9 5.0 -7.7 -7.6 1	
4.9 5.0 0.2 0.3 16825	
4.9 5.0 1.5 1.6 6412	
4.9 5.0 2.1 2.2 4243	
4.9 5.0 2.8 2.9 3831	
4.9 5.0 3.4 3.5 3202	
4.9 5.0 4.0 4.1 2032	
4.9 5.0 4.7 4.8 771	
4.9 5.0 5.1 5.2 351	
4.9 5.0 5.8 5.9 65	
4.9 5.0 6.4 6.5 6	
5.0 5.1 -0.2 -0.1 17956	
5.0 5.1 -1.7 -1.6 5976	
5.0 5.1 -2.0 -1.9 4351	
5.0 5.1 -2.8 -2.7 3273	
5.0 5.1 -3.4 -3.3 2782	
5.0 5.1 -4.5 -4.4 1054	
5.0 5.1 -4.9 -4.8 568	
5.0 5.1 -5.1 -5.0 365	
5.0 5.1 -6.2 -6.1 16	
5.0 5.1 -6.6 -6.5 5	
5.0 5.1 0.1 0.2 17854	
5.0 5.1 0.8 0.9 12809	
5.0 5.1 1.4 1.5 7323	
5.0 5.1 2.0 2.1 4024	
5.0 5.1 2.7 2.8 3261	
5.0 5.1 3.1 3.2 2979	
5.0 5.1 3.3 3.4 2872	
5.0 5.1 4.4 4.5 994	
5.0 5.1 5.0 5.1 359	
5.0 5.1 5.7 5.8 57	
5.0 5.1 6.3 6.4 12	
5.1 5.2 -0.5 -0.4 17124	
5.1 5.2 -1.1 -1.0 11172	
5.1 5.2 -1.6 -1.5 6572	
5.1 5.2 -2.2 -2.1 3479	
5.1 5.2 -3.3 -3.2 2381	
5.1 5.2 -3.7 -3.6 1994	
5.1 5.2 -4.8 -4.7 551	
5.1 5.2 -5.4 -5.3 155	
5.1 5.2 -6.5 -6.4 6	
5.1 5.2 -7.1 -7.0 1	
5.1 5.2 0.5 0.6 16696	
5.1 5.2 1.1 1.2 10368	
5.1 5.2 1.8 1.9 4648	
5.1 5.2 2.2 2.3 3256	
5.1 5.2 3.5 3.6 2049	
5.1 5.2 4.1 4.2 1257	
5.1 5.2 4.8 4.9 414	
5.1 5.2 5.4 5.5 99	
5.1 5.2 6.0 6.1 20	
5.1 5.2 6.7 6.8 2	
5.2 5.3 -0.8 -0.7 14946	
5.2 5.3 -1.9 -1.8 4504	
5.2 5.3 -2.5 -2.4 2541	
5.2 5.3 -3.6 -3.5 1655	
5.2 5.3 -4.2 -4.1 955	
5.2 5.3 -5.3 -5.2 129	
5.2 5.3 -5.7 -5.6 55	
5.2 5.3 -6.8 -6.7 4	
5.2 5.3 0.0 0.1 20031	
5.2 5.3 0.7 0.8 15203	
5.2 5.3 1.3 1.4 8420	
5.2 5.3 2.6 2.7 2375	
5.2 5.3 2.9 3.0 2143	
5.2 5.3 3.2 3.3 1925	
5.2 5.3 4.5 4.6 595	
5.2 5.3 5.8 5.9 30	
5.2 5.3 6.2 6.3 12	
5.3 5.4 -0.1 0.0 20692	
5.3 5.4 -0.2 -0.1 20610	
5.3 5.4 -1.0 -0.9 13523	
5.3 5.4 -1.3 -1.2 9915	
5.3 5.4 -2.8 -2.7 1868	
5.3 5.4 -3.9 -3.8 1044	
5.3 5.4 -4.1 -4.0 895	
5.3 5.4 -4.5 -4.4 516	
5.3 5.4 -5.6 -5.5 52	
5.3 5.4 -6.2 -6.1 14	
5.3 5.4 0.4 0.5 18836	
5.3 5.4 1.0 1.1 12093	
5.3 5.4 1.7 1.8 5231	
5.3 5.4 2.3 2.4 2516	
5.3 5.4 3.6 3.7 1202	
5.3 5.4 3.9 4.0 956	
5.3 5.4 4.0 4.1 887	
5.3 5.4 4.7 4.8 339	
5.3 5.4 5.3 5.4 99	
5.3 5.4 6.6 6.7 1	
5.3 5.4 6.9 7.0 1	
5.4 5.5 -0.5 -0.4 19932	
5.4 5.5 -1.6 -1.5 7045	
5.4 5.5 -2.2 -2.1 2914	
5.4 5.5 -2.7 -2.6 1850	
5.4 5.5 -3.0 -2.9 1555	
5.4 5.5 -3.3 -3.2 1264	
5.4 5.5 -4.4 -4.3 499	
5.4 5.5 -4.8 -4.7 268	
5.4 5.5 -5.9 -5.8 30	
5.4 5.5 -6.1 -6.0 10	
5.4 5.5 -6.5 -6.4 1	
5.4 5.5 0.1 0.2 21626	
5.4 5.5 0.8 0.9 15213	
5.4 5.5 1.4 1.5 7907	
5.4 5.5 2.5 2.6 1907	
5.4 5.5 3.1 3.2 1402	
5.4 5.5 3.8 3.9 796	
5.4 5.5 4.4 4.5 419	
5.4 5.5 5.0 5.1 143	
5.4 5.5 5.7 5.8 22	
5.4 5.5 6.3 6.4 3	
5.5 5.6 -0.4 -0.3 21115	
5.5 5.6 -0.8 -0.7 16907	
5.5 5.6 -1.9 -1.8 4508	
5.5 5.6 -2.1 -2.0 3263	
5.5 5.6 -3.6 -3.5 901	
5.5 5.6 -4.7 -4.6 240	
5.5 5.6 -5.0 -4.9 138	
5.5 5.6 -5.3 -5.2 65	
5.5 5.6 -6.4 -6.3 6	
5.5 5.6 0.3 0.4 21361	
5.5 5.6 1.6 1.7 6228	
5.5 5.6 1.9 2.0 4061	
5.5 5.6 2.2 2.3 2460	
5.5 5.6 3.5 3.6 880	
5.5 5.6 4.1 4.2 502	
5.5 5.6 4.8 4.9 175	
5.5 5.6 5.2 5.3 92	
5.5 5.6 5.4 5.5 34	
5.5 5.6 6.5 6.6 1	
5.6 5.7 -0.7 -0.6 18623	
5.6 5.7 -1.0 -0.9 14697	
5.6 5.7 -1.3 -1.2 10860	
5.6 5.7 -2.4 -2.3 2062	
5.6 5.7 -3.5 -3.4 732	
5.6 5.7 -3.9 -3.8 521	
5.6 5.7 -4.1 -4.0 418	
5.6 5.7 -5.2 -5.1 64	
5.6 5.7 -5.6 -5.5 32	
5.6 5.7 -6.7 -6.6 2	
5.6 5.7 0.0 0.1 23219	
5.6 5.7 0.7 0.8 17391	
5.6 5.7 1.3 1.4 9615	
5.6 5.7 2.6 2.7 1386	
5.6 5.7 2.9 3.0 1039	
5.6 5.7 3.2 3.3 843	
5.6 5.7 4.3 4.4 272	
5.6 5.7 5.6 5.7 18	
5.6 5.7 5.9 6.0 4	
5.6 5.7 6.2 6.3 5	
5.7 5.8 -1.2 -1.1 12373	
5.7 5.8 -1.6 -1.5 7251	
5.7 5.8 -2.7 -2.6 1263	
5.7 5.8 -3.0 -2.9 845	
5.7 5.8 -3.8 -3.7 419	
5.7 5.8 -4.4 -4.3 218	
5.7 5.8 -5.5 -5.4 31	
5.7 5.8 -5.9 -5.8 7	
5.7 5.8 -6.1 -6.0 7	
5.7 5.8 -7.2 -7.1 1	
5.7 5.8 0.4 0.5 21654	
5.7 5.8 1.0 1.1 13845	
5.7 5.8 1.7 1.8 5496	
5.7 5.8 2.1 2.2 2794	
5.7 5.8 2.8 2.9 917	
5.7 5.8 3.4 3.5 571	
5.7 5.8 4.0 4.1 317	
5.7 5.8 4.7 4.8 131	
5.7 5.8 5.3 5.4 28	
5.7 5.8 6.6 6.7 1	
5.8 5.9 -0.1 0.0 23836	
5.8 5.9 -0.4 -0.3 22471	
5.8 5.9 -1.5 -1.4 8551	
5.8 5.9 -2.1 -2.0 3243	
5.8 5.9 -3.2 -3.1 593	
5.8 5.9 -4.7 -4.6 77	
5.8 5.9 -5.0 -4.9 58	
5.8 5.9 -5.8 -5.7 8	
5.8 5.9 -6.4 -6.3 2	
5.8 5.9 0.8 0.9 16964	
5.8 5.9 1.2 1.3 11072	
5.8 5.9 2.5 2.6 1283	
5.8 5.9 3.1 3.2 533	
5.8 5.9 3.8 3.9 312	
5.8 5.9 4.4 4.5 149	
5.8 5.9 5.7 5.8 11	
5.8 5.9 6.1 6.2 3	
5.9 6.0 -0.2 -0.1 23565	
5.9 6.0 -0.7 -0.6 19559	
5.9 6.0 -1.0 -0.9 15310	
5.9 6.0 -1.3 -1.2 11073	
5.9 6.0 -2.4 -2.3 1707	
5.9 6.0 -2.8 -2.7 844	
5.9 6.0 -3.9 -3.8 216	
5.9 6.0 -4.1 -4.0 182	
5.9 6.0 -4.5 -4.4 114	
5.9 6.0 -5.6 -5.5 12	
5.9 6.0 -6.2 -6.1 4	
5.9 6.0 0.5 0.6 20784	
5.9 6.0 1.1 1.2 12481	
5.9 6.0 1.8 1.9 4568	
5.9 6.0 2.4 2.5 1471	
5.9 6.0 3.0 3.1 528	
5.9 6.0 3.7 3.8 320	
5.9 6.0 4.1 4.2 158	
5.9 6.0 4.8 4.9 54	
5.9 6.0 5.4 5.5 15	
5.9 6.0 6.0 6.1 1	
6.0 6.1 -0.2 -0.1 23780	
6.0 6.1 -1.0 -0.9 15285	
6.0 6.1 -1.3 -1.2 10999	
6.0 6.1 -1.7 -1.6 6248	
6.0 6.1 -2.8 -2.7 736	
6.0 6.1 -3.4 -3.3 316	
6.0 6.1 -3.9 -3.8 168	
6.0 6.1 -4.5 -4.4 88	
6.0 6.1 -5.6 -5.5 12	
6.0 6.1 -6.2 -6.1 3	
6.0 6.1 0.4 0.5 21455	
6.0 6.1 1.0 1.1 13825	
6.0 6.1 1.7 1.8 5319	
6.0 6.1 2.3 2.4 1681	
6.0 6.1 3.4 3.5 258	
6.0 6.1 4.0 4.1 142	
6.0 6.1 4.7 4.8 48	
6.0 6.1 5.3 5.4 19	
6.1 6.2 -0.5 -0.4 21344	
6.1 6.2 -1.6 -1.5 7305	
6.1 6.2 -2.2 -2.1 2345	
6.1 6.2 -3.0 -2.9 472	
6.1 6.2 -3.3 -3.2 302	
6.1 6.2 -4.8 -4.7 58	
6.1 6.2 -5.9 -5.8 2	
6.1 6.2 -6.1 -6.0 2	
6.1 6.2 0.1 0.2 23439	
6.1 6.2 0.8 0.9 16602	
6.1 6.2 1.2 1.3 10992	
6.1 6.2 2.5 2.6 1064	
6.1 6.2 3.1 3.2 317	
6.1 6.2 3.8 3.9 121	
6.1 6.2 4.4 4.5 67	
6.1 6.2 5.0 5.1 17	
6.1 6.2 5.7 5.8 4	
6.1 6.2 6.1 6.2 1	
6.2 6.3 -0.4 -0.3 22029	
6.2 6.3 -0.8 -0.7 17532	
6.2 6.3 -1.9 -1.8 4279	
6.2 6.3 -2.1 -2.0 2911	
6.2 6.3 -2.5 -2.4 1266	
6.2 6.3 -3.6 -3.5 142	
6.2 6.3 -4.2 -4.1 64	
6.2 6.3 -4.7 -4.6 35	
6.2 6.3 -5.0 -4.9 18	
6.2 6.3 -5.3 -5.2 7	
6.2 6.3 0.3 0.4 21882	
6.2 6.3 1.6 1.7 6059	
6.2 6.3 1.9 2.0 3561	
6.2 6.3 2.2 2.3 1964	
6.2 6.3 3.5 3.6 128	
6.2 6.3 4.8 4.9 21	
6.2 6.3 5.2 5.3 7	
6.2 6.3 6.5 6.6 1	
6.3 6.4 -0.7 -0.6 18306	
6.3 6.4 -1.0 -0.9 14404	
6.3 6.4 -1.3 -1.2 10396	
6.3 6.4 -2.4 -2.3 1470	
6.3 6.4 -2.8 -2.7 603	
6.3 6.4 -3.9 -3.8 79	
6.3 6.4 -4.1 -4.0 59	
6.3 6.4 -5.6 -5.5 4	
6.3 6.4 -7.0 -6.9 1	
6.3 6.4 0.0 0.1 22619	
6.3 6.4 0.7 0.8 16937	
6.3 6.4 1.3 1.4 9109	
6.3 6.4 2.6 2.7 714	
6.3 6.4 2.9 3.0 321	
6.3 6.4 3.0 3.1 320	
6.3 6.4 3.7 3.8 78	
6.3 6.4 4.3 4.4 30	
6.4 6.5 -1.2 -1.1 11264	
6.4 6.5 -1.6 -1.5 6571	
6.4 6.5 -2.7 -2.6 710	
6.4 6.5 -3.0 -2.9 356	
6.4 6.5 -3.3 -3.2 182	
6.4 6.5 -4.4 -4.3 26	
6.4 6.5 0.4 0.5 19446	
6.4 6.5 1.5 1.6 6569	
6.4 6.5 2.1 2.2 2232	
6.4 6.5 2.8 2.9 405	
6.4 6.5 3.4 3.5 116	
6.4 6.5 4.0 4.1 41	
6.4 6.5 4.7 4.8 16	
6.4 6.5 5.3 5.4 4	
6.5 6.6 -0.4 -0.3 19410	
6.5 6.6 -1.5 -1.4 7218	
6.5 6.6 -1.9 -1.8 3812	
6.5 6.6 -2.1 -2.0 2507	
6.5 6.6 -3.2 -3.1 201	
6.5 6.6 -3.6 -3.5 80	
6.5 6.6 -4.7 -4.6 15	
6.5 6.6 -5.0 -4.9 8	
6.5 6.6 -5.3 -5.2 9	
6.5 6.6 0.6 0.7 16703	
6.5 6.6 0.9 1.0 12955	
6.5 6.6 1.2 1.3 9351	
6.5 6.6 2.5 2.6 828	
6.5 6.6 3.1 3.2 174	
6.5 6.6 3.8 3.9 45	
6.5 6.6 4.4 4.5 19	
6.5 6.6 5.5 5.6 1	
6.6 6.7 -0.3 -0.2 18805	
6.6 6.7 -0.7 -0.6 15775	
6.6 6.7 -1.0 -0.9 12258	
6.6 6.7 -1.8 -1.7 4211	
6.6 6.7 -2.4 -2.3 1227	
6.6 6.7 -3.5 -3.4 82	
6.6 6.7 -3.9 -3.8 30	
6.6 6.7 -4.1 -4.0 21	
6.6 6.7 -5.2 -5.1 3	
6.6 6.7 0.3 0.4 18158	
6.6 6.7 1.6 1.7 4932	
6.6 6.7 1.9 2.0 2961	
6.6 6.7 2.2 2.3 1577	
6.6 6.7 3.3 3.4 98	
6.6 6.7 4.6 4.7 6	
6.6 6.7 4.9 5.0 3	
6.6 6.7 5.2 5.3 2	
6.7 6.8 -0.1 0.0 18122	
6.7 6.8 -0.6 -0.5 15758	
6.7 6.8 -1.2 -1.1 9289	
6.7 6.8 -2.3 -2.2 1515	
6.7 6.8 -2.7 -2.6 517	
6.7 6.8 -3.8 -3.7 40	
6.7 6.8 -4.4 -4.3 8	
6.7 6.8 -5.5 -5.4 1	
6.7 6.8 -6.1 -6.0 1	
6.7 6.8 0.0 0.1 18226	
6.7 6.8 0.7 0.8 13717	
6.7 6.8 1.1 1.2 9470	
6.7 6.8 1.8 1.9 3264	
6.7 6.8 2.4 2.5 928	
6.7 6.8 3.0 3.1 186	
6.7 6.8 3.7 3.8 27	
6.7 6.8 4.3 4.4 10	
6.7 6.8 5.6 5.7 2	
6.7 6.8 5.9 6.0 1	
6.8 6.9 -0.9 -0.8 11679	
6.8 6.9 -1.5 -1.4 5785	
6.8 6.9 -2.6 -2.5 677	
6.8 6.9 -3.2 -3.1 130	
6.8 6.9 -4.0 -3.9 20	
6.8 6.9 -4.3 -4.2 9	
6.8 6.9 -4.7 -4.6 2	
6.8 6.9 -6.9 -6.8 1	
6.8 6.9 0.2 0.3 16121	
6.8 6.9 1.5 1.6 4933	
6.8 6.9 2.1 2.2 1695	
6.8 6.9 2.8 2.9 320	
6.8 6.9 3.4 3.5 67	
6.8 6.9 4.0 4.1 23	
6.8 6.9 4.7 4.8 2	
6.8 6.9 5.1 5.2 1	
6.9 7.0 -0.7 -0.6 12458	
6.9 7.0 -1.0 -0.9 9736	
6.9 7.0 -1.3 -1.2 6927	
6.9 7.0 -2.4 -2.3 970	
6.9 7.0 -3.9 -3.8 19	
6.9 7.0 -4.1 -4.0 5	
6.9 7.0 -5.2 -5.1 2	
6.9 7.0 0.1 0.2 15032	
6.9 7.0 0.8 0.9 10585	
6.9 7.0 1.4 1.5 5279	
6.9 7.0 2.0 2.1 1897	
6.9 7.0 2.7 2.8 368	
6.9 7.0 3.1 3.2 115	
6.9 7.0 3.8 3.9 27	
6.9 7.0 4.4 4.5 2	
6.9 7.0 5.0 5.1 1	
6.9 7.0 5.7 5.8 1	
7.0 7.1 -0.2 -0.1 13611	
7.0 7.1 -0.7 -0.6 11122	
7.0 7.1 -1.0 -0.9 8724	
7.0 7.1 -1.3 -1.2 6437	
7.0 7.1 -2.4 -2.3 936	
7.0 7.1 -2.8 -2.7 322	
7.0 7.1 -3.9 -3.8 9	
7.0 7.1 -4.1 -4.0 7	
7.0 7.1 -4.5 -4.4 3	
7.0 7.1 0.0 0.1 13768	
7.0 7.1 0.7 0.8 10491	
7.0 7.1 1.3 1.4 5536	
7.0 7.1 2.4 2.5 684	
7.0 7.1 3.0 3.1 149	
7.0 7.1 3.7 3.8 13	
7.0 7.1 4.3 4.4 5	
7.1 7.2 -1.6 -1.5 3717	
7.1 7.2 -2.7 -2.6 362	
7.1 7.2 -3.0 -2.9 153	
7.1 7.2 -3.3 -3.2 49	
7.1 7.2 -4.4 -4.3 3	
7.1 7.2 -4.8 -4.7 1	
7.1 7.2 0.2 0.3 11943	
7.1 7.2 1.5 1.6 3710	
7.1 7.2 2.1 2.2 1201	
7.1 7.2 2.8 2.9 240	
7.1 7.2 3.4 3.5 28	
7.1 7.2 4.0 4.1 7	
7.1 7.2 4.7 4.8 1	
7.1 7.2 5.1 5.2 1	
7.2 7.3 -0.4 -0.3 10225	
7.2 7.3 -1.5 -1.4 3912	
7.2 7.3 -1.9 -1.8 2008	
7.2 7.3 -2.1 -2.0 1402	
7.2 7.3 -3.2 -3.1 74	
7.2 7.3 -3.6 -3.5 23	
7.2 7.3 -4.7 -4.6 2	
7.2 7.3 -5.0 -4.9 1	
7.2 7.3 0.6 0.7 8782	
7.2 7.3 0.9 1.0 6992	
7.2 7.3 1.2 1.3 5064	
7.2 7.3 2.5 2.6 424	
7.2 7.3 3.8 3.9 11	
7.3 7.4 -0.7 -0.6 7937	
7.3 7.4 -1.0 -0.9 6041	
7.3 7.4 -1.8 -1.7 2048	
7.3 7.4 -2.4 -2.3 624	
7.3 7.4 -3.5 -3.4 26	
7.3 7.4 -3.9 -3.8 5	
7.3 7.4 -4.1 -4.0 7	
7.3 7.4 0.3 0.4 9015	
7.3 7.4 1.6 1.7 2377	
7.3 7.4 1.9 2.0 1430	
7.3 7.4 2.0 2.1 1207	
7.3 7.4 2.7 2.8 209	
7.3 7.4 3.3 3.4 41	
7.4 7.5 -0.1 0.0 8402	
7.4 7.5 -1.2 -1.1 4507	
7.4 7.5 -2.7 -2.6 283	
7.4 7.5 -3.0 -2.9 101	
7.4 7.5 -3.8 -3.7 3	
7.4 7.5 -4.4 -4.3 1	
7.4 7.5 0.5 0.6 7021	
7.4 7.5 1.1 1.2 4382	
7.4 7.5 1.8 1.9 1481	
7.4 7.5 2.4 2.5 413	
7.4 7.5 3.0 3.1 80	
7.4 7.5 3.7 3.8 4	
7.4 7.5 4.3 4.4 2	
7.5 7.6 -0.4 -0.3 6658	
7.5 7.6 -1.5 -1.4 2596	
7.5 7.6 -2.1 -2.0 854	
7.5 7.6 -2.6 -2.5 293	
7.5 7.6 -3.2 -3.1 44	
7.5 7.6 -4.3 -4.2 1	
7.5 7.6 0.2 0.3 6906	
7.5 7.6 1.5 1.6 2175	
7.5 7.6 2.1 2.2 741	
7.5 7.6 2.8 2.9 151	
7.5 7.6 3.4 3.5 29	
7.6 7.7 -0.3 -0.2 5942	
7.6 7.7 -0.7 -0.6 4846	
7.6 7.7 -1.8 -1.7 1342	
7.6 7.7 -2.9 -2.8 99	
7.6 7.7 -3.5 -3.4 13	
7.6 7.7 -4.6 -4.5 1	
7.6 7.7 0.6 0.7 4933	
7.6 7.7 0.9 1.0 3923	
7.6 7.7 1.2 1.3 2854	
7.6 7.7 2.3 2.4 355	
7.6 7.7 3.6 3.7 12	
7.6 7.7 3.9 4.0 2	
7.6 7.7 4.2 4.3 3	
7.7 7.8 -0.6 -0.5 4427	
7.7 7.8 -1.2 -1.1 2767	
7.7 7.8 -2.0 -1.9 807	
7.7 7.8 -2.3 -2.2 392	
7.7 7.8 -3.4 -3.3 18	
7.7 7.8 -3.8 -3.7 4	
7.7 7.8 0.1 0.2 5265	
7.7 7.8 1.4 1.5 1822	
7.7 7.8 2.0 2.1 640	
7.7 7.8 2.7 2.8 128	
7.7 7.8 3.3 3.4 23	
7.8 7.9 -0.9 -0.8 3078	
7.8 7.9 -1.1 -1.0 2442	
7.8 7.9 -1.5 -1.4 1520	
7.8 7.9 -2.6 -2.5 153	
7.8 7.9 -3.7 -3.6 6	
7.8 7.9 -4.0 -3.9 2	
7.8 7.9 0.5 0.6 3669	
7.8 7.9 1.1 1.2 2225	
7.8 7.9 1.8 1.9 828	
7.8 7.9 2.4 2.5 200	
7.8 7.9 3.0 3.1 43	
7.8 7.9 3.7 3.8 5	
7.9 8.0 -0.7 -0.6 2886	
7.9 8.0 -1.0 -0.9 2305	
7.9 8.0 -1.8 -1.7 736	
7.9 8.0 -2.4 -2.3 225	
7.9 8.0 -3.5 -3.4 12	
7.9 8.0 -3.9 -3.8 3	
7.9 8.0 -4.1 -4.0 2	
7.9 8.0 0.4 0.5 3220	
7.9 8.0 1.0 1.1 2046	
7.9 8.0 1.7 1.8 722	
7.9 8.0 2.1 2.2 384	
7.9 8.0 2.8 2.9 69	
7.9 8.0 3.4 3.5 7	
7.9 8.0 4.0 4.1 4	
8.0 8.1 -0.7 -0.6 2387	
8.0 8.1 -1.0 -0.9 1932	
8.0 8.1 -1.3 -1.2 1352	
8.0 8.1 -2.4 -2.3 169	
8.0 8.1 -3.9 -3.8 3	
8.0 8.1 -4.1 -4.0 1	
8.0 8.1 0.3 0.4 2809	
8.0 8.1 1.4 1.5 1075	
8.0 8.1 2.0 2.1 349	
8.0 8.1 2.7 2.8 64	
8.0 8.1 3.3 3.4 10	
8.1 8.2 -1.2 -1.1 1245	
8.1 8.2 -1.6 -1.5 718	
8.1 8.2 -2.7 -2.6 75	
8.1 8.2 -3.0 -2.9 42	
8.1 8.2 -3.3 -3.2 10	
8.1 8.2 -3.8 -3.7 1	
8.1 8.2 0.5 0.6 1994	
8.1 8.2 1.1 1.2 1212	
8.1 8.2 1.8 1.9 412	
8.1 8.2 2.4 2.5 115	
8.1 8.2 3.0 3.1 14	
8.1 8.2 4.1 4.2 1	
8.2 8.3 -0.4 -0.3 1783	
8.2 8.3 -1.5 -1.4 665	
8.2 8.3 -1.9 -1.8 343	
8.2 8.3 -2.1 -2.0 243	
8.2 8.3 -3.2 -3.1 24	
8.2 8.3 0.2 0.3 1866	
8.2 8.3 1.5 1.6 605	
8.2 8.3 2.8 2.9 38	
8.2 8.3 3.2 3.3 9	
8.3 8.4 -0.1 0.0 1499	
8.3 8.4 -0.3 -0.2 1411	
8.3 8.4 -0.7 -0.6 1141	
8.3 8.4 -1.8 -1.7 304	
8.3 8.4 -2.4 -2.3 104	
8.3 8.4 -3.5 -3.4 3	
8.3 8.4 0.6 0.7 1228	
8.3 8.4 0.9 1.0 965	
8.3 8.4 1.0 1.1 860	
8.3 8.4 1.7 1.8 336	
8.3 8.4 2.3 2.4 100	
8.3 8.4 3.9 4.0 2	
8.4 8.5 -0.6 -0.5 1006	
8.4 8.5 -1.2 -1.1 609	
8.4 8.5 -2.0 -1.9 189	
8.4 8.5 -2.3 -2.2 91	
8.4 8.5 -2.7 -2.6 40	
8.4 8.5 0.1 0.2 1172	
8.4 8.5 0.8 0.9 808	
8.4 8.5 1.4 1.5 427	
8.4 8.5 2.0 2.1 145	
8.4 8.5 2.7 2.8 22	
8.4 8.5 3.3 3.4 3	
8.5 8.6 -0.9 -0.8 643	
8.5 8.6 -1.1 -1.0 531	
8.5 8.6 -1.5 -1.4 327	
8.5 8.6 -2.6 -2.5 39	
8.5 8.6 -3.2 -3.1 7	
8.5 8.6 -4.3 -4.2 1	
8.5 8.6 0.5 0.6 798	
8.5 8.6 1.1 1.2 482	
8.5 8.6 1.8 1.9 150	
8.5 8.6 2.4 2.5 35	
8.5 8.6 3.5 3.6 2	
8.6 8.7 -0.3 -0.2 685	
8.6 8.7 -1.4 -1.3 278	
8.6 8.7 -1.8 -1.7 149	
8.6 8.7 -2.9 -2.8 16	
8.6 8.7 -3.1 -3.0 7	
8.6 8.7 0.2 0.3 679	
8.6 8.7 1.3 1.4 309	
8.6 8.7 2.6 2.7 20	
8.6 8.7 2.9 3.0 9	
8.6 8.7 3.2 3.3 3	
8.7 8.8 -0.2 -0.1 512	
8.7 8.8 -0.6 -0.5 443	
8.7 8.8 -1.7 -1.6 132	
8.7 8.8 -2.0 -1.9 71	
8.7 8.8 -2.3 -2.2 45	
8.7 8.8 -3.4 -3.3 2	
8.7 8.8 -3.8 -3.7 1	
8.7 8.8 0.4 0.5 456	
8.7 8.8 1.0 1.1 332	
8.7 8.8 1.7 1.8 111	
8.7 8.8 2.3 2.4 34	
8.7 8.8 3.9 4.0 1	
8.8 8.9 -0.1 0.0 413	
8.8 8.9 -0.5 -0.4 355	
8.8 8.9 -0.9 -0.8 296	
8.8 8.9 -1.1 -1.0 255	
8.8 8.9 -2.2 -2.1 38	
8.8 8.9 -2.6 -2.5 16	
8.8 8.9 0.1 0.2 410	
8.8 8.9 0.8 0.9 284	
8.8 8.9 1.4 1.5 148	
8.8 8.9 2.0 2.1 42	
8.8 8.9 2.7 2.8 10	
8.8 8.9 3.1 3.2 3	
8.9 9.0 -0.3 -0.2 294	
8.9 9.0 -0.7 -0.6 248	
8.9 9.0 -1.8 -1.7 66	
8.9 9.0 -2.4 -2.3 11	
8.9 9.0 -2.9 -2.8 4	
8.9 9.0 -3.5 -3.4 1	
8.9 9.0 0.0 0.1 330	
8.9 9.0 0.7 0.8 212	
8.9 9.0 1.1 1.2 144	
8.9 9.0 1.8 1.9 51	
8.9 9.0 2.4 2.5 14	
8.9 9.0 3.0 3.1 3	
9.0 9.1 -0.7 -0.6 171	
9.0 9.1 -1.0 -0.9 156	
9.0 9.1 -1.8 -1.7 52	
9.0 9.1 -2.4 -2.3 18	
9.0 9.1 -3.5 -3.4 1	
9.0 9.1 0.4 0.5 208	
9.0 9.1 1.0 1.1 123	
9.0 9.1 1.7 1.8 47	
9.0 9.1 2.3 2.4 9	
9.0 9.1 3.9 4.0 1	
9.1 9.2 -0.6 -0.5 134	
9.1 9.2 -1.2 -1.1 86	
9.1 9.2 -2.3 -2.2 12	
9.1 9.2 -2.7 -2.6 3	
9.1 9.2 0.1 0.2 152	
9.1 9.2 0.8 0.9 111	
9.1 9.2 1.4 1.5 47	
9.1 9.2 2.0 2.1 21	
9.1 9.2 2.7 2.8 7	
9.1 9.2 3.1 3.2 1	
9.2 9.3 -0.1 0.0 98	
9.2 9.3 -0.9 -0.8 93	
9.2 9.3 -1.5 -1.4 34	
9.2 9.3 -2.6 -2.5 6	
9.2 9.3 -3.2 -3.1 1	
9.2 9.3 0.5 0.6 111	
9.2 9.3 1.1 1.2 74	
9.2 9.3 1.8 1.9 25	
9.2 9.3 2.2 2.3 11	
9.3 9.4 -0.3 -0.2 94	
9.3 9.4 -1.4 -1.3 26	
9.3 9.4 -1.8 -1.7 15	
9.3 9.4 -2.9 -2.8 2	
9.3 9.4 -3.1 -3.0 1	
9.3 9.4 -3.5 -3.4 1	
9.3 9.4 0.0 0.1 97	
9.3 9.4 0.7 0.8 68	
9.3 9.4 1.3 1.4 26	
9.3 9.4 2.6 2.7 3	
9.3 9.4 2.9 3.0 4	
9.4 9.5 -0.6 -0.5 43	
9.4 9.5 -1.7 -1.6 21	
9.4 9.5 -2.0 -1.9 8	
9.4 9.5 -2.3 -2.2 3	
9.4 9.5 0.4 0.5 58	
9.4 9.5 1.0 1.1 32	
9.4 9.5 1.7 1.8 16	
9.4 9.5 2.3 2.4 2	
9.5 9.6 -0.9 -0.8 29	
9.5 9.6 -1.1 -1.0 22	
9.5 9.6 -2.2 -2.1 3	
9.5 9.6 -2.6 -2.5 2	
9.5 9.6 0.1 0.2 44	
9.5 9.6 0.8 0.9 34	
9.5 9.6 1.4 1.5 13	
9.5 9.6 2.5 2.6 1	
9.5 9.6 3.1 3.2 2	
9.6 9.7 -0.3 -0.2 36	
9.6 9.7 -1.4 -1.3 12	
9.6 9.7 -2.5 -2.4 3	
9.6 9.7 -2.9 -2.8 3	
9.6 9.7 0.3 0.4 34	
9.6 9.7 1.6 1.7 5	
9.6 9.7 1.9 2.0 10	
9.6 9.7 2.2 2.3 4	
9.7 9.8 -0.1 0.0 20	
9.7 9.8 -0.2 -0.1 21	
9.7 9.8 -0.6 -0.5 19	
9.7 9.8 -1.7 -1.6 12	
9.7 9.8 -2.0 -1.9 4	
9.7 9.8 0.0 0.1 19	
9.7 9.8 0.7 0.8 9	
9.7 9.8 1.3 1.4 6	
9.8 9.9 -0.5 -0.4 20	
9.8 9.9 -1.1 -1.0 8	
9.8 9.9 -2.2 -2.1 1	
9.8 9.9 0.4 0.5 11	
9.8 9.9 1.0 1.1 8	
9.8 9.9 1.7 1.8 4	
9.8 9.9 2.1 2.2 1	
9.9 10.0 -0.2 -0.1 9	
9.9 10.0 -0.6 -0.5 6	
9.9 10.0 -1.7 -1.6 1	
9.9 10.0 -2.0 -1.9 1	
9.9 10.0 -2.3 -2.2 1	
9.9 10.0 0.7 0.8 10	
9.9 10.0 1.1 1.2 6	
