-0.1 0.0 -0.3 -0.2 1239	
-0.1 0.0 -1.4 -1.3 6568	
-0.1 0.0 -1.8 -1.7 11180	
-0.1 0.0 -10.4 -10.3 3	
-0.1 0.0 -10.9 -10.8 3	
-0.1 0.0 -2.9 -2.8 24090	
-0.1 0.0 -3.1 -3.0 24436	
-0.1 0.0 -3.5 -3.4 22790	
-0.1 0.0 -4.6 -4.5 15727	
-0.1 0.0 -5.2 -5.1 19108	
-0.1 0.0 -6.0 -5.9 24134	
-0.1 0.0 -6.3 -6.2 22870	
-0.1 0.0 -7.4 -7.3 9598	
-0.1 0.0 -7.8 -7.7 5187	
-0.1 0.0 -8.9 -8.8 385	
-0.1 0.0 -9.1 -9.0 237	
-0.1 0.0 -9.5 -9.4 65	
-0.1 0.0 0.4 0.5 1394	
-0.1 0.0 1.0 1.1 3986	
-0.1 0.0 1.7 1.8 11292	
-0.1 0.0 2.3 2.4 19729	
-0.1 0.0 3.6 3.7 21249	
-0.1 0.0 3.9 4.0 18457	
-0.1 0.0 4.0 4.1 17685	
-0.1 0.0 4.7 4.8 16166	
-0.1 0.0 5.3 5.4 20798	
-0.1 0.0 6.6 6.7 19442	
-0.1 0.0 6.9 7.0 15196	
-0.1 0.0 7.2 7.3 10970	
-0.1 0.0 8.5 8.6 945	
-0.1 0.0 9.6 9.7 20	
-0.2 -0.1 -1.2 -1.1 4629	
-0.2 -0.1 -10.0 -9.9 15	
-0.2 -0.1 -10.1 -10.0 8	
-0.2 -0.1 -2.3 -2.2 18479	
-0.2 -0.1 -2.7 -2.6 23105	
-0.2 -0.1 -3.0 -2.9 24429	
-0.2 -0.1 -3.8 -3.7 20141	
-0.2 -0.1 -4.4 -4.3 15498	
-0.2 -0.1 -5.5 -5.4 21461	
-0.2 -0.1 -5.9 -5.8 23997	
-0.2 -0.1 -6.1 -6.0 23570	
-0.2 -0.1 -7.2 -7.1 12081	
-0.2 -0.1 -8.7 -8.6 729	
-0.2 -0.1 -9.0 -8.9 311	
-0.2 -0.1 -9.8 -9.7 19	
-0.2 -0.1 0.5 0.6 1731	
-0.2 -0.1 1.6 1.7 9913	
-0.2 -0.1 1.9 2.0 13984	
-0.2 -0.1 2.2 2.3 18283	
-0.2 -0.1 3.5 3.6 22011	
-0.2 -0.1 4.1 4.2 16644	
-0.2 -0.1 4.8 4.9 16472	
-0.2 -0.1 5.4 5.5 21773	
-0.2 -0.1 6.5 6.6 20427	
-0.2 -0.1 6.7 6.8 17945	
-0.2 -0.1 7.1 7.2 12192	
-0.2 -0.1 7.8 7.9 4180	
-0.2 -0.1 8.4 8.5 1160	
-0.2 -0.1 9.0 9.1 213	
-0.2 -0.1 9.7 9.8 23	
-0.3 -0.2 -0.1 0.0 1189	
-0.3 -0.2 -0.8 -0.7 2396	
-0.3 -0.2 -1.4 -1.3 6440	
-0.3 -0.2 -1.9 -1.8 12500	
-0.3 -0.2 -2.5 -2.4 20380	
-0.3 -0.2 -3.6 -3.5 21464	
-0.3 -0.2 -4.2 -4.1 16514	
-0.3 -0.2 -5.3 -5.2 19185	
-0.3 -0.2 -5.7 -5.6 22465	
-0.3 -0.2 -6.8 -6.7 17644	
-0.3 -0.2 -7.4 -7.3 9295	
-0.3 -0.2 -8.5 -8.4 1165	
-0.3 -0.2 -9.6 -9.5 34	
-0.3 -0.2 0.3 0.4 1405	
-0.3 -0.2 1.6 1.7 9711	
-0.3 -0.2 1.9 2.0 13790	
-0.3 -0.2 10.4 10.5 4	
-0.3 -0.2 2.2 2.3 17698	
-0.3 -0.2 3.5 3.6 21423	
-0.3 -0.2 4.6 4.7 15203	
-0.3 -0.2 4.8 4.9 16353	
-0.3 -0.2 5.2 5.3 19345	
-0.3 -0.2 6.5 6.6 19930	
-0.3 -0.2 7.1 7.2 11786	
-0.3 -0.2 7.8 7.9 4240	
-0.3 -0.2 8.4 8.5 1185	
-0.3 -0.2 9.7 9.8 21	
-0.3 -0.2 9.9 10.0 12	
-0.4 -0.3 -0.6 -0.5 1853	
-0.4 -0.3 -1.2 -1.1 4620	
-0.4 -0.3 -2.0 -1.9 13477	
-0.4 -0.3 -2.3 -2.2 17557	
-0.4 -0.3 -3.8 -3.7 19265	
-0.4 -0.3 -4.9 -4.8 15798	
-0.4 -0.3 -5.1 -5.0 17083	
-0.4 -0.3 -5.5 -5.4 20524	
-0.4 -0.3 -6.6 -6.5 19371	
-0.4 -0.3 -7.2 -7.1 11637	
-0.4 -0.3 -8.0 -7.9 3360	
-0.4 -0.3 -8.3 -8.2 1772	
-0.4 -0.3 -9.8 -9.7 26	
-0.4 -0.3 0.3 0.4 1581	
-0.4 -0.3 1.6 1.7 9496	
-0.4 -0.3 1.9 2.0 13745	
-0.4 -0.3 10.2 10.3 3	
-0.4 -0.3 10.6 10.7 2	
-0.4 -0.3 2.0 2.1 15065	
-0.4 -0.3 2.7 2.8 22279	
-0.4 -0.3 3.3 3.4 22468	
-0.4 -0.3 4.6 4.7 15186	
-0.4 -0.3 4.9 5.0 16498	
-0.4 -0.3 5.2 5.3 18938	
-0.4 -0.3 6.5 6.6 19465	
-0.4 -0.3 7.8 7.9 4053	
-0.4 -0.3 8.2 8.3 1817	
-0.4 -0.3 9.5 9.6 34	
-0.5 -0.4 -0.4 -0.3 1718	
-0.5 -0.4 -0.8 -0.7 2585	
-0.5 -0.4 -1.9 -1.8 11711	
-0.5 -0.4 -10.0 -9.9 5	
-0.5 -0.4 -10.6 -10.5 1	
-0.5 -0.4 -2.1 -2.0 14477	
-0.5 -0.4 -2.5 -2.4 19639	
-0.5 -0.4 -3.6 -3.5 20714	
-0.5 -0.4 -4.7 -4.6 14233	
-0.5 -0.4 -5.0 -4.9 15839	
-0.5 -0.4 -5.3 -5.2 18044	
-0.5 -0.4 -6.4 -6.3 20480	
-0.5 -0.4 -6.8 -6.7 16311	
-0.5 -0.4 -7.9 -7.8 3793	
-0.5 -0.4 -8.1 -8.0 2616	
-0.5 -0.4 -8.5 -8.4 1099	
-0.5 -0.4 -9.6 -9.5 52	
-0.5 -0.4 0.1 0.2 1470	
-0.5 -0.4 0.8 0.9 2941	
-0.5 -0.4 1.4 1.5 7144	
-0.5 -0.4 10.0 10.1 4	
-0.5 -0.4 10.4 10.5 1	
-0.5 -0.4 2.0 2.1 14561	
-0.5 -0.4 2.7 2.8 22117	
-0.5 -0.4 3.3 3.4 21971	
-0.5 -0.4 4.6 4.7 14551	
-0.5 -0.4 4.9 5.0 15672	
-0.5 -0.4 5.0 5.1 16480	
-0.5 -0.4 6.3 6.4 20313	
-0.5 -0.4 7.6 7.7 5529	
-0.5 -0.4 7.9 8.0 3276	
-0.5 -0.4 8.2 8.3 1739	
-0.5 -0.4 9.5 9.6 40	
-0.6 -0.5 -0.2 -0.1 1720	
-0.6 -0.5 -0.6 -0.5 2173	
-0.6 -0.5 -1.7 -1.6 8944	
-0.6 -0.5 -10.2 -10.1 3	
-0.6 -0.5 -2.0 -1.9 12777	
-0.6 -0.5 -2.3 -2.2 16714	
-0.6 -0.5 -3.4 -3.3 20992	
-0.6 -0.5 -4.9 -4.8 14727	
-0.6 -0.5 -5.1 -5.0 15658	
-0.6 -0.5 -6.2 -6.1 20310	
-0.6 -0.5 -6.6 -6.5 17790	
-0.6 -0.5 -7.7 -7.6 5257	
-0.6 -0.5 -8.0 -7.9 3102	
-0.6 -0.5 -8.3 -8.2 1726	
-0.6 -0.5 -9.4 -9.3 73	
-0.6 -0.5 -9.8 -9.7 13	
-0.6 -0.5 0.1 0.2 1712	
-0.6 -0.5 0.8 0.9 2975	
-0.6 -0.5 1.4 1.5 7022	
-0.6 -0.5 2.0 2.1 13972	
-0.6 -0.5 2.7 2.8 21413	
-0.6 -0.5 3.1 3.2 21818	
-0.6 -0.5 4.4 4.5 13729	
-0.6 -0.5 5.0 5.1 15869	
-0.6 -0.5 5.7 5.8 20420	
-0.6 -0.5 6.3 6.4 19227	
-0.6 -0.5 7.6 7.7 5185	
-0.6 -0.5 7.9 8.0 3028	
-0.6 -0.5 8.0 8.1 2473	
-0.6 -0.5 8.2 8.3 1632	
-0.6 -0.5 9.3 9.4 66	
-0.7 -0.6 -0.4 -0.3 2169	
-0.7 -0.6 -1.5 -1.4 6919	
-0.7 -0.6 -1.9 -1.8 11232	
-0.7 -0.6 -10.3 -10.2 3	
-0.7 -0.6 -2.1 -2.0 13639	
-0.7 -0.6 -3.2 -3.1 20990	
-0.7 -0.6 -3.6 -3.5 19227	
-0.7 -0.6 -4.7 -4.6 13135	
-0.7 -0.6 -5.0 -4.9 14296	
-0.7 -0.6 -5.3 -5.2 16292	
-0.7 -0.6 -5.8 -5.7 19336	
-0.7 -0.6 -6.4 -6.3 18329	
-0.7 -0.6 -7.5 -7.4 6840	
-0.7 -0.6 -7.9 -7.8 3475	
-0.7 -0.6 -8.1 -8.0 2325	
-0.7 -0.6 -9.2 -9.1 137	
-0.7 -0.6 -9.6 -9.5 46	
-0.7 -0.6 0.1 0.2 2038	
-0.7 -0.6 0.8 0.9 3032	
-0.7 -0.6 1.2 1.3 5302	
-0.7 -0.6 10.0 10.1 6	
-0.7 -0.6 2.5 2.6 18922	
-0.7 -0.6 3.1 3.2 20844	
-0.7 -0.6 3.8 3.9 16606	
-0.7 -0.6 4.4 4.5 12814	
-0.7 -0.6 5.0 5.1 14886	
-0.7 -0.6 5.7 5.8 19216	
-0.7 -0.6 6.1 6.2 19035	
-0.7 -0.6 6.3 6.4 18169	
-0.7 -0.6 7.4 7.5 6784	
-0.7 -0.6 8.0 8.1 2392	
-0.7 -0.6 8.7 8.8 455	
-0.7 -0.6 9.3 9.4 60	
-0.8 -0.7 -0.2 -0.1 2263	
-0.8 -0.7 -1.3 -1.2 5124	
-0.8 -0.7 -1.7 -1.6 8476	
-0.8 -0.7 -10.4 -10.3 1	
-0.8 -0.7 -2.0 -1.9 11935	
-0.8 -0.7 -2.8 -2.7 19346	
-0.8 -0.7 -3.4 -3.3 19185	
-0.8 -0.7 -4.5 -4.4 12411	
-0.8 -0.7 -4.9 -4.8 12677	
-0.8 -0.7 -5.1 -5.0 14047	
-0.8 -0.7 -6.2 -6.1 18056	
-0.8 -0.7 -7.7 -7.6 4688	
-0.8 -0.7 -8.0 -7.9 2748	
-0.8 -0.7 -8.8 -8.7 408	
-0.8 -0.7 -9.4 -9.3 72	
-0.8 -0.7 0.6 0.7 2857	
-0.8 -0.7 0.9 1.0 3711	
-0.8 -0.7 1.2 1.3 5279	
-0.8 -0.7 10.7 10.8 1	
-0.8 -0.7 11.3 11.4 1	
-0.8 -0.7 2.5 2.6 18204	
-0.8 -0.7 3.1 3.2 19838	
-0.8 -0.7 3.8 3.9 15661	
-0.8 -0.7 4.2 4.3 13036	
-0.8 -0.7 4.4 4.5 12290	
-0.8 -0.7 5.5 5.6 17101	
-0.8 -0.7 6.1 6.2 17850	
-0.8 -0.7 6.8 6.9 12779	
-0.8 -0.7 7.4 7.5 6325	
-0.8 -0.7 8.0 8.1 2225	
-0.8 -0.7 8.7 8.8 410	
-0.8 -0.7 9.3 9.4 70	
-0.9 -0.8 -0.4 -0.3 2872	
-0.9 -0.8 -0.9 -0.8 3573	
-0.9 -0.8 -1.5 -1.4 6537	
-0.9 -0.8 -2.6 -2.5 17188	
-0.9 -0.8 -3.2 -3.1 19059	
-0.9 -0.8 -4.3 -4.2 12451	
-0.9 -0.8 -4.7 -4.6 11537	
-0.9 -0.8 -5.8 -5.7 16491	
-0.9 -0.8 -6.4 -6.3 15595	
-0.9 -0.8 -7.5 -7.4 5816	
-0.9 -0.8 -8.1 -8.0 2029	
-0.9 -0.8 -8.6 -8.5 634	
-0.9 -0.8 -9.2 -9.1 111	
-0.9 -0.8 0.6 0.7 3171	
-0.9 -0.8 0.9 1.0 3787	
-0.9 -0.8 1.2 1.3 5173	
-0.9 -0.8 10.0 10.1 3	
-0.9 -0.8 10.5 10.6 2	
-0.9 -0.8 2.3 2.4 15619	
-0.9 -0.8 2.5 2.6 17532	
-0.9 -0.8 3.6 3.7 16490	
-0.9 -0.8 3.9 4.0 14119	
-0.9 -0.8 4.2 4.3 12410	
-0.9 -0.8 5.5 5.6 15660	
-0.9 -0.8 6.1 6.2 16558	
-0.9 -0.8 6.8 6.9 11686	
-0.9 -0.8 7.4 7.5 5834	
-0.9 -0.8 8.5 8.6 654	
-0.9 -0.8 9.1 9.2 125	
-0.9 -0.8 9.8 9.9 10	
-1.0 -0.9 -0.4 -0.3 3246	
-1.0 -0.9 -0.9 -0.8 3937	
-1.0 -0.9 -1.5 -1.4 6566	
-1.0 -0.9 -2.6 -2.5 16576	
-1.0 -0.9 -3.2 -3.1 18312	
-1.0 -0.9 -4.3 -4.2 11768	
-1.0 -0.9 -4.7 -4.6 10731	
-1.0 -0.9 -5.8 -5.7 15306	
-1.0 -0.9 -6.4 -6.3 14347	
-1.0 -0.9 -7.5 -7.4 5402	
-1.0 -0.9 -8.1 -8.0 1802	
-1.0 -0.9 -8.6 -8.5 613	
-1.0 -0.9 -9.2 -9.1 137	
-1.0 -0.9 0.4 0.5 3442	
-1.0 -0.9 1.0 1.1 4445	
-1.0 -0.9 1.7 1.8 9008	
-1.0 -0.9 10.0 10.1 4	
-1.0 -0.9 10.5 10.6 1	
-1.0 -0.9 2.3 2.4 15018	
-1.0 -0.9 3.6 3.7 15469	
-1.0 -0.9 3.9 4.0 13485	
-1.0 -0.9 4.0 4.1 12651	
-1.0 -0.9 4.7 4.8 10844	
-1.0 -0.9 5.3 5.4 13510	
-1.0 -0.9 6.6 6.7 12292	
-1.0 -0.9 6.9 7.0 9737	
-1.0 -0.9 7.2 7.3 7046	
-1.0 -0.9 8.5 8.6 582	
-1.0 -0.9 9.6 9.7 23	
-1.1 -1.0 -0.6 -0.5 3952	
-1.1 -1.0 -1.7 -1.6 7926	
-1.1 -1.0 -10.0 -9.9 15	
-1.1 -1.0 -10.2 -10.1 1	
-1.1 -1.0 -2.0 -1.9 10469	
-1.1 -1.0 -2.3 -2.2 13244	
-1.1 -1.0 -3.4 -3.3 16520	
-1.1 -1.0 -3.8 -3.7 14241	
-1.1 -1.0 -4.9 -4.8 10180	
-1.1 -1.0 -5.1 -5.0 11010	
-1.1 -1.0 -6.6 -6.5 11789	
-1.1 -1.0 -7.7 -7.6 3513	
-1.1 -1.0 -8.0 -7.9 2040	
-1.1 -1.0 -8.3 -8.2 1085	
-1.1 -1.0 -9.4 -9.3 45	
-1.1 -1.0 -9.8 -9.7 9	
-1.1 -1.0 0.6 0.7 4011	
-1.1 -1.0 0.9 1.0 4434	
-1.1 -1.0 1.0 1.1 4588	
-1.1 -1.0 10.2 10.3 2	
-1.1 -1.0 2.3 2.4 14238	
-1.1 -1.0 3.6 3.7 14810	
-1.1 -1.0 3.9 4.0 12720	
-1.1 -1.0 4.2 4.3 10959	
-1.1 -1.0 5.5 5.6 13150	
-1.1 -1.0 6.1 6.2 13638	
-1.1 -1.0 6.8 6.9 9381	
-1.1 -1.0 7.2 7.3 6305	
-1.1 -1.0 8.5 8.6 546	
-1.1 -1.0 9.1 9.2 86	
-1.1 -1.0 9.8 9.9 8	
-1.2 -1.1 -0.4 -0.3 4591	
-1.2 -1.1 -1.5 -1.4 6341	
-1.2 -1.1 -1.9 -1.8 9323	
-1.2 -1.1 -10.3 -10.2 2	
-1.2 -1.1 -2.1 -2.0 11121	
-1.2 -1.1 -3.2 -3.1 16627	
-1.2 -1.1 -3.6 -3.5 14894	
-1.2 -1.1 -4.7 -4.6 9237	
-1.2 -1.1 -5.0 -4.9 9543	
-1.2 -1.1 -5.3 -5.2 10683	
-1.2 -1.1 -6.4 -6.3 11741	
-1.2 -1.1 -7.5 -7.4 4349	
-1.2 -1.1 -7.9 -7.8 2205	
-1.2 -1.1 -8.1 -8.0 1492	
-1.2 -1.1 -9.2 -9.1 80	
-1.2 -1.1 -9.6 -9.5 21	
-1.2 -1.1 0.4 0.5 4581	
-1.2 -1.1 1.0 1.1 5005	
-1.2 -1.1 1.7 1.8 8390	
-1.2 -1.1 10.0 10.1 2	
-1.2 -1.1 2.3 2.4 13925	
-1.2 -1.1 3.6 3.7 14135	
-1.2 -1.1 3.9 4.0 12060	
-1.2 -1.1 4.0 4.1 11455	
-1.2 -1.1 4.2 4.3 10315	
-1.2 -1.1 5.3 5.4 10948	
-1.2 -1.1 6.6 6.7 10016	
-1.2 -1.1 6.9 7.0 7770	
-1.2 -1.1 7.2 7.3 5677	
-1.2 -1.1 8.5 8.6 490	
-1.2 -1.1 9.1 9.2 93	
-1.2 -1.1 9.8 9.9 7	
-1.2 -1.1 9.9 10.0 3	
-1.3 -1.2 -0.2 -0.1 5536	
-1.3 -1.2 -1.7 -1.6 7957	
-1.3 -1.2 -10.4 -10.3 1	
-1.3 -1.2 -2.0 -1.9 10163	
-1.3 -1.2 -2.8 -2.7 15828	
-1.3 -1.2 -3.4 -3.3 15441	
-1.3 -1.2 -4.5 -4.4 8973	
-1.3 -1.2 -4.9 -4.8 8608	
-1.3 -1.2 -5.1 -5.0 8979	
-1.3 -1.2 -6.2 -6.1 10965	
-1.3 -1.2 -6.6 -6.5 9356	
-1.3 -1.2 -7.7 -7.6 2764	
-1.3 -1.2 -8.0 -7.9 1661	
-1.3 -1.2 -8.8 -8.7 281	
-1.3 -1.2 -9.4 -9.3 35	
-1.3 -1.2 0.4 0.5 5281	
-1.3 -1.2 1.0 1.1 5426	
-1.3 -1.2 1.7 1.8 8585	
-1.3 -1.2 2.1 2.2 11800	
-1.3 -1.2 2.3 2.4 13597	
-1.3 -1.2 3.4 3.5 15139	
-1.3 -1.2 4.0 4.1 10940	
-1.3 -1.2 4.7 4.8 8437	
-1.3 -1.2 5.3 5.4 9899	
-1.3 -1.2 6.6 6.7 8617	
-1.3 -1.2 6.9 7.0 6912	
-1.3 -1.2 7.2 7.3 5029	
-1.3 -1.2 8.3 8.4 665	
-1.3 -1.2 9.6 9.7 23	
-1.4 -1.3 -0.4 -0.3 6381	
-1.4 -1.3 -1.5 -1.4 6834	
-1.4 -1.3 -10.0 -9.9 3	
-1.4 -1.3 -2.1 -2.0 10863	
-1.4 -1.3 -2.6 -2.5 14436	
-1.4 -1.3 -3.2 -3.1 15982	
-1.4 -1.3 -4.3 -4.2 9444	
-1.4 -1.3 -4.7 -4.6 8010	
-1.4 -1.3 -5.8 -5.7 9719	
-1.4 -1.3 -6.4 -6.3 9087	
-1.4 -1.3 -7.5 -7.4 3396	
-1.4 -1.3 -8.1 -8.0 1245	
-1.4 -1.3 -9.2 -9.1 76	
-1.4 -1.3 0.2 0.3 6350	
-1.4 -1.3 0.4 0.5 6150	
-1.4 -1.3 1.5 1.6 7259	
-1.4 -1.3 10.0 10.1 8	
-1.4 -1.3 2.1 2.2 11478	
-1.4 -1.3 2.8 2.9 15610	
-1.4 -1.3 3.4 3.5 14441	
-1.4 -1.3 4.0 4.1 10492	
-1.4 -1.3 4.7 4.8 7714	
-1.4 -1.3 5.3 5.4 8717	
-1.4 -1.3 6.4 6.5 8803	
-1.4 -1.3 7.0 7.1 5552	
-1.4 -1.3 7.7 7.8 2122	
-1.4 -1.3 8.3 8.4 595	
-1.4 -1.3 9.6 9.7 6	
-1.5 -1.4 -0.1 0.0 7599	
-1.5 -1.4 -0.2 -0.1 7503	
-1.5 -1.4 -1.0 -0.9 6501	
-1.5 -1.4 -1.3 -1.2 6547	
-1.5 -1.4 -1.7 -1.6 8022	
-1.5 -1.4 -10.1 -10.0 3	
-1.5 -1.4 -2.8 -2.7 15132	
-1.5 -1.4 -3.9 -3.8 11714	
-1.5 -1.4 -4.5 -4.4 7956	
-1.5 -1.4 -5.6 -5.5 8072	
-1.5 -1.4 -6.2 -6.1 8367	
-1.5 -1.4 -7.0 -6.9 5392	
-1.5 -1.4 -7.3 -7.2 3787	
-1.5 -1.4 -7.7 -7.6 2105	
-1.5 -1.4 -8.8 -8.7 217	
-1.5 -1.4 -9.4 -9.3 41	
-1.5 -1.4 -9.9 -9.8 1	
-1.5 -1.4 0.2 0.3 7329	
-1.5 -1.4 1.5 1.6 7608	
-1.5 -1.4 2.1 2.2 11627	
-1.5 -1.4 2.8 2.9 15583	
-1.5 -1.4 3.4 3.5 14549	
-1.5 -1.4 4.5 4.6 7630	
-1.5 -1.4 5.1 5.2 7470	
-1.5 -1.4 5.8 5.9 8506	
-1.5 -1.4 6.4 6.5 7570	
-1.5 -1.4 7.0 7.1 4812	
-1.5 -1.4 7.7 7.8 1805	
-1.5 -1.4 8.3 8.4 548	
-1.5 -1.4 9.4 9.5 22	
-1.6 -1.5 -0.9 -0.8 7521	
-1.6 -1.5 -1.1 -1.0 7182	
-1.6 -1.5 -1.5 -1.4 7585	
-1.6 -1.5 -2.6 -2.5 14077	
-1.6 -1.5 -3.2 -3.1 15319	
-1.6 -1.5 -4.0 -3.9 10886	
-1.6 -1.5 -4.3 -4.2 8618	
-1.6 -1.5 -5.4 -5.3 6926	
-1.6 -1.5 -5.8 -5.7 7321	
-1.6 -1.5 -6.9 -6.8 4979	
-1.6 -1.5 -7.1 -7.0 4240	
-1.6 -1.5 -7.5 -7.4 2553	
-1.6 -1.5 -8.6 -8.5 297	
-1.6 -1.5 -9.2 -9.1 46	
-1.6 -1.5 0.2 0.3 8462	
-1.6 -1.5 1.5 1.6 7850	
-1.6 -1.5 2.6 2.7 14571	
-1.6 -1.5 2.9 3.0 15624	
-1.6 -1.5 3.2 3.3 15218	
-1.6 -1.5 4.5 4.6 7229	
-1.6 -1.5 5.1 5.2 6548	
-1.6 -1.5 5.8 5.9 7222	
-1.6 -1.5 6.4 6.5 6607	
-1.6 -1.5 7.5 7.6 2141	
-1.6 -1.5 8.1 8.2 677	
-1.6 -1.5 8.8 8.9 114	
-1.6 -1.5 9.4 9.5 21	
-1.7 -1.6 -0.7 -0.6 8710	
-1.7 -1.6 -1.0 -0.9 8059	
-1.7 -1.6 -1.3 -1.2 7883	
-1.7 -1.6 -2.4 -2.3 13393	
-1.7 -1.6 -2.8 -2.7 15466	
-1.7 -1.6 -3.9 -3.8 11410	
-1.7 -1.6 -4.1 -4.0 9838	
-1.7 -1.6 -4.5 -4.4 7315	
-1.7 -1.6 -5.6 -5.5 6283	
-1.7 -1.6 -6.7 -6.6 5058	
-1.7 -1.6 -7.0 -6.9 3883	
-1.7 -1.6 -7.3 -7.2 2768	
-1.7 -1.6 -8.4 -8.3 388	
-1.7 -1.6 -8.8 -8.7 147	
-1.7 -1.6 -9.9 -9.8 4	
-1.7 -1.6 0.0 0.1 10007	
-1.7 -1.6 0.7 0.8 8536	
-1.7 -1.6 1.3 1.4 7958	
-1.7 -1.6 2.6 2.7 14947	
-1.7 -1.6 2.9 3.0 15881	
-1.7 -1.6 3.2 3.3 15310	
-1.7 -1.6 4.5 4.6 6934	
-1.7 -1.6 5.6 5.7 6356	
-1.7 -1.6 5.9 6.0 6338	
-1.7 -1.6 6.2 6.3 6010	
-1.7 -1.6 7.5 7.6 1813	
-1.7 -1.6 8.1 8.2 599	
-1.7 -1.6 8.8 8.9 108	
-1.7 -1.6 9.4 9.5 12	
-1.8 -1.7 -0.5 -0.4 10630	
-1.8 -1.7 -0.9 -0.8 9329	
-1.8 -1.7 -1.1 -1.0 8772	
-1.8 -1.7 -2.2 -2.1 12118	
-1.8 -1.7 -2.6 -2.5 15007	
-1.8 -1.7 -3.7 -3.6 13313	
-1.8 -1.7 -4.0 -3.9 10829	
-1.8 -1.7 -4.3 -4.2 8557	
-1.8 -1.7 -5.4 -5.3 5186	
-1.8 -1.7 -6.5 -6.4 4741	
-1.8 -1.7 -6.9 -6.8 3627	
-1.8 -1.7 -7.1 -7.0 3042	
-1.8 -1.7 -8.2 -8.1 486	
-1.8 -1.7 -8.6 -8.5 214	
-1.8 -1.7 -9.7 -9.6 4	
-1.8 -1.7 0.0 0.1 11373	
-1.8 -1.7 0.7 0.8 9401	
-1.8 -1.7 1.3 1.4 8443	
-1.8 -1.7 10.1 10.2 1	
-1.8 -1.7 10.5 10.6 1	
-1.8 -1.7 2.6 2.7 15407	
-1.8 -1.7 2.9 3.0 16227	
-1.8 -1.7 3.0 3.1 16257	
-1.8 -1.7 3.7 3.8 12430	
-1.8 -1.7 4.3 4.4 7786	
-1.8 -1.7 5.6 5.7 5251	
-1.8 -1.7 5.9 6.0 5342	
-1.8 -1.7 6.2 6.3 4989	
-1.8 -1.7 7.5 7.6 1558	
-1.8 -1.7 8.6 8.7 163	
-1.8 -1.7 9.2 9.3 24	
-1.9 -1.8 -0.1 0.0 12497	
-1.9 -1.8 -0.7 -0.6 10985	
-1.9 -1.8 -1.0 -0.9 9949	
-1.9 -1.8 -1.8 -1.7 10266	
-1.9 -1.8 -10.2 -10.1 1	
-1.9 -1.8 -2.4 -2.3 14082	
-1.9 -1.8 -3.5 -3.4 15124	
-1.9 -1.8 -3.9 -3.8 11970	
-1.9 -1.8 -4.1 -4.0 10331	
-1.9 -1.8 -5.2 -5.1 4733	
-1.9 -1.8 -5.6 -5.5 4546	
-1.9 -1.8 -6.7 -6.6 3475	
-1.9 -1.8 -7.0 -6.9 2716	
-1.9 -1.8 -7.8 -7.7 945	
-1.9 -1.8 -8.4 -8.3 290	
-1.9 -1.8 -9.5 -9.4 15	
-1.9 -1.8 -9.9 -9.8 3	
-1.9 -1.8 0.0 0.1 12619	
-1.9 -1.8 0.7 0.8 10610	
-1.9 -1.8 1.1 1.2 9517	
-1.9 -1.8 1.8 1.9 10952	
-1.9 -1.8 2.4 2.5 14949	
-1.9 -1.8 3.0 3.1 16892	
-1.9 -1.8 3.7 3.8 12967	
-1.9 -1.8 4.3 4.4 7812	
-1.9 -1.8 5.6 5.7 4541	
-1.9 -1.8 5.9 6.0 4583	
-1.9 -1.8 6.0 6.1 4501	
-1.9 -1.8 6.7 6.8 3179	
-1.9 -1.8 7.3 7.4 1735	
-1.9 -1.8 8.6 8.7 131	
-1.9 -1.8 8.9 9.0 67	
-1.9 -1.8 9.2 9.3 14	
-10.0 -9.9 -0.7 -0.6 8	
-10.0 -9.9 -1.0 -0.9 5	
-10.0 -9.9 -1.3 -1.2 3	
-10.0 -9.9 0.3 0.4 8	
-10.0 -9.9 1.4 1.5 1	
-10.0 -9.9 1.9 2.0 4	
-10.0 -9.9 2.0 2.1 1	
-10.1 -10.0 -0.7 -0.6 6	
-10.1 -10.0 -1.0 -0.9 2	
-10.1 -10.0 -1.3 -1.2 3	
-10.1 -10.0 -2.4 -2.3 1	
-10.1 -10.0 0.0 0.1 6	
-10.1 -10.0 0.7 0.8 6	
-10.1 -10.0 1.3 1.4 3	
-10.2 -10.1 -0.9 -0.8 2	
-10.2 -10.1 -1.1 -1.0 1	
-10.2 -10.1 0.3 0.4 3	
-10.2 -10.1 1.6 1.7 2	
-10.3 -10.2 -0.1 0.0 1	
-10.3 -10.2 -0.7 -0.6 1	
-10.3 -10.2 -1.0 -0.9 1	
-10.3 -10.2 -1.3 -1.2 2	
-10.3 -10.2 -2.4 -2.3 1	
-10.3 -10.2 0.1 0.2 2	
-10.3 -10.2 0.8 0.9 2	
-10.4 -10.3 -0.5 -0.4 2	
-10.4 -10.3 -0.9 -0.8 1	
-10.4 -10.3 -1.1 -1.0 1	
-10.4 -10.3 -2.2 -2.1 2	
-10.4 -10.3 0.6 0.7 3	
-10.4 -10.3 0.9 1.0 1	
-10.4 -10.3 1.2 1.3 1	
-10.5 -10.4 -0.7 -0.6 1	
-10.5 -10.4 -1.3 -1.2 1	
-10.5 -10.4 0.2 0.3 1	
-10.6 -10.5 -0.5 -0.4 1	
-10.6 -10.5 0.0 0.1 2	
-10.7 -10.6 -0.7 -0.6 1	
-10.7 -10.6 1.1 1.2 1	
-10.8 -10.7 0.1 0.2 1	
-2.0 -1.9 -0.7 -0.6 12250	
-2.0 -1.9 -1.0 -0.9 10687	
-2.0 -1.9 -1.8 -1.7 11005	
-2.0 -1.9 -2.4 -2.3 14748	
-2.0 -1.9 -3.5 -3.4 16007	
-2.0 -1.9 -3.9 -3.8 12484	
-2.0 -1.9 -4.1 -4.0 10603	
-2.0 -1.9 -5.2 -5.1 4244	
-2.0 -1.9 -5.6 -5.5 3830	
-2.0 -1.9 -6.7 -6.6 2855	
-2.0 -1.9 -7.0 -6.9 2240	
-2.0 -1.9 -7.8 -7.7 824	
-2.0 -1.9 -8.4 -8.3 232	
-2.0 -1.9 -9.5 -9.4 10	
-2.0 -1.9 0.5 0.6 12827	
-2.0 -1.9 1.1 1.2 10116	
-2.0 -1.9 1.8 1.9 11584	
-2.0 -1.9 10.3 10.4 1	
-2.0 -1.9 2.2 2.3 14140	
-2.0 -1.9 3.5 3.6 15118	
-2.0 -1.9 4.1 4.2 9675	
-2.0 -1.9 4.8 4.9 5074	
-2.0 -1.9 5.4 5.5 3923	
-2.0 -1.9 6.0 6.1 3801	
-2.0 -1.9 6.7 6.8 2661	
-2.0 -1.9 7.1 7.2 1730	
-2.0 -1.9 8.4 8.5 147	
-2.0 -1.9 9.0 9.1 28	
-2.0 -1.9 9.7 9.8 1	
-2.1 -2.0 -0.9 -0.8 12662	
-2.1 -2.0 -1.1 -1.0 11445	
-2.1 -2.0 -1.5 -1.4 10760	
-2.1 -2.0 -2.6 -2.5 17091	
-2.1 -2.0 -3.2 -3.1 17970	
-2.1 -2.0 -4.0 -3.9 11927	
-2.1 -2.0 -4.3 -4.2 8800	
-2.1 -2.0 -5.8 -5.7 3280	
-2.1 -2.0 -6.9 -6.8 2018	
-2.1 -2.0 -7.1 -7.0 1642	
-2.1 -2.0 -7.5 -7.4 999	
-2.1 -2.0 -8.6 -8.5 123	
-2.1 -2.0 -9.2 -9.1 19	
-2.1 -2.0 0.5 0.6 13678	
-2.1 -2.0 1.1 1.2 11140	
-2.1 -2.0 1.8 1.9 12028	
-2.1 -2.0 2.4 2.5 16291	
-2.1 -2.0 3.0 3.1 18151	
-2.1 -2.0 3.7 3.8 14003	
-2.1 -2.0 4.3 4.4 7953	
-2.1 -2.0 5.4 5.5 3465	
-2.1 -2.0 6.0 6.1 3031	
-2.1 -2.0 6.7 6.8 2147	
-2.1 -2.0 7.3 7.4 1154	
-2.1 -2.0 8.6 8.7 114	
-2.1 -2.0 8.9 9.0 42	
-2.1 -2.0 9.2 9.3 10	
-2.2 -2.1 -0.7 -0.6 14732	
-2.2 -2.1 -1.0 -0.9 12958	
-2.2 -2.1 -1.3 -1.2 11709	
-2.2 -2.1 -2.4 -2.3 16452	
-2.2 -2.1 -2.8 -2.7 18734	
-2.2 -2.1 -3.9 -3.8 13319	
-2.2 -2.1 -4.1 -4.0 11453	
-2.2 -2.1 -4.5 -4.4 7542	
-2.2 -2.1 -5.6 -5.5 2928	
-2.2 -2.1 -6.2 -6.1 2375	
-2.2 -2.1 -6.7 -6.6 1916	
-2.2 -2.1 -7.0 -6.9 1550	
-2.2 -2.1 -7.3 -7.2 1125	
-2.2 -2.1 -8.4 -8.3 164	
-2.2 -2.1 -8.8 -8.7 43	
-2.2 -2.1 0.5 0.6 15350	
-2.2 -2.1 1.1 1.2 12137	
-2.2 -2.1 1.8 1.9 12867	
-2.2 -2.1 2.4 2.5 16983	
-2.2 -2.1 3.5 3.6 16393	
-2.2 -2.1 4.1 4.2 10244	
-2.2 -2.1 4.8 4.9 4616	
-2.2 -2.1 5.4 5.5 2955	
-2.2 -2.1 6.0 6.1 2536	
-2.2 -2.1 6.7 6.8 1846	
-2.2 -2.1 7.3 7.4 921	
-2.2 -2.1 8.4 8.5 131	
-2.2 -2.1 8.9 9.0 37	
-2.2 -2.1 9.0 9.1 24	
-2.2 -2.1 9.7 9.8 3	
-2.3 -2.2 -0.9 -0.8 14600	
-2.3 -2.2 -1.1 -1.0 13373	
-2.3 -2.2 -2.2 -2.1 15549	
-2.3 -2.2 -2.6 -2.5 18610	
-2.3 -2.2 -3.7 -3.6 16236	
-2.3 -2.2 -4.0 -3.9 12859	
-2.3 -2.2 -4.3 -4.2 9376	
-2.3 -2.2 -5.4 -5.3 2818	
-2.3 -2.2 -6.9 -6.8 1308	
-2.3 -2.2 -7.1 -7.0 1151	
-2.3 -2.2 -8.6 -8.5 89	
-2.3 -2.2 0.5 0.6 16597	
-2.3 -2.2 1.6 1.7 12493	
-2.3 -2.2 1.9 2.0 14127	
-2.3 -2.2 2.2 2.3 16626	
-2.3 -2.2 3.5 3.6 17377	
-2.3 -2.2 4.1 4.2 10508	
-2.3 -2.2 4.8 4.9 4579	
-2.3 -2.2 5.4 5.5 2616	
-2.3 -2.2 6.5 6.6 1702	
-2.3 -2.2 7.1 7.2 1009	
-2.3 -2.2 7.8 7.9 364	
-2.3 -2.2 8.4 8.5 100	
-2.3 -2.2 9.0 9.1 25	
-2.3 -2.2 9.7 9.8 2	
-2.4 -2.3 -0.1 0.0 19702	
-2.4 -2.3 -0.7 -0.6 17083	
-2.4 -2.3 -1.0 -0.9 15079	
-2.4 -2.3 -1.3 -1.2 13258	
-2.4 -2.3 -1.8 -1.7 13894	
-2.4 -2.3 -2.4 -2.3 18023	
-2.4 -2.3 -3.5 -3.4 19099	
-2.4 -2.3 -3.9 -3.8 14572	
-2.4 -2.3 -4.1 -4.0 12064	
-2.4 -2.3 -5.2 -5.1 2942	
-2.4 -2.3 -5.6 -5.5 2295	
-2.4 -2.3 -6.7 -6.6 1226	
-2.4 -2.3 -7.0 -6.9 989	
-2.4 -2.3 -7.3 -7.2 714	
-2.4 -2.3 -7.8 -7.7 339	
-2.4 -2.3 -8.4 -8.3 82	
-2.4 -2.3 -9.5 -9.4 7	
-2.4 -2.3 0.3 0.4 18781	
-2.4 -2.3 1.6 1.7 13391	
-2.4 -2.3 1.9 2.0 14888	
-2.4 -2.3 2.2 2.3 17383	
-2.4 -2.3 3.5 3.6 17927	
-2.4 -2.3 4.6 4.7 5917	
-2.4 -2.3 5.2 5.3 2765	
-2.4 -2.3 6.5 6.6 1392	
-2.4 -2.3 7.1 7.2 731	
-2.4 -2.3 7.8 7.9 287	
-2.4 -2.3 8.4 8.5 64	
-2.4 -2.3 9.7 9.8 1	
-2.4 -2.3 9.9 10.0 1	
-2.5 -2.4 -0.5 -0.4 19435	
-2.5 -2.4 -1.1 -1.0 15146	
-2.5 -2.4 -2.2 -2.1 17281	
-2.5 -2.4 -3.3 -3.2 21121	
-2.5 -2.4 -3.7 -3.6 17704	
-2.5 -2.4 -4.0 -3.9 13950	
-2.5 -2.4 -4.8 -4.7 5285	
-2.5 -2.4 -5.4 -5.3 2326	
-2.5 -2.4 -6.5 -6.4 1160	
-2.5 -2.4 -6.9 -6.8 823	
-2.5 -2.4 -7.1 -7.0 748	
-2.5 -2.4 -8.2 -8.1 116	
-2.5 -2.4 -9.7 -9.6 2	
-2.5 -2.4 0.3 0.4 20114	
-2.5 -2.4 1.6 1.7 14071	
-2.5 -2.4 1.9 2.0 15856	
-2.5 -2.4 2.0 2.1 16495	
-2.5 -2.4 2.7 2.8 21405	
-2.5 -2.4 3.3 3.4 20680	
-2.5 -2.4 4.6 4.7 6031	
-2.5 -2.4 4.9 5.0 3916	
-2.5 -2.4 5.2 5.3 2579	
-2.5 -2.4 6.5 6.6 1109	
-2.5 -2.4 7.8 7.9 205	
-2.5 -2.4 8.2 8.3 86	
-2.5 -2.4 9.5 9.6 1	
-2.6 -2.5 -0.3 -0.2 21347	
-2.6 -2.5 -0.7 -0.6 18876	
-2.6 -2.5 -1.8 -1.7 15006	
-2.6 -2.5 -2.4 -2.3 19704	
-2.6 -2.5 -2.9 -2.8 22444	
-2.6 -2.5 -3.5 -3.4 20528	
-2.6 -2.5 -4.6 -4.5 7205	
-2.6 -2.5 -5.2 -5.1 2887	
-2.6 -2.5 -6.3 -6.2 1042	
-2.6 -2.5 -6.7 -6.6 757	
-2.6 -2.5 -7.8 -7.7 198	
-2.6 -2.5 -8.4 -8.3 61	
-2.6 -2.5 -9.5 -9.4 6	
-2.6 -2.5 0.1 0.2 22092	
-2.6 -2.5 0.8 0.9 17341	
-2.6 -2.5 1.4 1.5 14354	
-2.6 -2.5 2.0 2.1 16887	
-2.6 -2.5 2.7 2.8 22788	
-2.6 -2.5 3.3 3.4 21472	
-2.6 -2.5 4.6 4.7 6182	
-2.6 -2.5 4.9 5.0 3843	
-2.6 -2.5 5.0 5.1 3371	
-2.6 -2.5 6.3 6.4 954	
-2.6 -2.5 7.6 7.7 239	
-2.6 -2.5 7.9 8.0 156	
-2.6 -2.5 8.2 8.3 67	
-2.7 -2.6 -0.5 -0.4 21303	
-2.7 -2.6 -1.6 -1.5 14806	
-2.7 -2.6 -2.2 -2.1 18700	
-2.7 -2.6 -3.0 -2.9 23411	
-2.7 -2.6 -3.3 -3.2 22651	
-2.7 -2.6 -4.8 -4.7 5281	
-2.7 -2.6 -5.9 -5.8 1160	
-2.7 -2.6 -6.1 -6.0 911	
-2.7 -2.6 -6.5 -6.4 697	
-2.7 -2.6 -7.6 -7.5 220	
-2.7 -2.6 -8.2 -8.1 83	
-2.7 -2.6 -9.0 -8.9 8	
-2.7 -2.6 -9.3 -9.2 4	
-2.7 -2.6 -9.7 -9.6 1	
-2.7 -2.6 0.1 0.2 22651	
-2.7 -2.6 0.8 0.9 17958	
-2.7 -2.6 1.4 1.5 14824	
-2.7 -2.6 2.0 2.1 17464	
-2.7 -2.6 2.7 2.8 23004	
-2.7 -2.6 3.1 3.2 23200	
-2.7 -2.6 4.4 4.5 8279	
-2.7 -2.6 5.0 5.1 3294	
-2.7 -2.6 5.7 5.8 1226	
-2.7 -2.6 6.3 6.4 776	
-2.7 -2.6 7.6 7.7 184	
-2.7 -2.6 7.9 8.0 109	
-2.7 -2.6 8.0 8.1 86	
-2.7 -2.6 9.3 9.4 2	
-2.8 -2.7 -0.3 -0.2 23059	
-2.8 -2.7 -1.4 -1.3 15260	
-2.8 -2.7 -1.8 -1.7 15997	
-2.8 -2.7 -2.9 -2.8 23979	
-2.8 -2.7 -3.1 -3.0 24077	
-2.8 -2.7 -3.5 -3.4 21338	
-2.8 -2.7 -4.6 -4.5 7254	
-2.8 -2.7 -5.2 -5.1 2731	
-2.8 -2.7 -5.7 -5.6 1253	
-2.8 -2.7 -6.0 -5.9 870	
-2.8 -2.7 -6.3 -6.2 656	
-2.8 -2.7 -7.4 -7.3 208	
-2.8 -2.7 -7.8 -7.7 108	
-2.8 -2.7 -8.9 -8.8 11	
-2.8 -2.7 -9.1 -9.0 6	
-2.8 -2.7 -9.5 -9.4 1	
-2.8 -2.7 0.1 0.2 23503	
-2.8 -2.7 0.8 0.9 18529	
-2.8 -2.7 1.2 1.3 15726	
-2.8 -2.7 2.5 2.6 22214	
-2.8 -2.7 3.1 3.2 23740	
-2.8 -2.7 3.8 3.9 16574	
-2.8 -2.7 4.4 4.5 8472	
-2.8 -2.7 5.0 5.1 3192	
-2.8 -2.7 5.7 5.8 1101	
-2.8 -2.7 6.1 6.2 693	
-2.8 -2.7 7.4 7.5 188	
-2.8 -2.7 8.0 8.1 77	
-2.8 -2.7 8.7 8.8 12	
-2.8 -2.7 9.3 9.4 1	
-2.9 -2.8 -1.2 -1.1 16849	
-2.9 -2.8 -1.6 -1.5 15469	
-2.9 -2.8 -2.7 -2.6 23051	
-2.9 -2.8 -3.0 -2.9 24384	
-2.9 -2.8 -3.3 -3.2 23552	
-2.9 -2.8 -4.4 -4.3 9756	
-2.9 -2.8 -4.8 -4.7 5477	
-2.9 -2.8 -5.9 -5.8 819	
-2.9 -2.8 -6.1 -6.0 625	
-2.9 -2.8 -7.6 -7.5 136	
-2.9 -2.8 -8.7 -8.6 19	
-2.9 -2.8 -9.0 -8.9 4	
-2.9 -2.8 -9.3 -9.2 4	
-2.9 -2.8 0.6 0.7 20655	
-2.9 -2.8 0.9 1.0 17939	
-2.9 -2.8 1.2 1.3 15877	
-2.9 -2.8 2.5 2.6 22223	
-2.9 -2.8 3.1 3.2 23732	
-2.9 -2.8 3.8 3.9 16742	
-2.9 -2.8 4.2 4.3 11221	
-2.9 -2.8 5.5 5.6 1337	
-2.9 -2.8 6.1 6.2 589	
-2.9 -2.8 6.8 6.9 272	
-2.9 -2.8 7.4 7.5 144	
-2.9 -2.8 8.0 8.1 47	
-2.9 -2.8 8.7 8.8 10	
-2.9 -2.8 9.3 9.4 4	
-3.0 -2.9 -1.2 -1.1 16776	
-3.0 -2.9 -1.6 -1.5 15658	
-3.0 -2.9 -2.7 -2.6 23362	
-3.0 -2.9 -3.0 -2.9 24481	
-3.0 -2.9 -3.3 -3.2 23738	
-3.0 -2.9 -4.4 -4.3 9784	
-3.0 -2.9 -4.8 -4.7 5404	
-3.0 -2.9 -5.9 -5.8 698	
-3.0 -2.9 -6.1 -6.0 534	
-3.0 -2.9 -7.6 -7.5 89	
-3.0 -2.9 -8.7 -8.6 7	
-3.0 -2.9 -9.0 -8.9 7	
-3.0 -2.9 -9.3 -9.2 2	
-3.0 -2.9 0.4 0.5 22682	
-3.0 -2.9 0.9 1.0 18360	
-3.0 -2.9 1.0 1.1 17541	
-3.0 -2.9 1.7 1.8 16228	
-3.0 -2.9 2.3 2.4 21052	
-3.0 -2.9 3.6 3.7 19692	
-3.0 -2.9 3.9 4.0 15531	
-3.0 -2.9 4.2 4.3 11233	
-3.0 -2.9 5.5 5.6 1170	
-3.0 -2.9 6.6 6.7 316	
-3.0 -2.9 6.9 7.0 222	
-3.0 -2.9 7.2 7.3 144	
-3.0 -2.9 8.5 8.6 10	
-3.0 -2.9 9.1 9.2 2	
-3.0 -2.9 9.8 9.9 2	
-3.1 -3.0 -0.3 -0.2 23955	
-3.1 -3.0 -0.7 -0.6 21063	
-3.1 -3.0 -1.8 -1.7 16282	
-3.1 -3.0 -2.4 -2.3 21240	
-3.1 -3.0 -3.5 -3.4 21890	
-3.1 -3.0 -4.1 -4.0 13910	
-3.1 -3.0 -4.6 -4.5 7414	
-3.1 -3.0 -5.2 -5.1 2581	
-3.1 -3.0 -6.3 -6.2 358	
-3.1 -3.0 -6.7 -6.6 213	
-3.1 -3.0 -7.8 -7.7 46	
-3.1 -3.0 -8.4 -8.3 24	
-3.1 -3.0 -9.5 -9.4 1	
-3.1 -3.0 0.6 0.7 21154	
-3.1 -3.0 0.9 1.0 18232	
-3.1 -3.0 1.2 1.3 16333	
-3.1 -3.0 2.5 2.6 22682	
-3.1 -3.0 3.8 3.9 16756	
-3.1 -3.0 4.2 4.3 10919	
-3.1 -3.0 5.5 5.6 1152	
-3.1 -3.0 6.1 6.2 379	
-3.1 -3.0 6.8 6.9 147	
-3.1 -3.0 7.4 7.5 92	
-3.1 -3.0 8.7 8.8 5	
-3.2 -3.1 -0.5 -0.4 22471	
-3.2 -3.1 -1.6 -1.5 15531	
-3.2 -3.1 -2.2 -2.1 18727	
-3.2 -3.1 -3.0 -2.9 23986	
-3.2 -3.1 -3.3 -3.2 23089	
-3.2 -3.1 -3.7 -3.6 19170	
-3.2 -3.1 -4.8 -4.7 5186	
-3.2 -3.1 -5.9 -5.8 595	
-3.2 -3.1 -6.5 -6.4 214	
-3.2 -3.1 -7.6 -7.5 52	
-3.2 -3.1 -8.2 -8.1 19	
-3.2 -3.1 -9.0 -8.9 1	
-3.2 -3.1 -9.3 -9.2 1	
-3.2 -3.1 0.6 0.7 20806	
-3.2 -3.1 0.9 1.0 18134	
-3.2 -3.1 1.0 1.1 17407	
-3.2 -3.1 2.3 2.4 20835	
-3.2 -3.1 3.6 3.7 19080	
-3.2 -3.1 3.9 4.0 15265	
-3.2 -3.1 4.2 4.3 10943	
-3.2 -3.1 5.5 5.6 1091	
-3.2 -3.1 6.8 6.9 121	
-3.2 -3.1 7.2 7.3 92	
-3.2 -3.1 8.5 8.6 7	
-3.2 -3.1 9.1 9.2 4	
-3.2 -3.1 9.8 9.9 1	
-3.3 -3.2 -0.1 0.0 24123	
-3.3 -3.2 -0.3 -0.2 23418	
-3.3 -3.2 -1.4 -1.3 15510	
-3.3 -3.2 -1.8 -1.7 15847	
-3.3 -3.2 -2.9 -2.8 23348	
-3.3 -3.2 -3.1 -3.0 23351	
-3.3 -3.2 -3.5 -3.4 21289	
-3.3 -3.2 -4.6 -4.5 7024	
-3.3 -3.2 -5.2 -5.1 2382	
-3.3 -3.2 -6.0 -5.9 394	
-3.3 -3.2 -6.3 -6.2 222	
-3.3 -3.2 -7.4 -7.3 62	
-3.3 -3.2 -7.8 -7.7 28	
-3.3 -3.2 -8.9 -8.8 4	
-3.3 -3.2 -9.5 -9.4 1	
-3.3 -3.2 0.4 0.5 22129	
-3.3 -3.2 1.0 1.1 17161	
-3.3 -3.2 1.7 1.8 15700	
-3.3 -3.2 2.3 2.4 20427	
-3.3 -3.2 3.6 3.7 18879	
-3.3 -3.2 3.9 4.0 14674	
-3.3 -3.2 4.0 4.1 13167	
-3.3 -3.2 5.3 5.4 1489	
-3.3 -3.2 6.6 6.7 125	
-3.3 -3.2 6.9 7.0 87	
-3.3 -3.2 7.2 7.3 57	
-3.3 -3.2 8.5 8.6 4	
-3.3 -3.2 9.9 10.0 1	
-3.4 -3.3 -1.6 -1.5 14603	
-3.4 -3.3 -2.7 -2.6 21982	
-3.4 -3.3 -3.0 -2.9 22706	
-3.4 -3.3 -3.3 -3.2 21805	
-3.4 -3.3 -4.4 -4.3 9061	
-3.4 -3.3 -4.8 -4.7 4954	
-3.4 -3.3 -5.9 -5.8 489	
-3.4 -3.3 -6.1 -6.0 276	
-3.4 -3.3 -6.5 -6.4 126	
-3.4 -3.3 -7.6 -7.5 23	
-3.4 -3.3 -8.7 -8.6 2	
-3.4 -3.3 -9.0 -8.9 2	
-3.4 -3.3 -9.3 -9.2 1	
-3.4 -3.3 0.4 0.5 21766	
-3.4 -3.3 1.0 1.1 16745	
-3.4 -3.3 1.7 1.8 15032	
-3.4 -3.3 2.1 2.2 17974	
-3.4 -3.3 3.4 3.5 20448	
-3.4 -3.3 4.0 4.1 12852	
-3.4 -3.3 4.7 4.8 4937	
-3.4 -3.3 5.3 5.4 1454	
-3.4 -3.3 6.6 6.7 103	
-3.4 -3.3 6.9 7.0 67	
-3.4 -3.3 7.2 7.3 34	
-3.4 -3.3 8.3 8.4 9	
-3.5 -3.4 -0.3 -0.2 22344	
-3.5 -3.4 -1.4 -1.3 14450	
-3.5 -3.4 -2.5 -2.4 19718	
-3.5 -3.4 -2.9 -2.8 21758	
-3.5 -3.4 -3.1 -3.0 21662	
-3.5 -3.4 -4.2 -4.1 11245	
-3.5 -3.4 -4.6 -4.5 6610	
-3.5 -3.4 -5.7 -5.6 694	
-3.5 -3.4 -6.0 -5.9 329	
-3.5 -3.4 -6.3 -6.2 199	
-3.5 -3.4 -7.4 -7.3 29	
-3.5 -3.4 0.2 0.3 22400	
-3.5 -3.4 1.5 1.6 14308	
-3.5 -3.4 2.1 2.2 17350	
-3.5 -3.4 2.8 2.9 21894	
-3.5 -3.4 3.4 3.5 19587	
-3.5 -3.4 4.0 4.1 12532	
-3.5 -3.4 4.7 4.8 4567	
-3.5 -3.4 5.3 5.4 1342	
-3.5 -3.4 6.4 6.5 119	
-3.5 -3.4 7.0 7.1 45	
-3.5 -3.4 7.7 7.8 13	
-3.5 -3.4 8.3 8.4 4	
-3.6 -3.5 -1.2 -1.1 14983	
-3.6 -3.5 -1.6 -1.5 13727	
-3.6 -3.5 -2.7 -2.6 19857	
-3.6 -3.5 -3.0 -2.9 20876	
-3.6 -3.5 -3.8 -3.7 15526	
-3.6 -3.5 -4.4 -4.3 8252	
-3.6 -3.5 -5.5 -5.4 1101	
-3.6 -3.5 -5.9 -5.8 374	
-3.6 -3.5 -6.1 -6.0 265	
-3.6 -3.5 -7.2 -7.1 27	
-3.6 -3.5 -7.6 -7.5 16	
-3.6 -3.5 -8.7 -8.6 2	
-3.6 -3.5 0.2 0.3 21743	
-3.6 -3.5 1.5 1.6 13769	
-3.6 -3.5 2.1 2.2 16531	
-3.6 -3.5 2.8 2.9 20458	
-3.6 -3.5 3.4 3.5 18413	
-3.6 -3.5 4.5 4.6 6135	
-3.6 -3.5 5.1 5.2 2019	
-3.6 -3.5 5.8 5.9 383	
-3.6 -3.5 6.4 6.5 99	
-3.6 -3.5 7.0 7.1 24	
-3.6 -3.5 7.7 7.8 9	
-3.6 -3.5 8.3 8.4 1	
-3.7 -3.6 -0.8 -0.7 17417	
-3.7 -3.6 -1.4 -1.3 13347	
-3.7 -3.6 -2.5 -2.4 17340	
-3.7 -3.6 -3.1 -3.0 19266	
-3.7 -3.6 -4.2 -4.1 9998	
-3.7 -3.6 -5.3 -5.2 1618	
-3.7 -3.6 -5.7 -5.6 619	
-3.7 -3.6 -6.0 -5.9 281	
-3.7 -3.6 -6.8 -6.7 33	
-3.7 -3.6 -7.4 -7.3 13	
-3.7 -3.6 -8.5 -8.4 2	
-3.7 -3.6 0.2 0.3 20495	
-3.7 -3.6 1.5 1.6 12947	
-3.7 -3.6 2.6 2.7 18871	
-3.7 -3.6 2.9 3.0 19547	
-3.7 -3.6 3.2 3.3 18874	
-3.7 -3.6 4.5 4.6 5962	
-3.7 -3.6 5.1 5.2 2052	
-3.7 -3.6 5.8 5.9 391	
-3.7 -3.6 6.4 6.5 68	
-3.7 -3.6 7.5 7.6 10	
-3.7 -3.6 8.1 8.2 3	
-3.8 -3.7 -0.6 -0.5 18174	
-3.8 -3.7 -1.2 -1.1 13534	
-3.8 -3.7 -2.0 -1.9 13266	
-3.8 -3.7 -2.3 -2.2 15306	
-3.8 -3.7 -2.7 -2.6 17495	
-3.8 -3.7 -3.8 -3.7 13711	
-3.8 -3.7 -4.9 -4.8 3309	
-3.8 -3.7 -5.5 -5.4 909	
-3.8 -3.7 -6.6 -6.5 51	
-3.8 -3.7 -7.2 -7.1 18	
-3.8 -3.7 -8.3 -8.2 5	
-3.8 -3.7 0.0 0.1 20439	
-3.8 -3.7 0.7 0.8 16342	
-3.8 -3.7 1.3 1.4 12653	
-3.8 -3.7 2.6 2.7 17531	
-3.8 -3.7 2.9 3.0 18297	
-3.8 -3.7 3.2 3.3 17720	
-3.8 -3.7 4.5 4.6 5324	
-3.8 -3.7 5.6 5.7 540	
-3.8 -3.7 5.9 6.0 244	
-3.8 -3.7 6.2 6.3 103	
-3.8 -3.7 7.5 7.6 9	
-3.8 -3.7 8.1 8.2 2	
-3.9 -3.8 -0.4 -0.3 18282	
-3.9 -3.8 -0.8 -0.7 15630	
-3.9 -3.8 -1.9 -1.8 11930	
-3.9 -3.8 -2.1 -2.0 12815	
-3.9 -3.8 -2.5 -2.4 15308	
-3.9 -3.8 -3.6 -3.5 14191	
-3.9 -3.8 -4.2 -4.1 8582	
-3.9 -3.8 -5.0 -4.9 2448	
-3.9 -3.8 -5.3 -5.2 1384	
-3.9 -3.8 -6.4 -6.3 86	
-3.9 -3.8 -6.8 -6.7 25	
-3.9 -3.8 -7.9 -7.8 1	
-3.9 -3.8 0.0 0.1 19592	
-3.9 -3.8 0.7 0.8 15813	
-3.9 -3.8 1.3 1.4 12026	
-3.9 -3.8 2.6 2.7 16279	
-3.9 -3.8 2.9 3.0 16970	
-3.9 -3.8 3.0 3.1 16603	
-3.9 -3.8 3.7 3.8 12700	
-3.9 -3.8 4.3 4.4 6601	
-3.9 -3.8 5.6 5.7 508	
-3.9 -3.8 5.9 6.0 244	
-3.9 -3.8 6.2 6.3 89	
-3.9 -3.8 7.5 7.6 3	
-3.9 -3.8 8.9 9.0 3	
-4.0 -3.9 -0.4 -0.3 17920	
-4.0 -3.9 -0.8 -0.7 14768	
-4.0 -3.9 -1.9 -1.8 11064	
-4.0 -3.9 -2.1 -2.0 11877	
-4.0 -3.9 -2.5 -2.4 13895	
-4.0 -3.9 -3.6 -3.5 13121	
-4.0 -3.9 -4.2 -4.1 7896	
-4.0 -3.9 -5.0 -4.9 2264	
-4.0 -3.9 -5.3 -5.2 1265	
-4.0 -3.9 -6.4 -6.3 56	
-4.0 -3.9 -6.8 -6.7 31	
-4.0 -3.9 -8.1 -8.0 1	
-4.0 -3.9 -8.5 -8.4 1	
-4.0 -3.9 0.5 0.6 16443	
-4.0 -3.9 1.1 1.2 12149	
-4.0 -3.9 1.8 1.9 11129	
-4.0 -3.9 2.4 2.5 13861	
-4.0 -3.9 3.0 3.1 15278	
-4.0 -3.9 3.7 3.8 11341	
-4.0 -3.9 4.1 4.2 7768	
-4.0 -3.9 4.8 4.9 2803	
-4.0 -3.9 5.4 5.5 725	
-4.0 -3.9 6.0 6.1 146	
-4.0 -3.9 6.7 6.8 23	
-4.0 -3.9 7.3 7.4 3	
-4.1 -4.0 -1.2 -1.1 11246	
-4.1 -4.0 -1.6 -1.5 10107	
-4.1 -4.0 -2.7 -2.6 13323	
-4.1 -4.0 -3.0 -2.9 14045	
-4.1 -4.0 -3.3 -3.2 13465	
-4.1 -4.0 -3.8 -3.7 10302	
-4.1 -4.0 -4.4 -4.3 5581	
-4.1 -4.0 -5.5 -5.4 692	
-4.1 -4.0 -5.9 -5.8 280	
-4.1 -4.0 -6.1 -6.0 149	
-4.1 -4.0 -7.2 -7.1 5	
-4.1 -4.0 -7.6 -7.5 2	
-4.1 -4.0 0.0 0.1 17697	
-4.1 -4.0 0.7 0.8 14169	
-4.1 -4.0 1.3 1.4 10470	
-4.1 -4.0 2.4 2.5 12651	
-4.1 -4.0 3.0 3.1 13938	
-4.1 -4.0 3.7 3.8 10247	
-4.1 -4.0 4.3 4.4 5538	
-4.1 -4.0 5.6 5.7 393	
-4.1 -4.0 5.9 6.0 177	
-4.1 -4.0 6.2 6.3 59	
-4.1 -4.0 7.3 7.4 2	
-4.1 -4.0 8.6 8.7 1	
-4.2 -4.1 -0.8 -0.7 13642	
-4.2 -4.1 -1.4 -1.3 9939	
-4.2 -4.1 -2.5 -2.4 11273	
-4.2 -4.1 -2.9 -2.8 12405	
-4.2 -4.1 -3.1 -3.0 12576	
-4.2 -4.1 -4.2 -4.1 6480	
-4.2 -4.1 -5.7 -5.6 386	
-4.2 -4.1 -6.0 -5.9 146	
-4.2 -4.1 -6.8 -6.7 10	
-4.2 -4.1 0.5 0.6 14945	
-4.2 -4.1 1.1 1.2 10856	
-4.2 -4.1 1.8 1.9 9479	
-4.2 -4.1 2.4 2.5 11480	
-4.2 -4.1 3.0 3.1 12505	
-4.2 -4.1 3.7 3.8 9401	
-4.2 -4.1 4.3 4.4 4879	
-4.2 -4.1 5.4 5.5 623	
-4.2 -4.1 6.0 6.1 121	
-4.2 -4.1 6.7 6.8 12	
-4.2 -4.1 7.3 7.4 1	
-4.3 -4.2 -0.6 -0.5 14245	
-4.3 -4.2 -1.2 -1.1 10370	
-4.3 -4.2 -2.3 -2.2 9458	
-4.3 -4.2 -2.7 -2.6 10725	
-4.3 -4.2 -3.8 -3.7 8306	
-4.3 -4.2 -4.4 -4.3 4443	
-4.3 -4.2 -4.9 -4.8 1958	
-4.3 -4.2 -5.5 -5.4 554	
-4.3 -4.2 -6.6 -6.5 19	
-4.3 -4.2 -7.2 -7.1 2	
-4.3 -4.2 0.5 0.6 14485	
-4.3 -4.2 1.1 1.2 10241	
-4.3 -4.2 1.8 1.9 8624	
-4.3 -4.2 2.4 2.5 10243	
-4.3 -4.2 3.5 3.6 9397	
-4.3 -4.2 4.1 4.2 5583	
-4.3 -4.2 4.8 4.9 1998	
-4.3 -4.2 5.4 5.5 568	
-4.3 -4.2 6.0 6.1 119	
-4.3 -4.2 6.7 6.8 3	
-4.3 -4.2 7.3 7.4 2	
-4.4 -4.3 -0.8 -0.7 12576	
-4.4 -4.3 -1.9 -1.8 7838	
-4.4 -4.3 -2.1 -2.0 7795	
-4.4 -4.3 -2.5 -2.4 9045	
-4.4 -4.3 -3.6 -3.5 8197	
-4.4 -4.3 -4.2 -4.1 5016	
-4.4 -4.3 -5.0 -4.9 1447	
-4.4 -4.3 -5.3 -5.2 777	
-4.4 -4.3 -6.8 -6.7 5	
-4.4 -4.3 -7.9 -7.8 1	
-4.4 -4.3 0.5 0.6 13918	
-4.4 -4.3 1.6 1.7 7967	
-4.4 -4.3 1.9 2.0 7908	
-4.4 -4.3 2.2 2.3 8503	
-4.4 -4.3 3.5 3.6 8062	
-4.4 -4.3 4.1 4.2 4912	
-4.4 -4.3 4.8 4.9 1736	
-4.4 -4.3 5.4 5.5 477	
-4.4 -4.3 6.5 6.6 17	
-4.4 -4.3 7.1 7.2 4	
-4.5 -4.4 -0.1 0.0 15531	
-4.5 -4.4 -0.6 -0.5 13870	
-4.5 -4.4 -1.7 -1.6 7319	
-4.5 -4.4 -2.0 -1.9 7112	
-4.5 -4.4 -2.3 -2.2 7426	
-4.5 -4.4 -3.4 -3.3 7946	
-4.5 -4.4 -3.8 -3.7 6361	
-4.5 -4.4 -4.9 -4.8 1504	
-4.5 -4.4 -5.1 -5.0 1036	
-4.5 -4.4 -5.5 -5.4 396	
-4.5 -4.4 -6.6 -6.5 23	
-4.5 -4.4 -7.2 -7.1 1	
-4.5 -4.4 -7.7 -7.6 1	
-4.5 -4.4 0.3 0.4 14793	
-4.5 -4.4 1.6 1.7 7245	
-4.5 -4.4 1.9 2.0 7094	
-4.5 -4.4 2.2 2.3 7626	
-4.5 -4.4 3.5 3.6 7205	
-4.5 -4.4 4.6 4.7 2220	
-4.5 -4.4 5.2 5.3 705	
-4.5 -4.4 6.5 6.6 15	
-4.5 -4.4 7.1 7.2 3	
-4.6 -4.5 -0.4 -0.3 15011	
-4.6 -4.5 -1.9 -1.8 6727	
-4.6 -4.5 -2.1 -2.0 6545	
-4.6 -4.5 -3.2 -3.1 7265	
-4.6 -4.5 -3.6 -3.5 6292	
-4.6 -4.5 -4.7 -4.6 1819	
-4.6 -4.5 -5.0 -4.9 1085	
-4.6 -4.5 -5.3 -5.2 531	
-4.6 -4.5 -6.4 -6.3 27	
-4.6 -4.5 -6.8 -6.7 6	
-4.6 -4.5 0.3 0.4 14811	
-4.6 -4.5 1.6 1.7 6981	
-4.6 -4.5 1.9 2.0 6398	
-4.6 -4.5 2.0 2.1 6469	
-4.6 -4.5 2.7 2.8 7387	
-4.6 -4.5 3.3 3.4 6675	
-4.6 -4.5 4.6 4.7 1770	
-4.6 -4.5 4.9 5.0 1071	
-4.6 -4.5 5.2 5.3 580	
-4.6 -4.5 6.5 6.6 22	
-4.7 -4.6 -0.2 -0.1 15834	
-4.7 -4.6 -0.6 -0.5 13615	
-4.7 -4.6 -1.7 -1.6 6444	
-4.7 -4.6 -2.0 -1.9 5895	
-4.7 -4.6 -2.3 -2.2 5886	
-4.7 -4.6 -2.8 -2.7 6276	
-4.7 -4.6 -3.4 -3.3 5816	
-4.7 -4.6 -4.5 -4.4 2165	
-4.7 -4.6 -4.9 -4.8 1083	
-4.7 -4.6 -5.1 -5.0 775	
-4.7 -4.6 -6.2 -6.1 41	
-4.7 -4.6 -6.6 -6.5 14	
-4.7 -4.6 0.1 0.2 15743	
-4.7 -4.6 0.8 0.9 11479	
-4.7 -4.6 1.4 1.5 7311	
-4.7 -4.6 2.0 2.1 5770	
-4.7 -4.6 2.7 2.8 6200	
-4.7 -4.6 3.3 3.4 5837	
-4.7 -4.6 4.6 4.7 1500	
-4.7 -4.6 4.9 5.0 912	
-4.7 -4.6 5.0 5.1 743	
-4.7 -4.6 6.3 6.4 26	
-4.8 -4.7 -0.4 -0.3 15495	
-4.8 -4.7 -1.5 -1.4 7220	
-4.8 -4.7 -1.9 -1.8 5527	
-4.8 -4.7 -2.1 -2.0 5158	
-4.8 -4.7 -3.2 -3.1 5210	
-4.8 -4.7 -4.7 -4.6 1249	
-4.8 -4.7 -5.0 -4.9 736	
-4.8 -4.7 -5.8 -5.7 96	
-4.8 -4.7 -6.4 -6.3 17	
-4.8 -4.7 0.1 0.2 16037	
-4.8 -4.7 0.8 0.9 11760	
-4.8 -4.7 1.4 1.5 7153	
-4.8 -4.7 2.0 2.1 5285	
-4.8 -4.7 2.7 2.8 5289	
-4.8 -4.7 3.1 3.2 5399	
-4.8 -4.7 4.4 4.5 1837	
-4.8 -4.7 5.0 5.1 601	
-4.8 -4.7 5.7 5.8 137	
-4.8 -4.7 6.3 6.4 25	
-4.9 -4.8 -0.1 0.0 16721	
-4.9 -4.8 -0.2 -0.1 16645	
-4.9 -4.8 -1.3 -1.2 8595	
-4.9 -4.8 -1.7 -1.6 5930	
-4.9 -4.8 -2.8 -2.7 4634	
-4.9 -4.8 -3.4 -3.3 4150	
-4.9 -4.8 -4.5 -4.4 1513	
-4.9 -4.8 -5.1 -5.0 515	
-4.9 -4.8 -5.6 -5.5 158	
-4.9 -4.8 -6.2 -6.1 24	
-4.9 -4.8 0.1 0.2 16721	
-4.9 -4.8 0.8 0.9 11945	
-4.9 -4.8 1.2 1.3 8559	
-4.9 -4.8 2.5 2.6 4578	
-4.9 -4.8 3.1 3.2 4381	
-4.9 -4.8 3.8 3.9 3013	
-4.9 -4.8 4.4 4.5 1546	
-4.9 -4.8 5.0 5.1 501	
-4.9 -4.8 5.7 5.8 96	
-4.9 -4.8 6.1 6.2 43	
-4.9 -4.8 7.4 7.5 1	
-5.0 -4.9 -0.2 -0.1 17074	
-5.0 -4.9 -1.3 -1.2 8743	
-5.0 -4.9 -1.7 -1.6 5910	
-5.0 -4.9 -2.8 -2.7 3831	
-5.0 -4.9 -3.4 -3.3 3383	
-5.0 -4.9 -4.5 -4.4 1253	
-5.0 -4.9 -5.1 -5.0 484	
-5.0 -4.9 -5.6 -5.5 118	
-5.0 -4.9 -6.2 -6.1 26	
-5.0 -4.9 -7.3 -7.2 1	
-5.0 -4.9 0.6 0.7 14249	
-5.0 -4.9 0.9 1.0 11513	
-5.0 -4.9 1.2 1.3 8826	
-5.0 -4.9 2.3 2.4 3911	
-5.0 -4.9 3.6 3.7 2929	
-5.0 -4.9 3.9 4.0 2263	
-5.0 -4.9 4.2 4.3 1672	
-5.0 -4.9 5.5 5.6 136	
-5.0 -4.9 6.1 6.2 27	
-5.0 -4.9 6.8 6.9 2	
-5.1 -5.0 -0.4 -0.3 17317	
-5.1 -5.0 -0.8 -0.7 14130	
-5.1 -5.0 -1.9 -1.8 4833	
-5.1 -5.0 -2.1 -2.0 4067	
-5.1 -5.0 -3.6 -3.5 2538	
-5.1 -5.0 -4.7 -4.6 779	
-5.1 -5.0 -5.0 -4.9 454	
-5.1 -5.0 -5.3 -5.2 209	
-5.1 -5.0 -6.4 -6.3 12	
-5.1 -5.0 -6.8 -6.7 1	
-5.1 -5.0 0.6 0.7 14644	
-5.1 -5.0 1.2 1.3 9005	
-5.1 -5.0 2.5 2.6 3333	
-5.1 -5.0 3.1 3.2 2968	
-5.1 -5.0 3.8 3.9 1997	
-5.1 -5.0 4.4 4.5 1069	
-5.1 -5.0 5.7 5.8 74	
-5.1 -5.0 6.1 6.2 22	
-5.1 -5.0 7.4 7.5 1	
-5.2 -5.1 -0.2 -0.1 19190	
-5.2 -5.1 -0.6 -0.5 16443	
-5.2 -5.1 -1.7 -1.6 5894	
-5.2 -5.1 -2.0 -1.9 4172	
-5.2 -5.1 -2.3 -2.2 3305	
-5.2 -5.1 -3.4 -3.3 2320	
-5.2 -5.1 -4.5 -4.4 814	
-5.2 -5.1 -4.9 -4.8 465	
-5.2 -5.1 -5.1 -5.0 282	
-5.2 -5.1 -6.2 -6.1 17	
-5.2 -5.1 -6.6 -6.5 5	
-5.2 -5.1 0.6 0.7 15566	
-5.2 -5.1 0.9 1.0 12315	
-5.2 -5.1 1.2 1.3 9264	
-5.2 -5.1 2.5 2.6 2834	
-5.2 -5.1 3.8 3.9 1648	
-5.2 -5.1 4.2 4.3 1007	
-5.2 -5.1 5.5 5.6 85	
-5.2 -5.1 6.1 6.2 17	
-5.2 -5.1 6.8 6.9 1	
-5.2 -5.1 7.4 7.5 1	
-5.3 -5.2 -0.4 -0.3 18650	
-5.3 -5.2 -1.5 -1.4 7563	
-5.3 -5.2 -1.9 -1.8 4588	
-5.3 -5.2 -2.1 -2.0 3542	
-5.3 -5.2 -3.2 -3.1 2077	
-5.3 -5.2 -3.6 -3.5 1707	
-5.3 -5.2 -4.7 -4.6 490	
-5.3 -5.2 -5.0 -4.9 283	
-5.3 -5.2 -5.8 -5.7 50	
-5.3 -5.2 -6.4 -6.3 7	
-5.3 -5.2 0.6 0.7 16333	
-5.3 -5.2 0.9 1.0 12940	
-5.3 -5.2 1.0 1.1 11688	
-5.3 -5.2 2.3 2.4 2700	
-5.3 -5.2 3.6 3.7 1570	
-5.3 -5.2 3.9 4.0 1225	
-5.3 -5.2 4.2 4.3 879	
-5.3 -5.2 5.5 5.6 61	
-5.4 -5.3 -0.1 0.0 20666	
-5.4 -5.3 -0.2 -0.1 20669	
-5.4 -5.3 -1.3 -1.2 9698	
-5.4 -5.3 -1.7 -1.6 5871	
-5.4 -5.3 -2.8 -2.7 2003	
-5.4 -5.3 -3.4 -3.3 1541	
-5.4 -5.3 -4.5 -4.4 540	
-5.4 -5.3 -5.1 -5.0 191	
-5.4 -5.3 -6.2 -6.1 10	
-5.4 -5.3 0.4 0.5 18992	
-5.4 -5.3 1.0 1.1 12236	
-5.4 -5.3 1.7 1.8 5140	
-5.4 -5.3 2.3 2.4 2551	
-5.4 -5.3 3.6 3.7 1176	
-5.4 -5.3 3.9 4.0 957	
-5.4 -5.3 4.0 4.1 891	
-5.4 -5.3 5.3 5.4 100	
-5.4 -5.3 6.9 7.0 1	
-5.5 -5.4 -0.9 -0.8 15342	
-5.5 -5.4 -1.5 -1.4 8043	
-5.5 -5.4 -2.6 -2.5 1900	
-5.5 -5.4 -3.2 -3.1 1282	
-5.5 -5.4 -4.0 -3.9 768	
-5.5 -5.4 -4.3 -4.2 558	
-5.5 -5.4 -4.7 -4.6 289	
-5.5 -5.4 -5.8 -5.7 21	
-5.5 -5.4 -6.9 -6.8 1	
-5.5 -5.4 0.4 0.5 19729	
-5.5 -5.4 1.0 1.1 12626	
-5.5 -5.4 1.7 1.8 5304	
-5.5 -5.4 2.1 2.2 2944	
-5.5 -5.4 3.4 3.5 1159	
-5.5 -5.4 4.0 4.1 719	
-5.5 -5.4 4.7 4.8 265	
-5.5 -5.4 5.3 5.4 70	
-5.5 -5.4 6.6 6.7 1	
-5.5 -5.4 7.2 7.3 1	
-5.6 -5.5 -0.2 -0.1 22379	
-5.6 -5.5 -1.0 -0.9 14505	
-5.6 -5.5 -1.3 -1.2 10425	
-5.6 -5.5 -2.4 -2.3 2218	
-5.6 -5.5 -2.8 -2.7 1407	
-5.6 -5.5 -3.9 -3.8 645	
-5.6 -5.5 -4.1 -4.0 547	
-5.6 -5.5 -4.5 -4.4 301	
-5.6 -5.5 -5.6 -5.5 32	
-5.6 -5.5 -6.2 -6.1 6	
-5.6 -5.5 0.2 0.3 21822	
-5.6 -5.5 1.5 1.6 7092	
-5.6 -5.5 2.1 2.2 2937	
-5.6 -5.5 2.8 2.9 1299	
-5.6 -5.5 3.4 3.5 879	
-5.6 -5.5 4.0 4.1 572	
-5.6 -5.5 4.7 4.8 214	
-5.6 -5.5 5.3 5.4 57	
-5.6 -5.5 6.4 6.5 2	
-5.7 -5.6 -0.9 -0.8 16022	
-5.7 -5.6 -1.1 -1.0 13430	
-5.7 -5.6 -2.6 -2.5 1530	
-5.7 -5.6 -3.7 -3.6 586	
-5.7 -5.6 -4.0 -3.9 456	
-5.7 -5.6 -4.3 -4.2 349	
-5.7 -5.6 -5.4 -5.3 35	
-5.7 -5.6 -5.8 -5.7 18	
-5.7 -5.6 0.2 0.3 22341	
-5.7 -5.6 1.5 1.6 7180	
-5.7 -5.6 2.1 2.2 2782	
-5.7 -5.6 2.8 2.9 1090	
-5.7 -5.6 3.4 3.5 760	
-5.7 -5.6 4.5 4.6 214	
-5.7 -5.6 5.1 5.2 73	
-5.7 -5.6 5.8 5.9 11	
-5.7 -5.6 6.4 6.5 3	
-5.8 -5.7 -0.7 -0.6 19156	
-5.8 -5.7 -1.0 -0.9 15119	
-5.8 -5.7 -1.3 -1.2 11108	
-5.8 -5.7 -2.4 -2.3 1974	
-5.8 -5.7 -3.5 -3.4 535	
-5.8 -5.7 -3.9 -3.8 389	
-5.8 -5.7 -4.1 -4.0 356	
-5.8 -5.7 -5.2 -5.1 54	
-5.8 -5.7 -5.6 -5.5 28	
-5.8 -5.7 -6.7 -6.6 3	
-5.8 -5.7 0.2 0.3 22870	
-5.8 -5.7 1.5 1.6 7266	
-5.8 -5.7 2.6 2.7 1254	
-5.8 -5.7 2.9 3.0 840	
-5.8 -5.7 3.2 3.3 639	
-5.8 -5.7 4.5 4.6 157	
-5.8 -5.7 5.1 5.2 60	
-5.8 -5.7 5.8 5.9 10	
-5.8 -5.7 6.4 6.5 3	
-5.9 -5.8 -0.5 -0.4 21641	
-5.9 -5.8 -0.9 -0.8 16618	
-5.9 -5.8 -1.1 -1.0 13823	
-5.9 -5.8 -2.2 -2.1 2702	
-5.9 -5.8 -2.6 -2.5 1292	
-5.9 -5.8 -3.7 -3.6 344	
-5.9 -5.8 -4.0 -3.9 282	
-5.9 -5.8 -4.8 -4.7 82	
-5.9 -5.8 -5.4 -5.3 35	
-5.9 -5.8 -6.5 -6.4 2	
-5.9 -5.8 0.0 0.1 24098	
-5.9 -5.8 0.7 0.8 17950	
-5.9 -5.8 1.3 1.4 9691	
-5.9 -5.8 2.6 2.7 1131	
-5.9 -5.8 2.9 3.0 667	
-5.9 -5.8 3.2 3.3 528	
-5.9 -5.8 4.5 4.6 130	
-5.9 -5.8 5.6 5.7 16	
-5.9 -5.8 5.9 6.0 10	
-5.9 -5.8 6.2 6.3 1	
-6.0 -5.9 -0.1 0.0 23811	
-6.0 -5.9 -0.5 -0.4 21999	
-6.0 -5.9 -0.9 -0.8 16502	
-6.0 -5.9 -1.1 -1.0 14023	
-6.0 -5.9 -2.2 -2.1 2607	
-6.0 -5.9 -2.6 -2.5 1214	
-6.0 -5.9 -3.7 -3.6 279	
-6.0 -5.9 -4.0 -3.9 226	
-6.0 -5.9 -4.8 -4.7 67	
-6.0 -5.9 -5.4 -5.3 20	
-6.0 -5.9 -6.5 -6.4 1	
-6.0 -5.9 0.7 0.8 18365	
-6.0 -5.9 1.1 1.2 12576	
-6.0 -5.9 1.8 1.9 4523	
-6.0 -5.9 2.4 2.5 1463	
-6.0 -5.9 3.0 3.1 585	
-6.0 -5.9 3.7 3.8 271	
-6.0 -5.9 4.3 4.4 122	
-6.0 -5.9 5.6 5.7 12	
-6.0 -5.9 5.9 6.0 2	
-6.0 -5.9 6.0 6.1 3	
-6.1 -6.0 -0.2 -0.1 23790	
-6.1 -6.0 -1.0 -0.9 15395	
-6.1 -6.0 -1.3 -1.2 10901	
-6.1 -6.0 -2.8 -2.7 767	
-6.1 -6.0 -3.9 -3.8 190	
-6.1 -6.0 -4.1 -4.0 140	
-6.1 -6.0 -4.5 -4.4 81	
-6.1 -6.0 -5.6 -5.5 10	
-6.1 -6.0 0.0 0.1 24178	
-6.1 -6.0 0.7 0.8 18619	
-6.1 -6.0 1.3 1.4 9723	
-6.1 -6.0 2.6 2.7 918	
-6.1 -6.0 2.9 3.0 509	
-6.1 -6.0 3.2 3.3 370	
-6.1 -6.0 4.3 4.4 84	
-6.1 -6.0 5.6 5.7 4	
-6.1 -6.0 5.9 6.0 4	
-6.1 -6.0 6.2 6.3 2	
-6.2 -6.1 -0.9 -0.8 16770	
-6.2 -6.1 -1.1 -1.0 13534	
-6.2 -6.1 -1.5 -1.4 8293	
-6.2 -6.1 -2.6 -2.5 1069	
-6.2 -6.1 -3.7 -3.6 171	
-6.2 -6.1 -4.0 -3.9 114	
-6.2 -6.1 -4.3 -4.2 86	
-6.2 -6.1 -5.4 -5.3 9	
-6.2 -6.1 -5.8 -5.7 7	
-6.2 -6.1 0.0 0.1 23606	
-6.2 -6.1 0.7 0.8 18048	
-6.2 -6.1 1.3 1.4 9617	
-6.2 -6.1 2.4 2.5 1343	
-6.2 -6.1 3.0 3.1 398	
-6.2 -6.1 3.7 3.8 143	
-6.2 -6.1 4.3 4.4 69	
-6.2 -6.1 5.6 5.7 5	
-6.2 -6.1 5.9 6.0 2	
-6.3 -6.2 -0.7 -0.6 18707	
-6.3 -6.2 -1.0 -0.9 15070	
-6.3 -6.2 -1.3 -1.2 10762	
-6.3 -6.2 -2.4 -2.3 1629	
-6.3 -6.2 -3.9 -3.8 104	
-6.3 -6.2 -4.1 -4.0 101	
-6.3 -6.2 -5.2 -5.1 14	
-6.3 -6.2 -5.6 -5.5 3	
-6.3 -6.2 0.5 0.6 20117	
-6.3 -6.2 1.1 1.2 12066	
-6.3 -6.2 1.8 1.9 4279	
-6.3 -6.2 2.4 2.5 1216	
-6.3 -6.2 3.0 3.1 322	
-6.3 -6.2 3.7 3.8 121	
-6.3 -6.2 4.3 4.4 49	
-6.3 -6.2 5.4 5.5 4	
-6.4 -6.3 -0.5 -0.4 20384	
-6.4 -6.3 -0.9 -0.8 15604	
-6.4 -6.3 -1.1 -1.0 12848	
-6.4 -6.3 -2.2 -2.1 2231	
-6.4 -6.3 -2.6 -2.5 907	
-6.4 -6.3 -3.7 -3.6 102	
-6.4 -6.3 -4.0 -3.9 76	
-6.4 -6.3 -4.3 -4.2 44	
-6.4 -6.3 -4.8 -4.7 25	
-6.4 -6.3 -5.4 -5.3 12	
-6.4 -6.3 0.5 0.6 19494	
-6.4 -6.3 1.1 1.2 11720	
-6.4 -6.3 1.8 1.9 4049	
-6.4 -6.3 2.4 2.5 1229	
-6.4 -6.3 3.5 3.6 121	
-6.4 -6.3 4.1 4.2 44	
-6.4 -6.3 4.8 4.9 16	
-6.4 -6.3 5.4 5.5 5	
-6.4 -6.3 6.0 6.1 1	
-6.5 -6.4 -0.3 -0.2 20795	
-6.5 -6.4 -0.7 -0.6 17324	
-6.5 -6.4 -1.0 -0.9 13759	
-6.5 -6.4 -1.8 -1.7 4627	
-6.5 -6.4 -2.4 -2.3 1406	
-6.5 -6.4 -3.5 -3.4 137	
-6.5 -6.4 -3.9 -3.8 61	
-6.5 -6.4 -4.1 -4.0 44	
-6.5 -6.4 -5.2 -5.1 3	
-6.5 -6.4 -7.0 -6.9 1	
-6.5 -6.4 0.5 0.6 18730	
-6.5 -6.4 1.6 1.7 5455	
-6.5 -6.4 1.9 2.0 3285	
-6.5 -6.4 2.2 2.3 1771	
-6.5 -6.4 3.5 3.6 98	
-6.5 -6.4 4.1 4.2 37	
-6.5 -6.4 4.8 4.9 17	
-6.5 -6.4 5.4 5.5 2	
-6.5 -6.4 6.5 6.6 1	
-6.6 -6.5 -0.5 -0.4 18384	
-6.6 -6.5 -1.6 -1.5 6211	
-6.6 -6.5 -2.2 -2.1 2052	
-6.6 -6.5 -3.3 -3.2 154	
-6.6 -6.5 -3.7 -3.6 64	
-6.6 -6.5 -4.8 -4.7 10	
-6.6 -6.5 0.3 0.4 19175	
-6.6 -6.5 1.6 1.7 5352	
-6.6 -6.5 1.9 2.0 3031	
-6.6 -6.5 2.2 2.3 1693	
-6.6 -6.5 3.5 3.6 82	
-6.6 -6.5 4.6 4.7 12	
-6.6 -6.5 4.9 5.0 7	
-6.7 -6.6 -0.3 -0.2 18729	
-6.7 -6.6 -1.8 -1.7 4227	
-6.7 -6.6 -2.9 -2.8 381	
-6.7 -6.6 -3.1 -3.0 226	
-6.7 -6.6 -3.5 -3.4 76	
-6.7 -6.6 -4.6 -4.5 12	
-6.7 -6.6 -5.2 -5.1 4	
-6.7 -6.6 0.3 0.4 18158	
-6.7 -6.6 1.6 1.7 4964	
-6.7 -6.6 1.9 2.0 2919	
-6.7 -6.6 2.0 2.1 2387	
-6.7 -6.6 2.7 2.8 503	
-6.7 -6.6 3.3 3.4 91	
-6.7 -6.6 4.6 4.7 5	
-6.7 -6.6 4.9 5.0 5	
-6.7 -6.6 5.2 5.3 1	
-6.8 -6.7 -0.5 -0.4 16271	
-6.8 -6.7 -1.6 -1.5 5393	
-6.8 -6.7 -2.2 -2.1 1762	
-6.8 -6.7 -2.7 -2.6 548	
-6.8 -6.7 -3.0 -2.9 249	
-6.8 -6.7 -3.3 -3.2 147	
-6.8 -6.7 -4.4 -4.3 10	
-6.8 -6.7 -4.8 -4.7 2	
-6.8 -6.7 0.1 0.2 18101	
-6.8 -6.7 0.8 0.9 12483	
-6.8 -6.7 1.4 1.5 6518	
-6.8 -6.7 2.0 2.1 2290	
-6.8 -6.7 2.7 2.8 421	
-6.8 -6.7 3.3 3.4 96	
-6.8 -6.7 4.6 4.7 4	
-6.8 -6.7 4.9 5.0 3	
-6.8 -6.7 5.0 5.1 1	
-6.8 -6.7 5.7 5.8 1	
-6.9 -6.8 -0.3 -0.2 16090	
-6.9 -6.8 -1.4 -1.3 6760	
-6.9 -6.8 -1.8 -1.7 3530	
-6.9 -6.8 -2.9 -2.8 305	
-6.9 -6.8 -3.1 -3.0 178	
-6.9 -6.8 -4.6 -4.5 3	
-6.9 -6.8 -5.7 -5.6 1	
-6.9 -6.8 0.1 0.2 16432	
-6.9 -6.8 0.8 0.9 11783	
-6.9 -6.8 1.4 1.5 5786	
-6.9 -6.8 2.0 2.1 2066	
-6.9 -6.8 2.7 2.8 410	
-6.9 -6.8 3.1 3.2 138	
-6.9 -6.8 3.8 3.9 23	
-6.9 -6.8 4.4 4.5 7	
-6.9 -6.8 5.0 5.1 2	
-6.9 -6.8 5.7 5.8 1	
-7.0 -6.9 -0.3 -0.2 14556	
-7.0 -6.9 -1.4 -1.3 6134	
-7.0 -6.9 -1.8 -1.7 3249	
-7.0 -6.9 -2.9 -2.8 254	
-7.0 -6.9 -3.1 -3.0 157	
-7.0 -6.9 -4.6 -4.5 5	
-7.0 -6.9 -5.7 -5.6 2	
-7.0 -6.9 0.6 0.7 12258	
-7.0 -6.9 0.9 1.0 9545	
-7.0 -6.9 1.2 1.3 6893	
-7.0 -6.9 2.5 2.6 617	
-7.0 -6.9 3.1 3.2 121	
-7.0 -6.9 3.8 3.9 12	
-7.0 -6.9 4.2 4.3 7	
-7.1 -7.0 -0.5 -0.4 12498	
-7.1 -7.0 -1.1 -1.0 8104	
-7.1 -7.0 -1.6 -1.5 4182	
-7.1 -7.0 -2.2 -2.1 1355	
-7.1 -7.0 -3.3 -3.2 71	
-7.1 -7.0 -3.7 -3.6 25	
-7.1 -7.0 -4.8 -4.7 1	
-7.1 -7.0 0.1 0.2 13618	
-7.1 -7.0 0.8 0.9 9381	
-7.1 -7.0 1.4 1.5 4776	
-7.1 -7.0 2.5 2.6 521	
-7.1 -7.0 3.1 3.2 104	
-7.1 -7.0 3.8 3.9 10	
-7.1 -7.0 4.4 4.5 3	
-7.1 -7.0 5.0 5.1 1	
-7.2 -7.1 -0.3 -0.2 12013	
-7.2 -7.1 -0.7 -0.6 10011	
-7.2 -7.1 -1.8 -1.7 2733	
-7.2 -7.1 -2.9 -2.8 212	
-7.2 -7.1 -3.5 -3.4 31	
-7.2 -7.1 -4.6 -4.5 1	
-7.2 -7.1 0.6 0.7 10218	
-7.2 -7.1 0.9 1.0 7818	
-7.2 -7.1 1.2 1.3 5732	
-7.2 -7.1 2.5 2.6 470	
-7.2 -7.1 3.1 3.2 81	
-7.2 -7.1 3.8 3.9 12	
-7.2 -7.1 4.4 4.5 2	
-7.2 -7.1 5.5 5.6 1	
-7.3 -7.2 -0.5 -0.4 9839	
-7.3 -7.2 -1.6 -1.5 3288	
-7.3 -7.2 -2.2 -2.1 1134	
-7.3 -7.2 -3.0 -2.9 152	
-7.3 -7.2 -3.3 -3.2 48	
-7.3 -7.2 -4.4 -4.3 4	
-7.3 -7.2 0.6 0.7 8933	
-7.3 -7.2 0.9 1.0 6946	
-7.3 -7.2 1.2 1.3 5014	
-7.3 -7.2 2.5 2.6 402	
-7.3 -7.2 3.6 3.7 17	
-7.3 -7.2 3.8 3.9 9	
-7.3 -7.2 4.2 4.3 3	
-7.4 -7.3 -0.3 -0.2 9306	
-7.4 -7.3 -1.4 -1.3 3930	
-7.4 -7.3 -1.8 -1.7 2112	
-7.4 -7.3 -2.9 -2.8 161	
-7.4 -7.3 -3.1 -3.0 105	
-7.4 -7.3 -3.5 -3.4 29	
-7.4 -7.3 0.6 0.7 7833	
-7.4 -7.3 0.9 1.0 6067	
-7.4 -7.3 1.0 1.1 5642	
-7.4 -7.3 1.7 1.8 2127	
-7.4 -7.3 2.3 2.4 641	
-7.4 -7.3 3.6 3.7 17	
-7.4 -7.3 3.9 4.0 4	
-7.4 -7.3 4.2 4.3 4	
-7.5 -7.4 -0.1 0.0 8383	
-7.5 -7.4 -1.2 -1.1 4386	
-7.5 -7.4 -1.6 -1.5 2619	
-7.5 -7.4 -2.7 -2.6 254	
-7.5 -7.4 -3.0 -2.9 104	
-7.5 -7.4 -3.3 -3.2 42	
-7.5 -7.4 -4.4 -4.3 1	
-7.5 -7.4 0.4 0.5 7549	
-7.5 -7.4 1.0 1.1 4836	
-7.5 -7.4 1.7 1.8 1793	
-7.5 -7.4 2.3 2.4 523	
-7.5 -7.4 3.6 3.7 12	
-7.5 -7.4 3.9 4.0 3	
-7.5 -7.4 4.0 4.1 4	
-7.6 -7.5 -0.8 -0.7 5382	
-7.6 -7.5 -1.4 -1.3 2866	
-7.6 -7.5 -2.5 -2.4 368	
-7.6 -7.5 -2.9 -2.8 148	
-7.6 -7.5 -3.1 -3.0 81	
-7.6 -7.5 -4.2 -4.1 1	
-7.6 -7.5 0.4 0.5 6435	
-7.6 -7.5 1.0 1.1 4152	
-7.6 -7.5 1.7 1.8 1582	
-7.6 -7.5 2.1 2.2 724	
-7.6 -7.5 3.4 3.5 17	
-7.6 -7.5 4.0 4.1 1	
-7.7 -7.6 -0.6 -0.5 5200	
-7.7 -7.6 -1.2 -1.1 3146	
-7.7 -7.6 -2.3 -2.2 469	
-7.7 -7.6 -2.7 -2.6 208	
-7.7 -7.6 -3.0 -2.9 79	
-7.7 -7.6 -3.8 -3.7 6	
-7.7 -7.6 0.2 0.3 5963	
-7.7 -7.6 1.5 1.6 1856	
-7.7 -7.6 2.1 2.2 620	
-7.7 -7.6 2.8 2.9 102	
-7.7 -7.6 3.4 3.5 17	
-7.7 -7.6 4.0 4.1 1	
-7.8 -7.7 -0.8 -0.7 3897	
-7.8 -7.7 -1.9 -1.8 885	
-7.8 -7.7 -2.5 -2.4 267	
-7.8 -7.7 -3.6 -3.5 11	
-7.8 -7.7 -4.2 -4.1 1	
-7.8 -7.7 -5.0 -4.9 1	
-7.8 -7.7 0.2 0.3 4909	
-7.8 -7.7 1.5 1.6 1586	
-7.8 -7.7 2.1 2.2 527	
-7.8 -7.7 2.8 2.9 91	
-7.8 -7.7 3.2 3.3 31	
-7.8 -7.7 3.4 3.5 10	
-7.9 -7.8 -0.6 -0.5 3681	
-7.9 -7.8 -1.2 -1.1 2226	
-7.9 -7.8 -2.0 -1.9 625	
-7.9 -7.8 -2.3 -2.2 323	
-7.9 -7.8 -3.4 -3.3 19	
-7.9 -7.8 -3.8 -3.7 4	
-7.9 -7.8 0.2 0.3 4128	
-7.9 -7.8 1.3 1.4 1717	
-7.9 -7.8 1.5 1.6 1305	
-7.9 -7.8 2.6 2.7 112	
-7.9 -7.8 2.9 3.0 62	
-7.9 -7.8 3.2 3.3 15	
-8.0 -7.9 -0.6 -0.5 3110	
-8.0 -7.9 -1.2 -1.1 1746	
-8.0 -7.9 -2.0 -1.9 524	
-8.0 -7.9 -2.3 -2.2 294	
-8.0 -7.9 -3.4 -3.3 12	
-8.0 -7.9 -3.8 -3.7 2	
-8.0 -7.9 0.0 0.1 3528	
-8.0 -7.9 0.7 0.8 2689	
-8.0 -7.9 1.3 1.4 1383	
-8.0 -7.9 2.6 2.7 101	
-8.0 -7.9 2.9 3.0 50	
-8.0 -7.9 3.0 3.1 36	
-8.0 -7.9 3.7 3.8 3	
-8.1 -8.0 -0.3 -0.2 2897	
-8.1 -8.0 -0.8 -0.7 2203	
-8.1 -8.0 -1.4 -1.3 1129	
-8.1 -8.0 -2.5 -2.4 142	
-8.1 -8.0 -2.9 -2.8 60	
-8.1 -8.0 -3.1 -3.0 42	
-8.1 -8.0 0.0 0.1 2941	
-8.1 -8.0 1.3 1.4 1139	
-8.1 -8.0 2.6 2.7 83	
-8.1 -8.0 2.9 3.0 30	
-8.1 -8.0 3.2 3.3 14	
-8.2 -8.1 -1.2 -1.1 1230	
-8.2 -8.1 -2.7 -2.6 78	
-8.2 -8.1 -3.0 -2.9 38	
-8.2 -8.1 -3.8 -3.7 2	
-8.2 -8.1 -4.4 -4.3 1	
-8.2 -8.1 0.0 0.1 2403	
-8.2 -8.1 0.7 0.8 1829	
-8.2 -8.1 1.3 1.4 1006	
-8.2 -8.1 2.6 2.7 66	
-8.2 -8.1 2.9 3.0 46	
-8.2 -8.1 3.0 3.1 19	
-8.2 -8.1 3.2 3.3 10	
-8.3 -8.2 -0.8 -0.7 1401	
-8.3 -8.2 -1.4 -1.3 773	
-8.3 -8.2 -1.9 -1.8 333	
-8.3 -8.2 -2.5 -2.4 89	
-8.3 -8.2 -3.6 -3.5 4	
-8.3 -8.2 -4.2 -4.1 1	
-8.3 -8.2 0.0 0.1 1859	
-8.3 -8.2 0.7 0.8 1505	
-8.3 -8.2 1.1 1.2 979	
-8.3 -8.2 1.3 1.4 762	
-8.3 -8.2 2.4 2.5 94	
-8.3 -8.2 3.0 3.1 22	
-8.4 -8.3 -0.1 0.0 1484	
-8.4 -8.3 -0.6 -0.5 1339	
-8.4 -8.3 -1.2 -1.1 810	
-8.4 -8.3 -2.0 -1.9 229	
-8.4 -8.3 -2.3 -2.2 126	
-8.4 -8.3 0.5 0.6 1290	
-8.4 -8.3 1.1 1.2 793	
-8.4 -8.3 1.8 1.9 267	
-8.4 -8.3 2.4 2.5 85	
-8.4 -8.3 3.0 3.1 24	
-8.4 -8.3 3.7 3.8 1	
-8.5 -8.4 -0.4 -0.3 1091	
-8.5 -8.4 -0.8 -0.7 891	
-8.5 -8.4 -1.9 -1.8 229	
-8.5 -8.4 -2.1 -2.0 136	
-8.5 -8.4 -2.5 -2.4 51	
-8.5 -8.4 -3.6 -3.5 2	
-8.5 -8.4 0.5 0.6 1015	
-8.5 -8.4 1.1 1.2 610	
-8.5 -8.4 1.8 1.9 209	
-8.5 -8.4 2.4 2.5 55	
-8.5 -8.4 3.5 3.6 6	
-8.6 -8.5 -0.2 -0.1 920	
-8.6 -8.5 -0.6 -0.5 868	
-8.6 -8.5 -1.7 -1.6 217	
-8.6 -8.5 -2.0 -1.9 124	
-8.6 -8.5 -2.3 -2.2 63	
-8.6 -8.5 -3.4 -3.3 3	
-8.6 -8.5 -3.8 -3.7 2	
-8.6 -8.5 0.5 0.6 813	
-8.6 -8.5 1.6 1.7 261	
-8.6 -8.5 1.9 2.0 148	
-8.6 -8.5 2.2 2.3 86	
-8.6 -8.5 3.5 3.6 3	
-8.6 -8.5 4.1 4.2 2	
-8.7 -8.6 -0.4 -0.3 645	
-8.7 -8.6 -1.5 -1.4 242	
-8.7 -8.6 -1.9 -1.8 114	
-8.7 -8.6 -2.1 -2.0 102	
-8.7 -8.6 -3.2 -3.1 5	
-8.7 -8.6 -3.6 -3.5 2	
-8.7 -8.6 0.3 0.4 687	
-8.7 -8.6 1.6 1.7 165	
-8.7 -8.6 1.9 2.0 112	
-8.7 -8.6 2.2 2.3 68	
-8.7 -8.6 3.5 3.6 2	
-8.8 -8.7 -0.2 -0.1 535	
-8.8 -8.7 -1.7 -1.6 135	
-8.8 -8.7 -2.0 -1.9 95	
-8.8 -8.7 -2.8 -2.7 5	
-8.8 -8.7 -3.4 -3.3 4	
-8.8 -8.7 0.3 0.4 553	
-8.8 -8.7 1.6 1.7 140	
-8.8 -8.7 1.9 2.0 79	
-8.8 -8.7 2.0 2.1 62	
-8.8 -8.7 2.7 2.8 16	
-8.8 -8.7 3.3 3.4 1	
-8.9 -8.8 -0.4 -0.3 397	
-8.9 -8.8 -1.5 -1.4 165	
-8.9 -8.8 -2.6 -2.5 21	
-8.9 -8.8 -3.2 -3.1 3	
-8.9 -8.8 0.1 0.2 389	
-8.9 -8.8 0.8 0.9 294	
-8.9 -8.8 1.4 1.5 149	
-8.9 -8.8 2.0 2.1 58	
-8.9 -8.8 2.7 2.8 10	
-8.9 -8.8 3.3 3.4 2	
-9.0 -8.9 -0.1 0.0 306	
-9.0 -8.9 -0.4 -0.3 288	
-9.0 -8.9 -1.5 -1.4 105	
-9.0 -8.9 -2.6 -2.5 11	
-9.0 -8.9 0.1 0.2 297	
-9.0 -8.9 0.8 0.9 206	
-9.0 -8.9 1.2 1.3 146	
-9.0 -8.9 2.5 2.6 20	
-9.0 -8.9 3.1 3.2 2	
-9.1 -9.0 -0.6 -0.5 202	
-9.1 -9.0 -1.7 -1.6 56	
-9.1 -9.0 -2.0 -1.9 30	
-9.1 -9.0 -2.3 -2.2 19	
-9.1 -9.0 -3.4 -3.3 2	
-9.1 -9.0 0.1 0.2 215	
-9.1 -9.0 0.8 0.9 168	
-9.1 -9.0 1.4 1.5 85	
-9.1 -9.0 2.0 2.1 30	
-9.1 -9.0 2.7 2.8 5	
-9.1 -9.0 3.3 3.4 2	
-9.2 -9.1 -0.4 -0.3 161	
-9.2 -9.1 -1.5 -1.4 60	
-9.2 -9.1 -1.9 -1.8 30	
-9.2 -9.1 -2.1 -2.0 26	
-9.2 -9.1 -3.2 -3.1 1	
-9.2 -9.1 0.1 0.2 161	
-9.2 -9.1 0.8 0.9 101	
-9.2 -9.1 1.4 1.5 77	
-9.2 -9.1 2.5 2.6 7	
-9.2 -9.1 3.1 3.2 1	
-9.3 -9.2 -0.2 -0.1 135	
-9.3 -9.2 -0.6 -0.5 102	
-9.3 -9.2 -1.7 -1.6 29	
-9.3 -9.2 -2.0 -1.9 10	
-9.3 -9.2 -2.8 -2.7 5	
-9.3 -9.2 -3.4 -3.3 1	
-9.3 -9.2 0.6 0.7 79	
-9.3 -9.2 0.9 1.0 76	
-9.3 -9.2 1.2 1.3 53	
-9.3 -9.2 2.5 2.6 9	
-9.4 -9.3 -0.4 -0.3 99	
-9.4 -9.3 -1.5 -1.4 32	
-9.4 -9.3 -2.1 -2.0 15	
-9.4 -9.3 -3.2 -3.1 2	
-9.4 -9.3 0.6 0.7 76	
-9.4 -9.3 0.9 1.0 54	
-9.4 -9.3 1.2 1.3 50	
-9.4 -9.3 2.5 2.6 2	
-9.5 -9.4 -0.2 -0.1 58	
-9.5 -9.4 -1.0 -0.9 33	
-9.5 -9.4 -1.3 -1.2 41	
-9.5 -9.4 -1.7 -1.6 19	
-9.5 -9.4 -2.8 -2.7 1	
-9.5 -9.4 0.6 0.7 48	
-9.5 -9.4 0.9 1.0 35	
-9.5 -9.4 1.0 1.1 36	
-9.5 -9.4 1.7 1.8 14	
-9.5 -9.4 2.3 2.4 4	
-9.6 -9.5 -0.1 0.0 39	
-9.6 -9.5 -0.9 -0.8 29	
-9.6 -9.5 -1.1 -1.0 35	
-9.6 -9.5 -1.5 -1.4 13	
-9.6 -9.5 0.4 0.5 39	
-9.6 -9.5 1.0 1.1 34	
-9.6 -9.5 1.7 1.8 9	
-9.6 -9.5 2.3 2.4 6	
-9.7 -9.6 -0.7 -0.6 28	
-9.7 -9.6 -1.0 -0.9 21	
-9.7 -9.6 -1.3 -1.2 15	
-9.7 -9.6 -2.8 -2.7 1	
-9.7 -9.6 0.4 0.5 21	
-9.7 -9.6 1.0 1.1 19	
-9.7 -9.6 1.7 1.8 5	
-9.7 -9.6 2.1 2.2 4	
-9.8 -9.7 -0.5 -0.4 18	
-9.8 -9.7 -0.9 -0.8 12	
-9.8 -9.7 -1.1 -1.0 13	
-9.8 -9.7 -2.2 -2.1 2	
-9.8 -9.7 0.2 0.3 18	
-9.8 -9.7 1.5 1.6 6	
-9.8 -9.7 2.1 2.2 3	
-9.9 -9.8 -0.7 -0.6 19	
-9.9 -9.8 -1.0 -0.9 10	
-9.9 -9.8 -1.8 -1.7 2	
-9.9 -9.8 -2.4 -2.3 1	
-9.9 -9.8 0.2 0.3 16	
-9.9 -9.8 1.5 1.6 4	
0.0 0.1 -0.2 -0.1 1102	
0.0 0.1 -1.0 -0.9 3355	
0.0 0.1 -1.3 -1.2 5325	
0.0 0.1 -10.0 -9.9 12	
0.0 0.1 -10.4 -10.3 1	
0.0 0.1 -2.4 -2.3 19617	
0.0 0.1 -2.8 -2.7 23676	
0.0 0.1 -3.9 -3.8 19029	
0.0 0.1 -4.1 -4.0 17801	
0.0 0.1 -4.5 -4.4 15738	
0.0 0.1 -5.6 -5.5 22435	
0.0 0.1 -6.2 -6.1 23432	
0.0 0.1 -7.0 -6.9 15242	
0.0 0.1 -7.3 -7.2 10948	
0.0 0.1 -8.8 -8.7 573	
0.0 0.1 -9.9 -9.8 17	
0.0 0.1 0.6 0.7 1987	
0.0 0.1 0.9 1.0 3389	
0.0 0.1 1.2 1.3 5615	
0.0 0.1 2.5 2.6 22017	
0.0 0.1 3.6 3.7 21091	
0.0 0.1 3.9 4.0 18562	
0.0 0.1 4.2 4.3 16254	
0.0 0.1 5.5 5.6 22372	
0.0 0.1 6.1 6.2 23753	
0.0 0.1 6.8 6.9 16681	
0.0 0.1 7.4 7.5 8341	
0.0 0.1 8.5 8.6 880	
0.0 0.1 8.7 8.8 601	
0.0 0.1 9.1 9.2 152	
0.0 0.1 9.8 9.9 10	
0.1 0.2 -0.5 -0.4 1521	
0.1 0.2 -1.6 -1.5 8757	
0.1 0.2 -10.4 -10.3 2	
0.1 0.2 -2.7 -2.6 23040	
0.1 0.2 -3.0 -2.9 24516	
0.1 0.2 -3.3 -3.2 24068	
0.1 0.2 -4.4 -4.3 15713	
0.1 0.2 -4.8 -4.7 16151	
0.1 0.2 -5.9 -5.8 24043	
0.1 0.2 -6.1 -6.0 23649	
0.1 0.2 -6.5 -6.4 21474	
0.1 0.2 -7.6 -7.5 7132	
0.1 0.2 -8.2 -8.1 2368	
0.1 0.2 -8.7 -8.6 670	
0.1 0.2 -9.0 -8.9 301	
0.1 0.2 -9.3 -9.2 132	
0.1 0.2 0.3 0.4 1381	
0.1 0.2 1.4 1.5 7444	
0.1 0.2 1.6 1.7 9975	
0.1 0.2 1.9 2.0 14028	
0.1 0.2 10.1 10.2 2	
0.1 0.2 10.9 11.0 1	
0.1 0.2 2.0 2.1 15413	
0.1 0.2 2.7 2.8 23816	
0.1 0.2 3.3 3.4 23647	
0.1 0.2 4.6 4.7 15662	
0.1 0.2 4.9 5.0 17271	
0.1 0.2 5.2 5.3 19833	
0.1 0.2 6.5 6.6 20376	
0.1 0.2 7.6 7.7 5976	
0.1 0.2 7.9 8.0 3536	
0.1 0.2 8.2 8.3 1833	
0.1 0.2 9.5 9.6 41	
0.2 0.3 -0.1 0.0 1221	
0.2 0.3 -0.4 -0.3 1431	
0.2 0.3 -0.8 -0.7 2430	
0.2 0.3 -1.9 -1.8 12275	
0.2 0.3 -10.4 -10.3 1	
0.2 0.3 -2.1 -2.0 15174	
0.2 0.3 -3.6 -3.5 21734	
0.2 0.3 -4.7 -4.6 15544	
0.2 0.3 -5.0 -4.9 16958	
0.2 0.3 -5.3 -5.2 19272	
0.2 0.3 -6.4 -6.3 21795	
0.2 0.3 -6.8 -6.7 17403	
0.2 0.3 -7.9 -7.8 4148	
0.2 0.3 -8.1 -8.0 2823	
0.2 0.3 -9.6 -9.5 44	
0.2 0.3 0.5 0.6 1746	
0.2 0.3 1.1 1.2 4743	
0.2 0.3 1.8 1.9 12330	
0.2 0.3 10.0 10.1 7	
0.2 0.3 10.4 10.5 1	
0.2 0.3 2.4 2.5 20591	
0.2 0.3 3.0 3.1 24140	
0.2 0.3 3.7 3.8 20011	
0.2 0.3 4.3 4.4 15677	
0.2 0.3 5.4 5.5 21173	
0.2 0.3 6.0 6.1 23384	
0.2 0.3 6.7 6.8 17398	
0.2 0.3 7.3 7.4 9447	
0.2 0.3 8.6 8.7 701	
0.2 0.3 8.9 9.0 303	
0.2 0.3 9.2 9.3 132	
0.2 0.3 9.9 10.0 12	
0.3 0.4 -0.7 -0.6 2120	
0.3 0.4 -1.0 -0.9 3339	
0.3 0.4 -1.3 -1.2 5416	
0.3 0.4 -10.0 -9.9 9	
0.3 0.4 -2.4 -2.3 18877	
0.3 0.4 -3.5 -3.4 21996	
0.3 0.4 -3.9 -3.8 18718	
0.3 0.4 -4.1 -4.0 16710	
0.3 0.4 -5.2 -5.1 17951	
0.3 0.4 -5.6 -5.5 21001	
0.3 0.4 -6.7 -6.6 18165	
0.3 0.4 -7.0 -6.9 14235	
0.3 0.4 -7.3 -7.2 10414	
0.3 0.4 -8.4 -8.3 1399	
0.3 0.4 -9.5 -9.4 44	
0.3 0.4 -9.9 -9.8 6	
0.3 0.4 0.2 0.3 1426	
0.3 0.4 1.5 1.6 8263	
0.3 0.4 2.1 2.2 16226	
0.3 0.4 2.8 2.9 23062	
0.3 0.4 3.2 3.3 23159	
0.3 0.4 4.5 4.6 15074	
0.3 0.4 5.1 5.2 18028	
0.3 0.4 5.8 5.9 22514	
0.3 0.4 6.4 6.5 20444	
0.3 0.4 7.0 7.1 12932	
0.3 0.4 7.7 7.8 4691	
0.3 0.4 8.1 8.2 2148	
0.3 0.4 9.4 9.5 61	
0.4 0.5 -1.2 -1.1 4644	
0.4 0.5 -1.6 -1.5 8105	
0.4 0.5 -10.1 -10.0 3	
0.4 0.5 -11.1 -11.0 1	
0.4 0.5 -2.7 -2.6 21364	
0.4 0.5 -3.0 -2.9 22532	
0.4 0.5 -3.8 -3.7 18602	
0.4 0.5 -4.4 -4.3 14724	
0.4 0.5 -5.5 -5.4 19501	
0.4 0.5 -5.9 -5.8 21723	
0.4 0.5 -6.1 -6.0 21913	
0.4 0.5 -7.2 -7.1 11299	
0.4 0.5 -7.6 -7.5 6410	
0.4 0.5 -8.7 -8.6 685	
0.4 0.5 -9.0 -8.9 282	
0.4 0.5 -9.3 -9.2 117	
0.4 0.5 -9.8 -9.7 22	
0.4 0.5 0.6 0.7 2286	
0.4 0.5 0.9 1.0 3442	
0.4 0.5 1.0 1.1 4021	
0.4 0.5 2.3 2.4 18355	
0.4 0.5 3.6 3.7 19477	
0.4 0.5 3.9 4.0 17033	
0.4 0.5 4.2 4.3 14970	
0.4 0.5 5.5 5.6 20385	
0.4 0.5 6.1 6.2 21448	
0.4 0.5 6.8 6.9 15200	
0.4 0.5 7.2 7.3 9771	
0.4 0.5 8.5 8.6 862	
0.4 0.5 9.1 9.2 146	
0.4 0.5 9.8 9.9 17	
0.5 0.6 -0.4 -0.3 1893	
0.5 0.6 -1.5 -1.4 6921	
0.5 0.6 -10.1 -10.0 4	
0.5 0.6 -2.1 -2.0 13970	
0.5 0.6 -3.2 -3.1 21798	
0.5 0.6 -4.3 -4.2 14419	
0.5 0.6 -4.7 -4.6 13959	
0.5 0.6 -5.0 -4.9 15289	
0.5 0.6 -5.8 -5.7 20437	
0.5 0.6 -6.4 -6.3 19332	
0.5 0.6 -7.5 -7.4 7157	
0.5 0.6 -7.9 -7.8 3697	
0.5 0.6 -8.1 -8.0 2486	
0.5 0.6 -9.2 -9.1 142	
0.5 0.6 0.1 0.2 1695	
0.5 0.6 0.8 0.9 3041	
0.5 0.6 1.4 1.5 6913	
0.5 0.6 10.0 10.1 7	
0.5 0.6 2.0 2.1 13945	
0.5 0.6 2.7 2.8 21360	
0.5 0.6 3.3 3.4 21144	
0.5 0.6 4.6 4.7 13966	
0.5 0.6 4.9 5.0 14935	
0.5 0.6 5.0 5.1 15491	
0.5 0.6 5.7 5.8 20280	
0.5 0.6 6.3 6.4 19755	
0.5 0.6 7.6 7.7 5281	
0.5 0.6 7.9 8.0 3078	
0.5 0.6 8.2 8.3 1659	
0.5 0.6 9.5 9.6 28	
0.6 0.7 -0.3 -0.2 2046	
0.6 0.7 -0.7 -0.6 2504	
0.6 0.7 -1.8 -1.7 9785	
0.6 0.7 -10.1 -10.0 5	
0.6 0.7 -2.4 -2.3 16669	
0.6 0.7 -2.9 -2.8 20820	
0.6 0.7 -3.5 -3.4 19575	
0.6 0.7 -4.6 -4.5 12879	
0.6 0.7 -5.2 -5.1 15642	
0.6 0.7 -6.3 -6.2 18872	
0.6 0.7 -6.7 -6.6 15831	
0.6 0.7 -7.8 -7.7 4148	
0.6 0.7 -8.4 -8.3 1274	
0.6 0.7 -9.5 -9.4 60	
0.6 0.7 0.5 0.6 2415	
0.6 0.7 1.1 1.2 4642	
0.6 0.7 1.8 1.9 11291	
0.6 0.7 10.3 10.4 3	
0.6 0.7 2.4 2.5 18028	
0.6 0.7 3.5 3.6 18789	
0.6 0.7 3.7 3.8 17232	
0.6 0.7 4.1 4.2 14401	
0.6 0.7 4.8 4.9 13748	
0.6 0.7 5.4 5.5 17659	
0.6 0.7 6.0 6.1 19318	
0.6 0.7 6.7 6.8 14449	
0.6 0.7 7.3 7.4 7714	
0.6 0.7 8.6 8.7 595	
0.6 0.7 8.9 9.0 244	
0.6 0.7 9.0 9.1 164	
0.6 0.7 9.7 9.8 18	
0.7 0.8 -0.6 -0.5 2709	
0.7 0.8 -1.2 -1.1 4549	
0.7 0.8 -2.0 -1.9 11791	
0.7 0.8 -2.3 -2.2 15133	
0.7 0.8 -3.8 -3.7 16405	
0.7 0.8 -4.9 -4.8 12884	
0.7 0.8 -5.1 -5.0 13845	
0.7 0.8 -5.5 -5.4 16477	
0.7 0.8 -6.6 -6.5 15587	
0.7 0.8 -7.2 -7.1 9251	
0.7 0.8 -8.0 -7.9 2666	
0.7 0.8 -8.3 -8.2 1423	
0.7 0.8 -8.7 -8.6 557	
0.7 0.8 -9.8 -9.7 16	
0.7 0.8 0.2 0.3 2320	
0.7 0.8 1.3 1.4 5892	
0.7 0.8 1.5 1.6 7599	
0.7 0.8 10.2 10.3 1	
0.7 0.8 2.6 2.7 18981	
0.7 0.8 2.9 3.0 20247	
0.7 0.8 3.2 3.3 19647	
0.7 0.8 4.5 4.6 12285	
0.7 0.8 5.1 5.2 14552	
0.7 0.8 5.8 5.9 18108	
0.7 0.8 6.4 6.5 16130	
0.7 0.8 7.5 7.6 5314	
0.7 0.8 8.1 8.2 1813	
0.7 0.8 8.8 8.9 308	
0.7 0.8 9.4 9.5 41	
0.7 0.8 9.9 10.0 10	
0.8 0.9 -0.9 -0.8 3600	
0.8 0.9 -1.1 -1.0 4200	
0.8 0.9 -1.5 -1.4 6498	
0.8 0.9 -2.6 -2.5 17465	
0.8 0.9 -3.2 -3.1 18981	
0.8 0.9 -4.0 -3.9 14241	
0.8 0.9 -4.3 -4.2 12347	
0.8 0.9 -5.4 -5.3 14679	
0.8 0.9 -5.8 -5.7 16755	
0.8 0.9 -6.9 -6.8 11480	
0.8 0.9 -7.1 -7.0 9673	
0.8 0.9 -7.5 -7.4 5875	
0.8 0.9 -8.6 -8.5 642	
0.8 0.9 -9.2 -9.1 104	
0.8 0.9 0.4 0.5 2934	
0.8 0.9 1.0 1.1 4185	
0.8 0.9 1.7 1.8 9426	
0.8 0.9 10.5 10.6 1	
0.8 0.9 2.3 2.4 15417	
0.8 0.9 3.6 3.7 16477	
0.8 0.9 3.9 4.0 13984	
0.8 0.9 4.2 4.3 12180	
0.8 0.9 5.3 5.4 14617	
0.8 0.9 6.6 6.7 13403	
0.8 0.9 6.9 7.0 10610	
0.8 0.9 7.2 7.3 7430	
0.8 0.9 8.5 8.6 632	
0.8 0.9 9.1 9.2 122	
0.8 0.9 9.8 9.9 11	
0.9 1.0 -0.7 -0.6 3613	
0.9 1.0 -1.0 -0.9 4095	
0.9 1.0 -1.8 -1.7 8833	
0.9 1.0 -2.4 -2.3 14783	
0.9 1.0 -3.5 -3.4 16787	
0.9 1.0 -3.9 -3.8 14330	
0.9 1.0 -4.1 -4.0 12733	
0.9 1.0 -5.2 -5.1 12358	
0.9 1.0 -5.6 -5.5 14613	
0.9 1.0 -6.7 -6.6 12425	
0.9 1.0 -7.0 -6.9 9656	
0.9 1.0 -7.3 -7.2 6876	
0.9 1.0 -7.8 -7.7 3349	
0.9 1.0 -8.4 -8.3 910	
0.9 1.0 -9.5 -9.4 25	
0.9 1.0 -9.9 -9.8 6	
0.9 1.0 0.3 0.4 3392	
0.9 1.0 1.6 1.7 7973	
0.9 1.0 1.9 2.0 10916	
0.9 1.0 2.2 2.3 14000	
0.9 1.0 3.3 3.4 17416	
0.9 1.0 4.6 4.7 10865	
0.9 1.0 4.9 5.0 11576	
0.9 1.0 5.2 5.3 12921	
0.9 1.0 6.5 6.6 13101	
0.9 1.0 7.1 7.2 7775	
0.9 1.0 7.8 7.9 2667	
0.9 1.0 8.2 8.3 1246	
0.9 1.0 8.4 8.5 752	
0.9 1.0 9.5 9.6 36	
1.0 1.1 -0.7 -0.6 3898	
1.0 1.1 -1.0 -0.9 4405	
1.0 1.1 -1.3 -1.2 5277	
1.0 1.1 -10.1 -10.0 4	
1.0 1.1 -2.4 -2.3 14202	
1.0 1.1 -2.8 -2.7 16967	
1.0 1.1 -3.9 -3.8 13480	
1.0 1.1 -4.1 -4.0 12078	
1.0 1.1 -5.6 -5.5 13101	
1.0 1.1 -6.7 -6.6 11093	
1.0 1.1 -7.0 -6.9 8708	
1.0 1.1 -7.3 -7.2 6326	
1.0 1.1 -8.4 -8.3 843	
1.0 1.1 -8.8 -8.7 284	
1.0 1.1 -9.9 -9.8 12	
1.0 1.1 0.2 0.3 3990	
1.0 1.1 1.5 1.6 7202	
1.0 1.1 10.3 10.4 3	
1.0 1.1 2.6 2.7 16475	
1.0 1.1 3.2 3.3 17253	
1.0 1.1 4.5 4.6 10209	
1.0 1.1 5.1 5.2 11271	
1.0 1.1 5.8 5.9 14092	
1.0 1.1 6.4 6.5 12352	
1.0 1.1 7.7 7.8 2999	
1.0 1.1 8.1 8.2 1387	
1.0 1.1 8.8 8.9 240	
1.0 1.1 9.4 9.5 41	
1.1 1.2 -0.1 0.0 4590	
1.1 1.2 -1.2 -1.1 5134	
1.1 1.2 -1.6 -1.5 7046	
1.1 1.2 -10.1 -10.0 1	
1.1 1.2 -2.7 -2.6 15913	
1.1 1.2 -3.0 -2.9 16957	
1.1 1.2 -3.3 -3.2 16408	
1.1 1.2 -4.4 -4.3 9881	
1.1 1.2 -5.5 -5.4 11551	
1.1 1.2 -5.9 -5.8 12662	
1.1 1.2 -6.1 -6.0 12459	
1.1 1.2 -7.2 -7.1 6387	
1.1 1.2 -7.6 -7.5 3784	
1.1 1.2 -8.7 -8.6 383	
1.1 1.2 -9.0 -8.9 161	
1.1 1.2 -9.3 -9.2 68	
1.1 1.2 0.4 0.5 4614	
1.1 1.2 0.6 0.7 4438	
1.1 1.2 0.9 1.0 4857	
1.1 1.2 1.0 1.1 4985	
1.1 1.2 1.7 1.8 8605	
1.1 1.2 2.3 2.4 14018	
1.1 1.2 3.6 3.7 14218	
1.1 1.2 3.9 4.0 12111	
1.1 1.2 4.2 4.3 10047	
1.1 1.2 5.5 5.6 11889	
1.1 1.2 6.6 6.7 9813	
1.1 1.2 6.9 7.0 7737	
1.1 1.2 7.2 7.3 5676	
1.1 1.2 8.5 8.6 459	
1.1 1.2 9.1 9.2 88	
1.1 1.2 9.8 9.9 10	
1.1 1.2 9.9 10.0 6	
1.2 1.3 -0.4 -0.3 5513	
1.2 1.3 -1.5 -1.4 6680	
1.2 1.3 -1.9 -1.8 9295	
1.2 1.3 -10.0 -9.9 6	
1.2 1.3 -2.1 -2.0 10712	
1.2 1.3 -3.2 -3.1 16161	
1.2 1.3 -3.6 -3.5 14353	
1.2 1.3 -4.7 -4.6 8708	
1.2 1.3 -5.0 -4.9 8678	
1.2 1.3 -5.8 -5.7 10723	
1.2 1.3 -6.4 -6.3 10483	
1.2 1.3 -7.5 -7.4 3804	
1.2 1.3 -7.9 -7.8 1949	
1.2 1.3 -8.1 -8.0 1301	
1.2 1.3 -9.2 -9.1 84	
1.2 1.3 -9.6 -9.5 20	
1.2 1.3 0.1 0.2 5456	
1.2 1.3 0.8 0.9 5272	
1.2 1.3 1.4 1.5 6701	
1.2 1.3 10.0 10.1 5	
1.2 1.3 2.0 2.1 10796	
1.2 1.3 2.7 2.8 15705	
1.2 1.3 3.3 3.4 15514	
1.2 1.3 4.4 4.5 8893	
1.2 1.3 5.0 5.1 9225	
1.2 1.3 5.7 5.8 11013	
1.2 1.3 6.3 6.4 10212	
1.2 1.3 7.6 7.7 2789	
1.2 1.3 7.9 8.0 1663	
1.2 1.3 8.2 8.3 906	
1.2 1.3 9.3 9.4 28	
1.3 1.4 -0.3 -0.2 6448	
1.3 1.4 -0.7 -0.6 5942	
1.3 1.4 -1.0 -0.9 5921	
1.3 1.4 -1.8 -1.7 8561	
1.3 1.4 -10.3 -10.2 1	
1.3 1.4 -2.4 -2.3 13104	
1.3 1.4 -3.5 -3.4 14623	
1.3 1.4 -4.1 -4.0 10421	
1.3 1.4 -5.2 -5.1 8207	
1.3 1.4 -6.3 -6.2 9624	
1.3 1.4 -6.7 -6.6 7880	
1.3 1.4 -7.0 -6.9 6162	
1.3 1.4 -7.8 -7.7 2110	
1.3 1.4 -8.4 -8.3 622	
1.3 1.4 -9.5 -9.4 33	
1.3 1.4 -9.9 -9.8 7	
1.3 1.4 0.5 0.6 6059	
1.3 1.4 1.1 1.2 6013	
1.3 1.4 1.8 1.9 9238	
1.3 1.4 10.3 10.4 1	
1.3 1.4 2.2 2.3 12206	
1.3 1.4 3.5 3.6 14089	
1.3 1.4 4.1 4.2 9762	
1.3 1.4 4.8 4.9 7911	
1.3 1.4 5.4 5.5 9003	
1.3 1.4 6.0 6.1 9812	
1.3 1.4 6.7 6.8 7235	
1.3 1.4 7.1 7.2 4950	
1.3 1.4 8.4 8.5 507	
1.3 1.4 9.0 9.1 83	
1.3 1.4 9.7 9.8 9	
1.4 1.5 -0.6 -0.5 6992	
1.4 1.5 -1.2 -1.1 6559	
1.4 1.5 -10.3 -10.2 1	
1.4 1.5 -2.3 -2.2 12273	
1.4 1.5 -2.7 -2.6 14889	
1.4 1.5 -3.8 -3.7 12163	
1.4 1.5 -4.4 -4.3 8243	
1.4 1.5 -5.5 -5.4 8048	
1.4 1.5 -6.1 -6.0 8630	
1.4 1.5 -6.6 -6.5 7172	
1.4 1.5 -7.2 -7.1 4324	
1.4 1.5 -8.3 -8.2 671	
1.4 1.5 -8.7 -8.6 256	
1.4 1.5 -9.8 -9.7 5	
1.4 1.5 0.0 0.1 7641	
1.4 1.5 1.3 1.4 6882	
1.4 1.5 10.2 10.3 1	
1.4 1.5 2.6 2.7 14670	
1.4 1.5 2.9 3.0 15943	
1.4 1.5 3.2 3.3 15255	
1.4 1.5 4.5 4.6 7590	
1.4 1.5 5.1 5.2 7446	
1.4 1.5 5.8 5.9 8504	
1.4 1.5 6.2 6.3 8269	
1.4 1.5 7.5 7.6 2519	
1.4 1.5 8.1 8.2 834	
1.4 1.5 8.8 8.9 156	
1.4 1.5 9.4 9.5 28	
1.5 1.6 -0.9 -0.8 7452	
1.5 1.6 -1.1 -1.0 7028	
1.5 1.6 -1.5 -1.4 7536	
1.5 1.6 -10.3 -10.2 1	
1.5 1.6 -2.6 -2.5 14436	
1.5 1.6 -3.2 -3.1 15517	
1.5 1.6 -4.0 -3.9 10735	
1.5 1.6 -4.3 -4.2 8673	
1.5 1.6 -4.7 -4.6 6793	
1.5 1.6 -5.8 -5.7 7466	
1.5 1.6 -6.9 -6.8 5034	
1.5 1.6 -7.5 -7.4 2483	
1.5 1.6 -8.6 -8.5 282	
1.5 1.6 -9.2 -9.1 51	
1.5 1.6 0.4 0.5 8106	
1.5 1.6 1.0 1.1 7036	
1.5 1.6 1.7 1.8 8907	
1.5 1.6 2.3 2.4 13222	
1.5 1.6 3.6 3.7 12952	
1.5 1.6 3.9 4.0 11035	
1.5 1.6 4.0 4.1 10099	
1.5 1.6 4.7 4.8 6664	
1.5 1.6 5.3 5.4 6742	
1.5 1.6 6.6 6.7 5782	
1.5 1.6 6.9 7.0 4723	
1.5 1.6 7.2 7.3 3180	
1.5 1.6 8.5 8.6 313	
1.5 1.6 9.8 9.9 7	
1.6 1.7 -0.1 0.0 9819	
1.6 1.7 -0.3 -0.2 9769	
1.6 1.7 -1.4 -1.3 7845	
1.6 1.7 -1.8 -1.7 9220	
1.6 1.7 -2.9 -2.8 15843	
1.6 1.7 -3.1 -3.0 16285	
1.6 1.7 -3.5 -3.4 14372	
1.6 1.7 -4.6 -4.5 6843	
1.6 1.7 -5.2 -5.1 6009	
1.6 1.7 -6.0 -5.9 6385	
1.6 1.7 -6.3 -6.2 5982	
1.6 1.7 -7.4 -7.3 2435	
1.6 1.7 -7.8 -7.7 1384	
1.6 1.7 -8.9 -8.8 128	
1.6 1.7 -9.1 -9.0 53	
1.6 1.7 -9.5 -9.4 18	
1.6 1.7 0.1 0.2 9880	
1.6 1.7 0.8 0.9 8431	
1.6 1.7 1.4 1.5 8001	
1.6 1.7 2.5 2.6 14760	
1.6 1.7 2.7 2.8 15501	
1.6 1.7 3.1 3.2 15562	
1.6 1.7 3.8 3.9 11754	
1.6 1.7 4.4 4.5 7433	
1.6 1.7 5.0 5.1 5850	
1.6 1.7 5.7 5.8 6217	
1.6 1.7 6.3 6.4 5902	
1.6 1.7 7.6 7.7 1648	
1.6 1.7 7.9 8.0 902	
1.6 1.7 8.0 8.1 693	
1.6 1.7 8.7 8.8 132	
1.6 1.7 9.3 9.4 24	
1.6 1.7 9.9 10.0 3	
1.7 1.8 -0.6 -0.5 10153	
1.7 1.8 -1.7 -1.6 9152	
1.7 1.8 -2.0 -1.9 11037	
1.7 1.8 -2.3 -2.2 13171	
1.7 1.8 -3.4 -3.3 15287	
1.7 1.8 -3.8 -3.7 12654	
1.7 1.8 -4.9 -4.8 5552	
1.7 1.8 -5.1 -5.0 5044	
1.7 1.8 -5.5 -5.4 5228	
1.7 1.8 -6.6 -6.5 4391	
1.7 1.8 -7.7 -7.6 1321	
1.7 1.8 -8.0 -7.9 774	
1.7 1.8 -8.3 -8.2 392	
1.7 1.8 -9.4 -9.3 18	
1.7 1.8 -9.8 -9.7 6	
1.7 1.8 0.5 0.6 10196	
1.7 1.8 1.6 1.7 9213	
1.7 1.8 1.9 2.0 10936	
1.7 1.8 2.2 2.3 13172	
1.7 1.8 3.5 3.6 13895	
1.7 1.8 4.1 4.2 9277	
1.7 1.8 4.8 4.9 5450	
1.7 1.8 5.4 5.5 5260	
1.7 1.8 6.5 6.6 4529	
1.7 1.8 7.1 7.2 2621	
1.7 1.8 7.8 7.9 938	
1.7 1.8 8.4 8.5 274	
1.7 1.8 9.0 9.1 52	
1.7 1.8 9.7 9.8 5	
1.8 1.9 -0.9 -0.8 10325	
1.8 1.9 -1.1 -1.0 9663	
1.8 1.9 -2.2 -2.1 12712	
1.8 1.9 -2.6 -2.5 15663	
1.8 1.9 -3.7 -3.6 13592	
1.8 1.9 -4.0 -3.9 11034	
1.8 1.9 -4.3 -4.2 8508	
1.8 1.9 -5.4 -5.3 4559	
1.8 1.9 -6.9 -6.8 3134	
1.8 1.9 -7.1 -7.0 2528	
1.8 1.9 -8.2 -8.1 449	
1.8 1.9 -8.6 -8.5 161	
1.8 1.9 -9.7 -9.6 4	
1.8 1.9 0.0 0.1 12587	
1.8 1.9 0.7 0.8 10728	
1.8 1.9 1.3 1.4 9227	
1.8 1.9 2.6 2.7 16102	
1.8 1.9 2.9 3.0 16748	
1.8 1.9 3.2 3.3 16322	
1.8 1.9 4.3 4.4 7844	
1.8 1.9 5.6 5.7 4512	
1.8 1.9 5.9 6.0 4664	
1.8 1.9 6.2 6.3 4291	
1.8 1.9 7.5 7.6 1286	
1.8 1.9 8.1 8.2 431	
1.8 1.9 8.8 8.9 79	
1.8 1.9 9.2 9.3 26	
1.8 1.9 9.4 9.5 8	
1.9 2.0 -0.3 -0.2 13866	
1.9 2.0 -0.7 -0.6 12262	
1.9 2.0 -1.8 -1.7 10812	
1.9 2.0 -2.4 -2.3 14956	
1.9 2.0 -3.5 -3.4 15757	
1.9 2.0 -4.1 -4.0 10617	
1.9 2.0 -4.6 -4.5 6342	
1.9 2.0 -5.2 -5.1 4172	
1.9 2.0 -6.3 -6.2 3591	
1.9 2.0 -6.7 -6.6 2965	
1.9 2.0 -7.8 -7.7 738	
1.9 2.0 -8.4 -8.3 196	
1.9 2.0 -9.5 -9.4 9	
1.9 2.0 0.6 0.7 12259	
1.9 2.0 0.9 1.0 10964	
1.9 2.0 1.2 1.3 9896	
1.9 2.0 10.3 10.4 1	
1.9 2.0 2.3 2.4 14848	
1.9 2.0 3.6 3.7 14423	
1.9 2.0 3.9 4.0 11500	
1.9 2.0 4.2 4.3 8753	
1.9 2.0 5.5 5.6 3930	
1.9 2.0 6.1 6.2 3654	
1.9 2.0 6.8 6.9 2492	
1.9 2.0 7.2 7.3 1568	
1.9 2.0 7.4 7.5 1209	
1.9 2.0 8.5 8.6 153	
1.9 2.0 9.1 9.2 23	
1.9 2.0 9.8 9.9 1	
10.0 10.1 -1.2 -1.1 3	
10.0 10.1 -1.6 -1.5 1	
10.0 10.1 0.2 0.3 7	
10.0 10.1 1.5 1.6 1	
10.0 10.1 2.6 2.7 1	
10.1 10.2 -0.8 -0.7 5	
10.1 10.2 -1.4 -1.3 3	
10.1 10.2 0.0 0.1 12	
10.1 10.2 0.7 0.8 3	
10.1 10.2 1.3 1.4 1	
10.2 10.3 -0.1 0.0 4	
10.2 10.3 -0.6 -0.5 4	
10.2 10.3 -1.2 -1.1 1	
10.2 10.3 0.0 0.1 5	
10.2 10.3 0.7 0.8 1	
10.2 10.3 1.3 1.4 1	
10.2 10.3 2.6 2.7 1	
10.3 10.4 -0.8 -0.7 3	
10.3 10.4 0.7 0.8 2	
10.3 10.4 1.1 1.2 2	
10.3 10.4 1.8 1.9 1	
10.4 10.5 -0.6 -0.5 1	
10.4 10.5 0.5 0.6 1	
10.4 10.5 1.1 1.2 2	
10.4 10.5 1.8 1.9 1	
10.4 10.5 2.4 2.5 1	
10.6 10.7 -2.0 -1.9 1	
10.6 10.7 0.3 0.4 1	
10.7 10.8 -0.4 -0.3 1	
10.8 10.9 -0.2 -0.1 1	
2.0 2.1 -0.1 0.0 15814	
2.0 2.1 -0.7 -0.6 13223	
2.0 2.1 -1.0 -0.9 12089	
2.0 2.1 -1.8 -1.7 11544	
2.0 2.1 -2.4 -2.3 15669	
2.0 2.1 -3.5 -3.4 16433	
2.0 2.1 -3.9 -3.8 13061	
2.0 2.1 -4.1 -4.0 10656	
2.0 2.1 -5.2 -5.1 3792	
2.0 2.1 -5.6 -5.5 3346	
2.0 2.1 -6.7 -6.6 2390	
2.0 2.1 -7.0 -6.9 1860	
2.0 2.1 -7.3 -7.2 1408	
2.0 2.1 -7.8 -7.7 617	
2.0 2.1 -8.4 -8.3 186	
2.0 2.1 -9.5 -9.4 14	
2.0 2.1 -9.9 -9.8 2	
2.0 2.1 0.5 0.6 13935	
2.0 2.1 1.6 1.7 11263	
2.0 2.1 2.2 2.3 14800	
2.0 2.1 3.5 3.6 15852	
2.0 2.1 4.1 4.2 10044	
2.0 2.1 4.8 4.9 4692	
2.0 2.1 5.4 5.5 3405	
2.0 2.1 6.7 6.8 2207	
2.0 2.1 7.1 7.2 1549	
2.0 2.1 7.8 7.9 528	
2.0 2.1 8.4 8.5 172	
2.0 2.1 9.0 9.1 31	
2.0 2.1 9.7 9.8 1	
2.1 2.2 -1.2 -1.1 12024	
2.1 2.2 -10.0 -9.9 1	
2.1 2.2 -2.3 -2.2 15695	
2.1 2.2 -2.7 -2.6 18453	
2.1 2.2 -3.0 -2.9 19328	
2.1 2.2 -3.8 -3.7 14642	
2.1 2.2 -4.4 -4.3 8370	
2.1 2.2 -5.5 -5.4 2987	
2.1 2.2 -5.9 -5.8 2759	
2.1 2.2 -6.1 -6.0 2490	
2.1 2.2 -7.2 -7.1 1257	
2.1 2.2 -8.7 -8.6 73	
2.1 2.2 -9.0 -8.9 28	
2.1 2.2 -9.8 -9.7 3	
2.1 2.2 0.0 0.1 16994	
2.1 2.2 0.7 0.8 14019	
2.1 2.2 1.3 1.4 11494	
2.1 2.2 2.6 2.7 18295	
2.1 2.2 2.9 3.0 19072	
2.1 2.2 3.2 3.3 18392	
2.1 2.2 4.5 4.6 6515	
2.1 2.2 5.6 5.7 2820	
2.1 2.2 5.9 6.0 2556	
2.1 2.2 6.2 6.3 2421	
2.1 2.2 7.5 7.6 691	
2.1 2.2 8.1 8.2 243	
2.1 2.2 8.8 8.9 44	
2.1 2.2 9.4 9.5 7	
2.2 2.3 -0.4 -0.3 17454	
2.2 2.3 -0.9 -0.8 14527	
2.2 2.3 -1.5 -1.4 12394	
2.2 2.3 -2.6 -2.5 18559	
2.2 2.3 -3.2 -3.1 20078	
2.2 2.3 -4.3 -4.2 9636	
2.2 2.3 -4.7 -4.6 5948	
2.2 2.3 -5.8 -5.7 2318	
2.2 2.3 -6.4 -6.3 1861	
2.2 2.3 -7.5 -7.4 665	
2.2 2.3 -8.1 -8.0 230	
2.2 2.3 -8.6 -8.5 86	
2.2 2.3 -9.2 -9.1 10	
2.2 2.3 0.4 0.5 17010	
2.2 2.3 1.0 1.1 13261	
2.2 2.3 1.7 1.8 12906	
2.2 2.3 2.3 2.4 17059	
2.2 2.3 3.4 3.5 18059	
2.2 2.3 4.0 4.1 11698	
2.2 2.3 4.7 4.8 5260	
2.2 2.3 5.3 5.4 2765	
2.2 2.3 6.6 6.7 1597	
2.2 2.3 6.9 7.0 1203	
2.2 2.3 7.2 7.3 832	
2.2 2.3 8.3 8.4 144	
2.2 2.3 9.6 9.7 6	
2.3 2.4 -0.3 -0.2 19434	
2.3 2.4 -1.8 -1.7 13667	
2.3 2.4 -2.9 -2.8 21242	
2.3 2.4 -3.5 -3.4 19107	
2.3 2.4 -4.6 -4.5 6721	
2.3 2.4 -5.2 -5.1 3130	
2.3 2.4 -6.0 -5.9 1757	
2.3 2.4 -6.3 -6.2 1520	
2.3 2.4 -6.7 -6.6 1241	
2.3 2.4 -7.8 -7.7 336	
2.3 2.4 -8.9 -8.8 23	
2.3 2.4 -9.5 -9.4 11	
2.3 2.4 0.1 0.2 19599	
2.3 2.4 0.8 0.9 15373	
2.3 2.4 1.2 1.3 13276	
2.3 2.4 2.5 2.6 19574	
2.3 2.4 3.1 3.2 20987	
2.3 2.4 3.8 3.9 14648	
2.3 2.4 4.4 4.5 7720	
2.3 2.4 5.0 5.1 3518	
2.3 2.4 5.7 5.8 1929	
2.3 2.4 6.1 6.2 1641	
2.3 2.4 6.3 6.4 1507	
2.3 2.4 7.4 7.5 513	
2.3 2.4 8.0 8.1 183	
2.3 2.4 8.7 8.8 35	
2.3 2.4 9.3 9.4 5	
2.4 2.5 -0.6 -0.5 18734	
2.4 2.5 -1.2 -1.1 14477	
2.4 2.5 -10.0 -9.9 1	
2.4 2.5 -2.0 -1.9 15609	
2.4 2.5 -2.3 -2.2 17914	
2.4 2.5 -3.4 -3.3 20557	
2.4 2.5 -3.8 -3.7 16563	
2.4 2.5 -4.9 -4.8 4667	
2.4 2.5 -5.1 -5.0 3374	
2.4 2.5 -5.5 -5.4 2044	
2.4 2.5 -6.6 -6.5 1069	
2.4 2.5 -7.2 -7.1 645	
2.4 2.5 -8.0 -7.9 191	
2.4 2.5 -8.3 -8.2 91	
2.4 2.5 -9.4 -9.3 4	
2.4 2.5 0.3 0.4 20332	
2.4 2.5 1.6 1.7 14155	
2.4 2.5 1.9 2.0 15436	
2.4 2.5 2.2 2.3 18039	
2.4 2.5 3.5 3.6 18635	
2.4 2.5 4.1 4.2 11440	
2.4 2.5 4.8 4.9 4610	
2.4 2.5 5.2 5.3 2634	
2.4 2.5 6.5 6.6 1028	
2.4 2.5 7.1 7.2 658	
2.4 2.5 7.8 7.9 232	
2.4 2.5 8.4 8.5 62	
2.4 2.5 9.0 9.1 6	
2.4 2.5 9.7 9.8 1	
2.5 2.6 -0.1 0.0 22221	
2.5 2.6 -0.9 -0.8 17104	
2.5 2.6 -1.1 -1.0 15878	
2.5 2.6 -1.5 -1.4 14339	
2.5 2.6 -2.6 -2.5 21133	
2.5 2.6 -3.7 -3.6 18451	
2.5 2.6 -4.0 -3.9 14505	
2.5 2.6 -4.3 -4.2 10523	
2.5 2.6 -5.4 -5.3 2240	
2.5 2.6 -5.8 -5.7 1376	
2.5 2.6 -6.9 -6.8 685	
2.5 2.6 -7.1 -7.0 505	
2.5 2.6 -7.5 -7.4 345	
2.5 2.6 -8.6 -8.5 34	
2.5 2.6 0.0 0.1 21910	
2.5 2.6 0.7 0.8 17990	
2.5 2.6 1.3 1.4 14475	
2.5 2.6 2.6 2.7 21760	
2.5 2.6 2.9 3.0 22618	
2.5 2.6 3.0 3.1 22556	
2.5 2.6 3.7 3.8 17003	
2.5 2.6 4.3 4.4 9310	
2.5 2.6 5.6 5.7 1505	
2.5 2.6 5.9 6.0 1260	
2.5 2.6 6.2 6.3 1016	
2.5 2.6 7.5 7.6 272	
2.5 2.6 8.8 8.9 7	
2.5 2.6 9.2 9.3 6	
2.6 2.7 -0.3 -0.2 22651	
2.6 2.7 -1.4 -1.3 15166	
2.6 2.7 -2.9 -2.8 23057	
2.6 2.7 -3.1 -3.0 23368	
2.6 2.7 -4.2 -4.1 12011	
2.6 2.7 -4.6 -4.5 7158	
2.6 2.7 -5.7 -5.6 1353	
2.6 2.7 -6.0 -5.9 1036	
2.6 2.7 -6.3 -6.2 801	
2.6 2.7 -7.4 -7.3 288	
2.6 2.7 -7.8 -7.7 136	
2.6 2.7 -8.9 -8.8 14	
2.6 2.7 -9.1 -9.0 6	
2.6 2.7 0.4 0.5 21315	
2.6 2.7 1.5 1.6 14836	
2.6 2.7 1.7 1.8 15458	
2.6 2.7 2.1 2.2 18377	
2.6 2.7 2.8 2.9 23316	
2.6 2.7 3.4 3.5 20959	
2.6 2.7 4.0 4.1 13498	
2.6 2.7 4.7 4.8 5198	
2.6 2.7 5.3 5.4 2036	
2.6 2.7 6.6 6.7 661	
2.6 2.7 6.9 7.0 450	
2.6 2.7 7.0 7.1 440	
2.6 2.7 7.7 7.8 161	
2.6 2.7 8.3 8.4 56	
2.6 2.7 9.6 9.7 1	
2.7 2.8 -0.2 -0.1 23700	
2.7 2.8 -0.6 -0.5 21175	
2.7 2.8 -1.7 -1.6 15557	
2.7 2.8 -2.0 -1.9 17132	
2.7 2.8 -2.3 -2.2 19708	
2.7 2.8 -2.8 -2.7 23427	
2.7 2.8 -3.4 -3.3 22553	
2.7 2.8 -4.5 -4.4 8511	
2.7 2.8 -4.9 -4.8 4545	
2.7 2.8 -5.1 -5.0 3215	
2.7 2.8 -6.2 -6.1 681	
2.7 2.8 -6.6 -6.5 518	
2.7 2.8 -7.7 -7.6 121	
2.7 2.8 -8.0 -7.9 65	
2.7 2.8 -8.3 -8.2 41	
2.7 2.8 -9.4 -9.3 2	
2.7 2.8 0.6 0.7 20179	
2.7 2.8 0.9 1.0 17607	
2.7 2.8 1.2 1.3 15838	
2.7 2.8 2.5 2.6 22363	
2.7 2.8 3.1 3.2 23935	
2.7 2.8 3.8 3.9 16424	
2.7 2.8 4.4 4.5 8488	
2.7 2.8 5.5 5.6 1492	
2.7 2.8 6.1 6.2 701	
2.7 2.8 6.8 6.9 375	
2.7 2.8 7.4 7.5 191	
2.7 2.8 8.0 8.1 66	
2.7 2.8 8.7 8.8 17	
2.7 2.8 9.3 9.4 2	
2.8 2.9 -0.5 -0.4 22638	
2.8 2.9 -0.9 -0.8 18863	
2.8 2.9 -1.1 -1.0 17315	
2.8 2.9 -2.2 -2.1 19234	
2.8 2.9 -3.7 -3.6 19434	
2.8 2.9 -4.0 -3.9 15268	
2.8 2.9 -4.8 -4.7 5384	
2.8 2.9 -5.4 -5.3 1786	
2.8 2.9 -6.5 -6.4 445	
2.8 2.9 -6.9 -6.8 303	
2.8 2.9 -7.1 -7.0 238	
2.8 2.9 -8.2 -8.1 41	
2.8 2.9 -8.6 -8.5 14	
2.8 2.9 0.3 0.4 23246	
2.8 2.9 1.6 1.7 15532	
2.8 2.9 1.9 2.0 17599	
2.8 2.9 2.2 2.3 19722	
2.8 2.9 3.3 3.4 22535	
2.8 2.9 4.6 4.7 6346	
2.8 2.9 4.9 5.0 3950	
2.8 2.9 5.2 5.3 2321	
2.8 2.9 6.5 6.6 397	
2.8 2.9 7.1 7.2 221	
2.8 2.9 7.8 7.9 94	
2.8 2.9 8.2 8.3 33	
2.8 2.9 8.4 8.5 22	
2.8 2.9 9.5 9.6 1	
2.9 3.0 -0.1 0.0 24512	
2.9 3.0 -0.3 -0.2 24003	
2.9 3.0 -1.4 -1.3 15910	
2.9 3.0 -1.8 -1.7 16386	
2.9 3.0 -2.9 -2.8 24135	
2.9 3.0 -3.1 -3.0 24495	
2.9 3.0 -3.5 -3.4 21950	
2.9 3.0 -4.6 -4.5 7276	
2.9 3.0 -5.2 -5.1 2664	
2.9 3.0 -6.0 -5.9 650	
2.9 3.0 -6.3 -6.2 458	
2.9 3.0 -7.8 -7.7 61	
2.9 3.0 -8.9 -8.8 3	
2.9 3.0 -9.1 -9.0 4	
2.9 3.0 -9.5 -9.4 1	
2.9 3.0 0.2 0.3 24026	
2.9 3.0 1.3 1.4 15908	
2.9 3.0 2.6 2.7 23475	
2.9 3.0 2.9 3.0 24441	
2.9 3.0 3.2 3.3 23455	
2.9 3.0 4.5 4.6 7362	
2.9 3.0 5.1 5.2 2580	
2.9 3.0 5.8 5.9 711	
2.9 3.0 6.4 6.5 327	
2.9 3.0 7.5 7.6 107	
2.9 3.0 8.1 8.2 28	
2.9 3.0 8.8 8.9 6	
2.9 3.0 9.4 9.5 2	
3.0 3.1 -0.3 -0.2 24125	
3.0 3.1 -0.7 -0.6 21215	
3.0 3.1 -1.8 -1.7 16065	
3.0 3.1 -2.4 -2.3 21036	
3.0 3.1 -3.5 -3.4 21836	
3.0 3.1 -4.1 -4.0 13694	
3.0 3.1 -4.6 -4.5 7326	
3.0 3.1 -5.2 -5.1 2606	
3.0 3.1 -6.3 -6.2 350	
3.0 3.1 -6.7 -6.6 215	
3.0 3.1 -7.8 -7.7 56	
3.0 3.1 -8.4 -8.3 12	
3.0 3.1 -9.5 -9.4 2	
3.0 3.1 0.6 0.7 21116	
3.0 3.1 0.8 0.9 19215	
3.0 3.1 1.2 1.3 16396	
3.0 3.1 2.5 2.6 22645	
3.0 3.1 3.1 3.2 23576	
3.0 3.1 3.8 3.9 16621	
3.0 3.1 4.4 4.5 8451	
3.0 3.1 5.7 5.8 762	
3.0 3.1 6.1 6.2 396	
3.0 3.1 6.8 6.9 180	
3.0 3.1 7.4 7.5 96	
3.0 3.1 8.0 8.1 14	
3.0 3.1 8.7 8.8 7	
3.0 3.1 9.3 9.4 1	
3.1 3.2 -0.6 -0.5 21683	
3.1 3.2 -1.2 -1.1 16837	
3.1 3.2 -2.0 -1.9 17282	
3.1 3.2 -2.3 -2.2 19851	
3.1 3.2 -2.7 -2.6 23025	
3.1 3.2 -3.8 -3.7 18068	
3.1 3.2 -4.9 -4.8 4465	
3.1 3.2 -5.5 -5.4 1292	
3.1 3.2 -6.6 -6.5 208	
3.1 3.2 -7.2 -7.1 87	
3.1 3.2 -8.0 -7.9 28	
3.1 3.2 -8.3 -8.2 7	
3.1 3.2 -8.7 -8.6 9	
3.1 3.2 0.3 0.4 23400	
3.1 3.2 1.6 1.7 15918	
3.1 3.2 1.9 2.0 17164	
3.1 3.2 2.2 2.3 19921	
3.1 3.2 3.5 3.6 20534	
3.1 3.2 4.6 4.7 6162	
3.1 3.2 4.9 5.0 3676	
3.1 3.2 5.2 5.3 2077	
3.1 3.2 6.5 6.6 188	
3.1 3.2 7.1 7.2 97	
3.1 3.2 7.8 7.9 32	
3.1 3.2 8.4 8.5 5	
3.2 3.3 -0.9 -0.8 19032	
3.2 3.3 -1.1 -1.0 17065	
3.2 3.3 -1.5 -1.4 15197	
3.2 3.3 -2.6 -2.5 22083	
3.2 3.3 -3.2 -3.1 23296	
3.2 3.3 -4.0 -3.9 14777	
3.2 3.3 -4.3 -4.2 10521	
3.2 3.3 -5.4 -5.3 1600	
3.2 3.3 -5.8 -5.7 649	
3.2 3.3 -6.9 -6.8 94	
3.2 3.3 -7.1 -7.0 64	
3.2 3.3 -7.5 -7.4 39	
3.2 3.3 -8.6 -8.5 4	
3.2 3.3 -9.2 -9.1 1	
3.2 3.3 0.0 0.1 24041	
3.2 3.3 0.7 0.8 19698	
3.2 3.3 1.3 1.4 15536	
3.2 3.3 2.4 2.5 21105	
3.2 3.3 3.0 3.1 23406	
3.2 3.3 3.7 3.8 17312	
3.2 3.3 4.3 4.4 9459	
3.2 3.3 5.6 5.7 769	
3.2 3.3 5.9 6.0 425	
3.2 3.3 6.2 6.3 248	
3.2 3.3 7.3 7.4 51	
3.2 3.3 8.6 8.7 3	
3.2 3.3 8.9 9.0 2	
3.2 3.3 9.2 9.3 1	
3.3 3.4 -0.3 -0.2 23045	
3.3 3.4 -1.4 -1.3 15090	
3.3 3.4 -1.8 -1.7 15359	
3.3 3.4 -2.9 -2.8 22284	
3.3 3.4 -3.1 -3.0 22739	
3.3 3.4 -3.5 -3.4 20437	
3.3 3.4 -4.6 -4.5 6839	
3.3 3.4 -5.7 -5.6 796	
3.3 3.4 -6.0 -5.9 412	
3.3 3.4 -6.3 -6.2 190	
3.3 3.4 -7.4 -7.3 38	
3.3 3.4 -7.8 -7.7 26	
3.3 3.4 -8.9 -8.8 3	
3.3 3.4 -9.1 -9.0 1	
3.3 3.4 -9.5 -9.4 1	
3.3 3.4 0.2 0.3 22954	
3.3 3.4 1.5 1.6 15031	
3.3 3.4 2.1 2.2 18213	
3.3 3.4 2.8 2.9 22547	
3.3 3.4 3.4 3.5 20433	
3.3 3.4 4.0 4.1 13126	
3.3 3.4 4.7 4.8 4727	
3.3 3.4 5.1 5.2 2328	
3.3 3.4 5.3 5.4 1463	
3.3 3.4 6.4 6.5 132	
3.3 3.4 7.0 7.1 53	
3.3 3.4 7.7 7.8 24	
3.3 3.4 8.3 8.4 6	
3.4 3.5 -0.2 -0.1 22466	
3.4 3.5 -0.6 -0.5 20298	
3.4 3.5 -1.7 -1.6 14458	
3.4 3.5 -2.0 -1.9 15888	
3.4 3.5 -2.3 -2.2 18166	
3.4 3.5 -3.4 -3.3 20367	
3.4 3.5 -4.9 -4.8 3834	
3.4 3.5 -5.1 -5.0 2615	
3.4 3.5 -6.2 -6.1 199	
3.4 3.5 -6.6 -6.5 91	
3.4 3.5 -7.7 -7.6 17	
3.4 3.5 -8.0 -7.9 8	
3.4 3.5 -8.3 -8.2 3	
3.4 3.5 0.6 0.7 19575	
3.4 3.5 0.9 1.0 16827	
3.4 3.5 1.2 1.3 15188	
3.4 3.5 2.5 2.6 20551	
3.4 3.5 3.1 3.2 21787	
3.4 3.5 3.8 3.9 14917	
3.4 3.5 4.2 4.3 9929	
3.4 3.5 5.5 5.6 902	
3.4 3.5 6.1 6.2 226	
3.4 3.5 6.8 6.9 57	
3.4 3.5 7.4 7.5 14	
3.4 3.5 8.0 8.1 6	
3.4 3.5 8.7 8.8 2	
3.5 3.6 -0.5 -0.4 20647	
3.5 3.6 -0.9 -0.8 16971	
3.5 3.6 -1.1 -1.0 15387	
3.5 3.6 -2.2 -2.1 16597	
3.5 3.6 -2.6 -2.5 19461	
3.5 3.6 -3.7 -3.6 16736	
3.5 3.6 -4.0 -3.9 13139	
3.5 3.6 -4.3 -4.2 9538	
3.5 3.6 -5.4 -5.3 1324	
3.5 3.6 -6.5 -6.4 90	
3.5 3.6 -6.9 -6.8 44	
3.5 3.6 -7.1 -7.0 32	
3.5 3.6 -8.2 -8.1 5	
3.5 3.6 -8.6 -8.5 1	
3.5 3.6 0.3 0.4 20948	
3.5 3.6 1.6 1.7 13785	
3.5 3.6 1.9 2.0 15365	
3.5 3.6 2.0 2.1 15753	
3.5 3.6 2.7 2.8 20592	
3.5 3.6 3.3 3.4 19415	
3.5 3.6 4.6 4.7 5353	
3.5 3.6 4.9 5.0 3127	
3.5 3.6 5.2 5.3 1702	
3.5 3.6 6.5 6.6 72	
3.5 3.6 7.8 7.9 10	
3.5 3.6 8.2 8.3 3	
3.6 3.7 -0.8 -0.7 17196	
3.6 3.7 -1.4 -1.3 13148	
3.6 3.7 -2.5 -2.4 17731	
3.6 3.7 -2.9 -2.8 19425	
3.6 3.7 -3.1 -3.0 19362	
3.6 3.7 -4.2 -4.1 10051	
3.6 3.7 -4.6 -4.5 5822	
3.6 3.7 -5.7 -5.6 661	
3.6 3.7 -6.0 -5.9 298	
3.6 3.7 -6.8 -6.7 38	
3.6 3.7 -7.4 -7.3 7	
3.6 3.7 -8.5 -8.4 2	
3.6 3.7 -8.9 -8.8 1	
3.6 3.7 0.7 0.8 17342	
3.6 3.7 1.1 1.2 14172	
3.6 3.7 1.8 1.9 13753	
3.6 3.7 2.4 2.5 17725	
3.6 3.7 3.0 3.1 19526	
3.6 3.7 3.7 3.8 14359	
3.6 3.7 4.3 4.4 7959	
3.6 3.7 5.6 5.7 595	
3.6 3.7 5.9 6.0 305	
3.6 3.7 6.0 6.1 189	
3.6 3.7 6.7 6.8 39	
3.6 3.7 7.3 7.4 15	
3.6 3.7 8.6 8.7 2	
3.7 3.8 -0.2 -0.1 20137	
3.7 3.8 -1.3 -1.2 12982	
3.7 3.8 -1.7 -1.6 12262	
3.7 3.8 -2.8 -2.7 18033	
3.7 3.8 -3.4 -3.3 17117	
3.7 3.8 -4.5 -4.4 6379	
3.7 3.8 -5.1 -5.0 2198	
3.7 3.8 -6.2 -6.1 137	
3.7 3.8 -7.3 -7.2 11	
3.7 3.8 -7.7 -7.6 4	
3.7 3.8 -8.0 -7.9 4	
3.7 3.8 0.2 0.3 19778	
3.7 3.8 1.5 1.6 12379	
3.7 3.8 2.1 2.2 14531	
3.7 3.8 2.8 2.9 18276	
3.7 3.8 3.4 3.5 16329	
3.7 3.8 4.5 4.6 5426	
3.7 3.8 5.1 5.2 1853	
3.7 3.8 5.8 5.9 345	
3.7 3.8 6.4 6.5 52	
3.7 3.8 7.0 7.1 11	
3.7 3.8 7.7 7.8 5	
3.7 3.8 8.3 8.4 1	
3.8 3.9 -0.5 -0.4 17688	
3.8 3.9 -1.6 -1.5 11563	
3.8 3.9 -2.2 -2.1 13564	
3.8 3.9 -3.3 -3.2 16161	
3.8 3.9 -3.7 -3.6 13408	
3.8 3.9 -4.8 -4.7 3478	
3.8 3.9 -5.4 -5.3 1075	
3.8 3.9 -5.9 -5.8 287	
3.8 3.9 -6.5 -6.4 48	
3.8 3.9 -7.6 -7.5 5	
3.8 3.9 -8.2 -8.1 1	
3.8 3.9 0.6 0.7 16527	
3.8 3.9 0.9 1.0 14038	
3.8 3.9 1.2 1.3 12308	
3.8 3.9 2.3 2.4 14607	
3.8 3.9 3.6 3.7 13321	
3.8 3.9 3.9 4.0 10488	
3.8 3.9 4.2 4.3 7707	
3.8 3.9 5.5 5.6 667	
3.8 3.9 6.1 6.2 124	
3.8 3.9 6.8 6.9 26	
3.8 3.9 7.2 7.3 11	
3.8 3.9 7.4 7.5 9	
3.8 3.9 8.5 8.6 1	
3.9 4.0 -0.3 -0.2 17969	
3.9 4.0 -1.4 -1.3 11334	
3.9 4.0 -1.8 -1.7 10941	
3.9 4.0 -2.9 -2.8 15202	
3.9 4.0 -3.1 -3.0 15506	
3.9 4.0 -4.6 -4.5 4517	
3.9 4.0 -5.7 -5.6 469	
3.9 4.0 -6.0 -5.9 219	
3.9 4.0 -6.3 -6.2 92	
3.9 4.0 -7.4 -7.3 3	
3.9 4.0 -7.8 -7.7 1	
3.9 4.0 0.3 0.4 17509	
3.9 4.0 0.5 0.6 16574	
3.9 4.0 1.6 1.7 10682	
3.9 4.0 1.9 2.0 11518	
3.9 4.0 2.2 2.3 12736	
3.9 4.0 3.5 3.6 13038	
3.9 4.0 4.1 4.2 7839	
3.9 4.0 4.8 4.9 2771	
3.9 4.0 5.4 5.5 778	
3.9 4.0 6.5 6.6 27	
3.9 4.0 7.1 7.2 10	
3.9 4.0 7.8 7.9 2	
3.9 4.0 9.7 9.8 1	
4.0 4.1 -0.3 -0.2 17048	
4.0 4.1 -1.4 -1.3 10327	
4.0 4.1 -1.8 -1.7 9941	
4.0 4.1 -2.9 -2.8 14098	
4.0 4.1 -3.1 -3.0 13948	
4.0 4.1 -3.5 -3.4 12321	
4.0 4.1 -4.6 -4.5 3963	
4.0 4.1 -5.2 -5.1 1434	
4.0 4.1 -6.0 -5.9 201	
4.0 4.1 -6.3 -6.2 72	
4.0 4.1 -7.4 -7.3 3	
4.0 4.1 -7.8 -7.7 2	
4.0 4.1 0.2 0.3 17172	
4.0 4.1 1.5 1.6 9906	
4.0 4.1 2.1 2.2 11255	
4.0 4.1 2.8 2.9 13984	
4.0 4.1 3.4 3.5 12565	
4.0 4.1 4.7 4.8 2984	
4.0 4.1 5.1 5.2 1380	
4.0 4.1 5.8 5.9 250	
4.0 4.1 6.4 6.5 47	
4.0 4.1 7.0 7.1 9	
4.0 4.1 7.7 7.8 2	
4.1 4.2 -0.1 0.0 16682	
4.1 4.2 -0.6 -0.5 14577	
4.1 4.2 -1.7 -1.6 9368	
4.1 4.2 -2.0 -1.9 9602	
4.1 4.2 -2.3 -2.2 10683	
4.1 4.2 -3.4 -3.3 11654	
4.1 4.2 -3.8 -3.7 9532	
4.1 4.2 -4.9 -4.8 2294	
4.1 4.2 -5.1 -5.0 1573	
4.1 4.2 -5.5 -5.4 601	
4.1 4.2 -6.6 -6.5 22	
4.1 4.2 -8.0 -7.9 1	
4.1 4.2 0.6 0.7 14297	
4.1 4.2 0.9 1.0 12268	
4.1 4.2 1.2 1.3 10267	
4.1 4.2 2.5 2.6 11603	
4.1 4.2 3.6 3.7 10103	
4.1 4.2 3.9 4.0 7969	
4.1 4.2 4.2 4.3 5632	
4.1 4.2 5.5 5.6 458	
4.1 4.2 6.1 6.2 90	
4.1 4.2 6.8 6.9 10	
4.2 4.3 -0.9 -0.8 12239	
4.2 4.3 -1.1 -1.0 10945	
4.2 4.3 -2.2 -2.1 9154	
4.2 4.3 -2.6 -2.5 10411	
4.2 4.3 -3.7 -3.6 8865	
4.2 4.3 -4.0 -3.9 6826	
4.2 4.3 -4.3 -4.2 5100	
4.2 4.3 -5.4 -5.3 745	
4.2 4.3 -5.8 -5.7 249	
4.2 4.3 -6.9 -6.8 14	
4.2 4.3 -7.1 -7.0 5	
4.2 4.3 0.3 0.4 15540	
4.2 4.3 1.4 1.5 8791	
4.2 4.3 1.9 2.0 8838	
4.2 4.3 2.0 2.1 8840	
4.2 4.3 2.7 2.8 11043	
4.2 4.3 3.3 3.4 10368	
4.2 4.3 4.6 4.7 2745	
4.2 4.3 4.9 5.0 1615	
4.2 4.3 5.2 5.3 907	
4.2 4.3 6.3 6.4 42	
4.2 4.3 6.5 6.6 18	
4.2 4.3 7.6 7.7 1	
4.2 4.3 7.9 8.0 1	
4.3 4.4 -0.3 -0.2 15647	
4.3 4.4 -0.8 -0.7 12542	
4.3 4.4 -1.4 -1.3 8797	
4.3 4.4 -2.5 -2.4 8965	
4.3 4.4 -2.9 -2.8 9661	
4.3 4.4 -3.1 -3.0 9742	
4.3 4.4 -4.2 -4.1 4924	
4.3 4.4 -4.6 -4.5 2942	
4.3 4.4 -5.7 -5.6 312	
4.3 4.4 -6.0 -5.9 111	
4.3 4.4 -6.3 -6.2 41	
4.3 4.4 -7.4 -7.3 3	
4.3 4.4 0.5 0.6 13990	
4.3 4.4 1.1 1.2 9660	
4.3 4.4 1.8 1.9 7807	
4.3 4.4 2.4 2.5 9078	
4.3 4.4 3.0 3.1 9858	
4.3 4.4 3.7 3.8 7361	
4.3 4.4 4.3 4.4 3882	
4.3 4.4 5.4 5.5 491	
4.3 4.4 6.0 6.1 87	
4.3 4.4 6.7 6.8 13	
4.3 4.4 7.3 7.4 2	
4.4 4.5 -0.2 -0.1 15455	
4.4 4.5 -1.7 -1.6 7336	
4.4 4.5 -2.0 -1.9 7234	
4.4 4.5 -2.8 -2.7 8491	
4.4 4.5 -3.4 -3.3 7936	
4.4 4.5 -4.5 -4.4 2924	
4.4 4.5 -4.9 -4.8 1555	
4.4 4.5 -5.1 -5.0 997	
4.4 4.5 -6.2 -6.1 60	
4.4 4.5 -6.6 -6.5 14	
4.4 4.5 -7.7 -7.6 2	
4.4 4.5 0.2 0.3 15193	
4.4 4.5 1.5 1.6 7559	
4.4 4.5 2.1 2.2 7391	
4.4 4.5 2.8 2.9 8504	
4.4 4.5 3.2 3.3 8201	
4.4 4.5 4.5 4.6 2563	
4.4 4.5 5.1 5.2 895	
4.4 4.5 5.8 5.9 156	
4.4 4.5 6.4 6.5 25	
4.4 4.5 7.0 7.1 4	
4.4 4.5 7.7 7.8 1	
4.5 4.6 -0.5 -0.4 14396	
4.5 4.6 -1.1 -1.0 10046	
4.5 4.6 -2.2 -2.1 6596	
4.5 4.6 -3.3 -3.2 7077	
4.5 4.6 -3.7 -3.6 5850	
4.5 4.6 -4.0 -3.9 4628	
4.5 4.6 -4.8 -4.7 1584	
4.5 4.6 -5.4 -5.3 432	
4.5 4.6 -6.5 -6.4 20	
4.5 4.6 -7.1 -7.0 3	
4.5 4.6 0.6 0.7 13110	
4.5 4.6 0.9 1.0 10633	
4.5 4.6 1.0 1.1 10045	
4.5 4.6 1.7 1.8 6657	
4.5 4.6 2.3 2.4 6764	
4.5 4.6 3.6 3.7 5778	
4.5 4.6 3.9 4.0 4620	
4.5 4.6 4.2 4.3 3306	
4.5 4.6 5.5 5.6 278	
4.5 4.6 6.8 6.9 1	
4.5 4.6 7.2 7.3 1	
4.6 4.7 -0.8 -0.7 12264	
4.6 4.7 -1.4 -1.3 7903	
4.6 4.7 -1.9 -1.8 6055	
4.6 4.7 -2.5 -2.4 5994	
4.6 4.7 -3.6 -3.5 5304	
4.6 4.7 -4.2 -4.1 3233	
4.6 4.7 -5.3 -5.2 522	
4.6 4.7 -5.7 -5.6 194	
4.6 4.7 -6.8 -6.7 7	
4.6 4.7 0.1 0.2 15816	
4.6 4.7 0.8 0.9 11512	
4.6 4.7 1.4 1.5 7268	
4.6 4.7 2.0 2.1 5792	
4.6 4.7 2.7 2.8 6300	
4.6 4.7 3.3 3.4 5906	
4.6 4.7 4.6 4.7 1630	
4.6 4.7 4.9 5.0 984	
4.6 4.7 5.0 5.1 790	
4.6 4.7 5.7 5.8 113	
4.6 4.7 6.3 6.4 23	
4.7 4.8 -0.2 -0.1 15875	
4.7 4.8 -1.0 -0.9 10925	
4.7 4.8 -1.3 -1.2 8379	
4.7 4.8 -2.8 -2.7 5301	
4.7 4.8 -3.9 -3.8 3628	
4.7 4.8 -4.1 -4.0 2989	
4.7 4.8 -4.5 -4.4 1867	
4.7 4.8 -5.6 -5.5 202	
4.7 4.8 -6.2 -6.1 31	
4.7 4.8 0.5 0.6 14081	
4.7 4.8 1.1 1.2 9317	
4.7 4.8 1.8 1.9 5621	
4.7 4.8 2.4 2.5 5147	
4.7 4.8 3.5 3.6 4464	
4.7 4.8 4.1 4.2 2705	
4.7 4.8 4.8 4.9 985	
4.7 4.8 5.4 5.5 296	
4.7 4.8 6.0 6.1 41	
4.7 4.8 6.7 6.8 3	
4.7 4.8 7.3 7.4 2	
4.8 4.9 -0.5 -0.4 15065	
4.8 4.9 -1.6 -1.5 6566	
4.8 4.9 -2.2 -2.1 4485	
4.8 4.9 -2.7 -2.6 4510	
4.8 4.9 -3.0 -2.9 4618	
4.8 4.9 -3.3 -3.2 4309	
4.8 4.9 -4.4 -4.3 1691	
4.8 4.9 -4.8 -4.7 877	
4.8 4.9 -5.9 -5.8 80	
4.8 4.9 -6.1 -6.0 45	
4.8 4.9 -6.5 -6.4 9	
4.8 4.9 0.2 0.3 16124	
4.8 4.9 1.3 1.4 7909	
4.8 4.9 2.6 2.7 4479	
4.8 4.9 2.9 3.0 4664	
4.8 4.9 3.2 3.3 4227	
4.8 4.9 4.5 4.6 1343	
4.8 4.9 5.1 5.2 424	
4.8 4.9 5.8 5.9 69	
4.8 4.9 6.4 6.5 11	
4.8 4.9 7.5 7.6 1	
4.9 5.0 -0.8 -0.7 13508	
4.9 5.0 -1.4 -1.3 7877	
4.9 5.0 -2.5 -2.4 3963	
4.9 5.0 -2.9 -2.8 3864	
4.9 5.0 -3.1 -3.0 3698	
4.9 5.0 -4.2 -4.1 1806	
4.9 5.0 -4.6 -4.5 1068	
4.9 5.0 -5.7 -5.6 95	
4.9 5.0 -6.0 -5.9 50	
4.9 5.0 -6.3 -6.2 19	
4.9 5.0 -6.8 -6.7 6	
4.9 5.0 0.6 0.7 14209	
4.9 5.0 0.9 1.0 11593	
4.9 5.0 1.2 1.3 8798	
4.9 5.0 2.5 2.6 3888	
4.9 5.0 3.1 3.2 3619	
4.9 5.0 3.8 3.9 2491	
4.9 5.0 4.4 4.5 1265	
4.9 5.0 5.5 5.6 148	
4.9 5.0 6.1 6.2 20	
4.9 5.0 6.8 6.9 4	
5.0 5.1 -0.1 0.0 18340	
5.0 5.1 -0.3 -0.2 17670	
5.0 5.1 -1.4 -1.3 8228	
5.0 5.1 -2.9 -2.8 3218	
5.0 5.1 -3.1 -3.0 3026	
5.0 5.1 -4.2 -4.1 1460	
5.0 5.1 -4.6 -4.5 916	
5.0 5.1 -5.7 -5.6 75	
5.0 5.1 -6.0 -5.9 41	
5.0 5.1 -6.3 -6.2 13	
5.0 5.1 0.5 0.6 15658	
5.0 5.1 1.1 1.2 9934	
5.0 5.1 1.8 1.9 4776	
5.0 5.1 2.4 2.5 3486	
5.0 5.1 3.7 3.8 2284	
5.0 5.1 4.1 4.2 1450	
5.0 5.1 4.8 4.9 555	
5.0 5.1 5.4 5.5 153	
5.0 5.1 6.0 6.1 24	
5.0 5.1 6.7 6.8 2	
5.1 5.2 -0.2 -0.1 18749	
5.1 5.2 -0.6 -0.5 16598	
5.1 5.2 -1.7 -1.6 5805	
5.1 5.2 -2.0 -1.9 4082	
5.1 5.2 -2.3 -2.2 3200	
5.1 5.2 -3.4 -3.3 2275	
5.1 5.2 -4.5 -4.4 830	
5.1 5.2 -4.9 -4.8 437	
5.1 5.2 -5.1 -5.0 300	
5.1 5.2 -6.2 -6.1 18	
5.1 5.2 -6.6 -6.5 3	
5.1 5.2 0.2 0.3 18797	
5.1 5.2 1.5 1.6 6726	
5.1 5.2 2.6 2.7 2767	
5.1 5.2 2.9 3.0 2723	
5.1 5.2 3.2 3.3 2285	
5.1 5.2 4.5 4.6 721	
5.1 5.2 5.1 5.2 223	
5.1 5.2 5.8 5.9 29	
5.1 5.2 6.4 6.5 12	
5.2 5.3 -0.5 -0.4 18127	
5.2 5.3 -0.9 -0.8 14301	
5.2 5.3 -1.1 -1.0 12107	
5.2 5.3 -2.2 -2.1 3272	
5.2 5.3 -2.6 -2.5 2557	
5.2 5.3 -3.7 -3.6 1581	
5.2 5.3 -4.0 -3.9 1213	
5.2 5.3 -4.8 -4.7 438	
5.2 5.3 -5.4 -5.3 134	
5.2 5.3 -6.5 -6.4 2	
5.2 5.3 -6.9 -6.8 1	
5.2 5.3 0.4 0.5 18008	
5.2 5.3 0.9 1.0 12892	
5.2 5.3 1.0 1.1 11700	
5.2 5.3 1.7 1.8 5174	
5.2 5.3 2.3 2.4 2847	
5.2 5.3 3.6 3.7 1595	
5.2 5.3 3.9 4.0 1223	
5.2 5.3 4.2 4.3 847	
5.2 5.3 5.3 5.4 134	
5.2 5.3 5.5 5.6 82	
5.2 5.3 6.6 6.7 4	
5.2 5.3 7.2 7.3 1	
5.3 5.4 -0.8 -0.7 15945	
5.3 5.4 -1.4 -1.3 8648	
5.3 5.4 -2.5 -2.4 2346	
5.3 5.4 -3.1 -3.0 1756	
5.3 5.4 -4.2 -4.1 830	
5.3 5.4 -5.3 -5.2 116	
5.3 5.4 -5.7 -5.6 49	
5.3 5.4 -6.0 -5.9 20	
5.3 5.4 -6.8 -6.7 2	
5.3 5.4 0.1 0.2 20393	
5.3 5.4 0.8 0.9 14771	
5.3 5.4 1.4 1.5 7751	
5.3 5.4 2.0 2.1 3489	
5.3 5.4 2.7 2.8 1952	
5.3 5.4 3.3 3.4 1480	
5.3 5.4 4.4 4.5 559	
5.3 5.4 5.0 5.1 160	
5.3 5.4 5.7 5.8 28	
5.3 5.4 6.3 6.4 6	
5.4 5.5 -0.2 -0.1 21536	
5.4 5.5 -1.3 -1.2 10188	
5.4 5.5 -1.7 -1.6 6143	
5.4 5.5 -2.8 -2.7 1576	
5.4 5.5 -3.4 -3.3 1198	
5.4 5.5 -3.9 -3.8 805	
5.4 5.5 -4.5 -4.4 405	
5.4 5.5 -5.6 -5.5 43	
5.4 5.5 -6.2 -6.1 11	
5.4 5.5 0.5 0.6 18483	
5.4 5.5 1.1 1.2 11583	
5.4 5.5 1.8 1.9 4466	
5.4 5.5 2.2 2.3 2623	
5.4 5.5 3.5 3.6 1050	
5.4 5.5 4.1 4.2 651	
5.4 5.5 4.8 4.9 219	
5.4 5.5 5.4 5.5 62	
5.4 5.5 6.0 6.1 10	
5.4 5.5 7.1 7.2 1	
5.5 5.6 -0.1 0.0 22162	
5.5 5.6 -0.5 -0.4 20428	
5.5 5.6 -1.6 -1.5 7138	
5.5 5.6 -2.2 -2.1 2881	
5.5 5.6 -3.0 -2.9 1224	
5.5 5.6 -3.3 -3.2 1005	
5.5 5.6 -4.8 -4.7 182	
5.5 5.6 -5.9 -5.8 14	
5.5 5.6 -6.1 -6.0 8	
5.5 5.6 -6.5 -6.4 2	
5.5 5.6 0.0 0.1 22408	
5.5 5.6 1.3 1.4 9307	
5.5 5.6 2.6 2.7 1575	
5.5 5.6 2.9 3.0 1246	
5.5 5.6 3.2 3.3 960	
5.5 5.6 4.5 4.6 251	
5.5 5.6 5.8 5.9 17	
5.5 5.6 6.2 6.3 3	
5.6 5.7 -0.4 -0.3 21616	
5.6 5.7 -0.8 -0.7 17478	
5.6 5.7 -1.9 -1.8 4510	
5.6 5.7 -2.1 -2.0 3290	
5.6 5.7 -2.5 -2.4 1745	
5.6 5.7 -3.6 -3.5 733	
5.6 5.7 -4.2 -4.1 380	
5.6 5.7 -4.7 -4.6 206	
5.6 5.7 -5.0 -4.9 111	
5.6 5.7 -5.3 -5.2 58	
5.6 5.7 -6.4 -6.3 3	
5.6 5.7 -6.8 -6.7 2	
5.6 5.7 0.4 0.5 21012	
5.6 5.7 1.0 1.1 13674	
5.6 5.7 1.7 1.8 5411	
5.6 5.7 2.3 2.4 2079	
5.6 5.7 3.6 3.7 622	
5.6 5.7 3.9 4.0 448	
5.6 5.7 4.0 4.1 407	
5.6 5.7 4.7 4.8 177	
5.6 5.7 5.3 5.4 35	
5.6 5.7 6.6 6.7 1	
5.7 5.8 -0.7 -0.6 19331	
5.7 5.8 -1.0 -0.9 14966	
5.7 5.8 -1.3 -1.2 10968	
5.7 5.8 -2.4 -2.3 1970	
5.7 5.8 -2.8 -2.7 1008	
5.7 5.8 -3.9 -3.8 391	
5.7 5.8 -4.1 -4.0 316	
5.7 5.8 -5.6 -5.5 20	
5.7 5.8 0.1 0.2 23402	
5.7 5.8 0.8 0.9 16517	
5.7 5.8 1.4 1.5 8296	
5.7 5.8 2.5 2.6 1386	
5.7 5.8 3.1 3.2 724	
5.7 5.8 3.8 3.9 368	
5.7 5.8 4.4 4.5 205	
5.7 5.8 5.0 5.1 61	
5.7 5.8 5.7 5.8 3	
5.7 5.8 6.3 6.4 1	
5.8 5.9 -1.2 -1.1 12662	
5.8 5.9 -1.6 -1.5 7439	
5.8 5.9 -2.7 -2.6 1174	
5.8 5.9 -3.0 -2.9 727	
5.8 5.9 -3.3 -3.2 545	
5.8 5.9 -4.4 -4.3 188	
5.8 5.9 -5.9 -5.8 6	
5.8 5.9 -6.1 -6.0 6	
5.8 5.9 0.3 0.4 22682	
5.8 5.9 1.6 1.7 6323	
5.8 5.9 1.9 2.0 3832	
5.8 5.9 2.2 2.3 2224	
5.8 5.9 3.5 3.6 381	
5.8 5.9 4.1 4.2 225	
5.8 5.9 4.8 4.9 72	
5.8 5.9 5.4 5.5 22	
5.9 6.0 -0.1 0.0 24134	
5.9 6.0 -0.8 -0.7 18115	
5.9 6.0 -1.4 -1.3 9715	
5.9 6.0 -2.5 -2.4 1493	
5.9 6.0 -3.1 -3.0 508	
5.9 6.0 -3.6 -3.5 332	
5.9 6.0 -4.2 -4.1 185	
5.9 6.0 -5.3 -5.2 19	
5.9 6.0 -5.7 -5.6 8	
5.9 6.0 0.2 0.3 23554	
5.9 6.0 1.5 1.6 7345	
5.9 6.0 2.1 2.2 2695	
5.9 6.0 2.8 2.9 692	
5.9 6.0 3.4 3.5 331	
5.9 6.0 4.5 4.6 91	
5.9 6.0 5.1 5.2 28	
5.9 6.0 5.8 5.9 4	
6.0 6.1 -0.8 -0.7 18245	
6.0 6.1 -1.4 -1.3 9959	
6.0 6.1 -2.5 -2.4 1434	
6.0 6.1 -2.9 -2.8 643	
6.0 6.1 -3.1 -3.0 467	
6.0 6.1 -4.2 -4.1 119	
6.0 6.1 -4.6 -4.5 73	
6.0 6.1 -5.7 -5.6 5	
6.0 6.1 -6.0 -5.9 2	
6.0 6.1 0.1 0.2 24261	
6.0 6.1 0.8 0.9 16854	
6.0 6.1 1.4 1.5 8443	
6.0 6.1 2.7 2.8 719	
6.0 6.1 3.1 3.2 397	
6.0 6.1 3.8 3.9 159	
6.0 6.1 4.4 4.5 87	
6.0 6.1 5.0 5.1 26	
6.0 6.1 5.7 5.8 7	
6.0 6.1 6.3 6.4 1	
6.1 6.2 -0.2 -0.1 23861	
6.1 6.2 -1.3 -1.2 11100	
6.1 6.2 -1.7 -1.6 6181	
6.1 6.2 -2.0 -1.9 3690	
6.1 6.2 -2.8 -2.7 727	
6.1 6.2 -3.4 -3.3 234	
6.1 6.2 -4.5 -4.4 57	
6.1 6.2 -5.1 -5.0 30	
6.1 6.2 -6.2 -6.1 2	
6.1 6.2 0.5 0.6 20466	
6.1 6.2 1.6 1.7 6136	
6.1 6.2 1.9 2.0 3615	
6.1 6.2 2.2 2.3 2053	
6.1 6.2 3.5 3.6 179	
6.1 6.2 4.1 4.2 91	
6.1 6.2 4.8 4.9 36	
6.1 6.2 5.4 5.5 9	
6.2 6.3 -0.5 -0.4 20955	
6.2 6.3 -1.6 -1.5 7071	
6.2 6.3 -2.2 -2.1 2336	
6.2 6.3 -3.3 -3.2 227	
6.2 6.3 -3.7 -3.6 125	
6.2 6.3 -4.8 -4.7 27	
6.2 6.3 -5.4 -5.3 6	
6.2 6.3 -5.9 -5.8 5	
6.2 6.3 0.0 0.1 23434	
6.2 6.3 0.7 0.8 17678	
6.2 6.3 1.3 1.4 9291	
6.2 6.3 2.6 2.7 804	
6.2 6.3 2.9 3.0 400	
6.2 6.3 3.2 3.3 265	
6.2 6.3 4.5 4.6 36	
6.2 6.3 5.6 5.7 4	
6.2 6.3 5.9 6.0 1	
6.3 6.4 -0.8 -0.7 17046	
6.3 6.4 -1.9 -1.8 4172	
6.3 6.4 -2.1 -2.0 2905	
6.3 6.4 -2.5 -2.4 1163	
6.3 6.4 -3.6 -3.5 127	
6.3 6.4 -4.2 -4.1 47	
6.3 6.4 -5.0 -4.9 13	
6.3 6.4 -5.3 -5.2 7	
6.3 6.4 -5.7 -5.6 2	
6.3 6.4 0.4 0.5 20508	
6.3 6.4 1.0 1.1 13081	
6.3 6.4 1.7 1.8 4916	
6.3 6.4 2.3 2.4 1432	
6.3 6.4 3.4 3.5 123	
6.3 6.4 4.0 4.1 40	
6.3 6.4 4.7 4.8 28	
6.3 6.4 5.3 5.4 11	
6.3 6.4 6.6 6.7 1	
6.4 6.5 -0.1 0.0 21370	
6.4 6.5 -0.2 -0.1 21257	
6.4 6.5 -0.7 -0.6 17551	
6.4 6.5 -1.0 -0.9 13885	
6.4 6.5 -1.3 -1.2 9917	
6.4 6.5 -2.4 -2.3 1445	
6.4 6.5 -2.8 -2.7 564	
6.4 6.5 -3.9 -3.8 61	
6.4 6.5 -4.1 -4.0 54	
6.4 6.5 -4.5 -4.4 22	
6.4 6.5 -5.6 -5.5 2	
6.4 6.5 -6.2 -6.1 1	
6.4 6.5 0.1 0.2 21244	
6.4 6.5 0.8 0.9 15099	
6.4 6.5 1.2 1.3 9866	
6.4 6.5 2.5 2.6 870	
6.4 6.5 3.1 3.2 231	
6.4 6.5 3.8 3.9 65	
6.4 6.5 4.4 4.5 26	
6.4 6.5 5.0 5.1 4	
6.4 6.5 5.7 5.8 1	
6.5 6.6 -1.6 -1.5 6144	
6.5 6.6 -2.7 -2.6 702	
6.5 6.6 -3.0 -2.9 316	
6.5 6.6 -3.3 -3.2 143	
6.5 6.6 -4.4 -4.3 23	
6.5 6.6 -4.8 -4.7 10	
6.5 6.6 0.3 0.4 19271	
6.5 6.6 1.6 1.7 5296	
6.5 6.6 1.9 2.0 3045	
6.5 6.6 2.2 2.3 1681	
6.5 6.6 3.5 3.6 73	
6.5 6.6 4.8 4.9 9	
6.5 6.6 5.2 5.3 4	
6.6 6.7 -0.4 -0.3 17939	
6.6 6.7 -1.5 -1.4 6714	
6.6 6.7 -1.9 -1.8 3648	
6.6 6.7 -2.1 -2.0 2415	
6.6 6.7 -3.2 -3.1 175	
6.6 6.7 -3.6 -3.5 60	
6.6 6.7 -4.7 -4.6 15	
6.6 6.7 -5.0 -4.9 6	
6.6 6.7 -5.3 -5.2 2	
6.6 6.7 0.0 0.1 19106	
6.6 6.7 0.7 0.8 14664	
6.6 6.7 1.3 1.4 7911	
6.6 6.7 2.6 2.7 611	
6.6 6.7 2.9 3.0 290	
6.6 6.7 3.0 3.1 232	
6.6 6.7 3.7 3.8 35	
6.6 6.7 4.3 4.4 13	
6.6 6.7 5.6 5.7 2	
6.7 6.8 -0.7 -0.6 14486	
6.7 6.8 -1.0 -0.9 11618	
6.7 6.8 -1.8 -1.7 3875	
6.7 6.8 -2.4 -2.3 1166	
6.7 6.8 -3.5 -3.4 68	
6.7 6.8 -3.9 -3.8 22	
6.7 6.8 -4.1 -4.0 24	
6.7 6.8 -5.2 -5.1 2	
6.7 6.8 -5.6 -5.5 2	
6.7 6.8 0.4 0.5 16486	
6.7 6.8 1.5 1.6 5289	
6.7 6.8 2.1 2.2 1802	
6.7 6.8 2.8 2.9 371	
6.7 6.8 3.4 3.5 67	
6.7 6.8 4.0 4.1 19	
6.7 6.8 4.7 4.8 5	
6.8 6.9 -1.2 -1.1 8498	
6.8 6.9 -2.7 -2.6 532	
6.8 6.9 -3.0 -2.9 222	
6.8 6.9 -3.8 -3.7 27	
6.8 6.9 -4.4 -4.3 4	
6.8 6.9 -5.5 -5.4 1	
6.8 6.9 -5.9 -5.8 1	
6.8 6.9 0.6 0.7 13448	
6.8 6.9 0.9 1.0 10488	
6.8 6.9 1.2 1.3 7639	
6.8 6.9 2.5 2.6 652	
6.8 6.9 3.1 3.2 131	
6.8 6.9 3.8 3.9 20	
6.8 6.9 4.4 4.5 7	
6.8 6.9 5.5 5.6 1	
6.9 7.0 -0.4 -0.3 14199	
6.9 7.0 -0.8 -0.7 11411	
6.9 7.0 -1.9 -1.8 2749	
6.9 7.0 -2.1 -2.0 1809	
6.9 7.0 -2.5 -2.4 788	
6.9 7.0 -3.6 -3.5 40	
6.9 7.0 -4.2 -4.1 11	
6.9 7.0 0.5 0.6 13043	
6.9 7.0 1.1 1.2 7779	
6.9 7.0 1.8 1.9 2662	
6.9 7.0 2.4 2.5 761	
6.9 7.0 3.5 3.6 40	
6.9 7.0 4.1 4.2 7	
6.9 7.0 4.8 4.9 2	
7.0 7.1 -0.8 -0.7 10410	
7.0 7.1 -1.4 -1.3 5609	
7.0 7.1 -1.9 -1.8 2516	
7.0 7.1 -2.5 -2.4 683	
7.0 7.1 -3.6 -3.5 25	
7.0 7.1 -4.2 -4.1 8	
7.0 7.1 0.4 0.5 12566	
7.0 7.1 1.0 1.1 8085	
7.0 7.1 1.7 1.8 3077	
7.0 7.1 2.1 2.2 1365	
7.0 7.1 2.8 2.9 244	
7.0 7.1 3.4 3.5 38	
7.0 7.1 4.0 4.1 10	
7.0 7.1 4.7 4.8 1	
7.0 7.1 5.3 5.4 1	
7.1 7.2 -0.2 -0.1 12205	
7.1 7.2 -1.0 -0.9 7839	
7.1 7.2 -1.3 -1.2 5660	
7.1 7.2 -2.8 -2.7 298	
7.1 7.2 -3.9 -3.8 11	
7.1 7.2 -4.1 -4.0 7	
7.1 7.2 -4.5 -4.4 4	
7.1 7.2 0.6 0.7 9942	
7.1 7.2 0.9 1.0 7893	
7.1 7.2 1.2 1.3 5800	
7.1 7.2 2.5 2.6 485	
7.1 7.2 3.1 3.2 86	
7.1 7.2 3.8 3.9 15	
7.1 7.2 4.4 4.5 2	
7.2 7.3 -0.5 -0.4 9755	
7.2 7.3 -1.6 -1.5 3270	
7.2 7.3 -2.2 -2.1 1083	
7.2 7.3 -3.0 -2.9 155	
7.2 7.3 -3.3 -3.2 75	
7.2 7.3 -4.4 -4.3 2	
7.2 7.3 -4.8 -4.7 1	
7.2 7.3 0.3 0.4 10449	
7.2 7.3 1.6 1.7 2817	
7.2 7.3 1.9 2.0 1620	
7.2 7.3 2.2 2.3 871	
7.2 7.3 3.5 3.6 18	
7.3 7.4 -0.1 0.0 9720	
7.3 7.4 -0.4 -0.3 9018	
7.3 7.4 -0.8 -0.7 7065	
7.3 7.4 -1.9 -1.8 1735	
7.3 7.4 -2.1 -2.0 1118	
7.3 7.4 -2.5 -2.4 470	
7.3 7.4 -3.6 -3.5 18	
7.3 7.4 -4.7 -4.6 1	
7.3 7.4 -5.3 -5.2 1	
7.3 7.4 0.0 0.1 9649	
7.3 7.4 0.7 0.8 7132	
7.3 7.4 1.3 1.4 3858	
7.3 7.4 2.4 2.5 490	
7.3 7.4 3.0 3.1 90	
7.3 7.4 3.7 3.8 7	
7.3 7.4 4.3 4.4 1	
7.4 7.5 -0.7 -0.6 6790	
7.4 7.5 -1.0 -0.9 5350	
7.4 7.5 -1.3 -1.2 3817	
7.4 7.5 -2.4 -2.3 536	
7.4 7.5 -3.9 -3.8 6	
7.4 7.5 -4.1 -4.0 6	
7.4 7.5 0.2 0.3 8070	
7.4 7.5 1.5 1.6 2479	
7.4 7.5 2.1 2.2 849	
7.4 7.5 2.8 2.9 152	
7.4 7.5 3.4 3.5 25	
7.4 7.5 4.0 4.1 6	
7.5 7.6 -1.2 -1.1 3694	
7.5 7.6 -1.6 -1.5 2079	
7.5 7.6 -2.7 -2.6 215	
7.5 7.6 -3.0 -2.9 84	
7.5 7.6 -3.3 -3.2 33	
7.5 7.6 -3.8 -3.7 7	
7.5 7.6 -4.4 -4.3 3	
7.5 7.6 0.6 0.7 5739	
7.5 7.6 0.9 1.0 4523	
7.5 7.6 1.2 1.3 3227	
7.5 7.6 2.5 2.6 297	
7.5 7.6 3.1 3.2 47	
7.5 7.6 3.8 3.9 4	
7.6 7.7 -0.4 -0.3 5843	
7.6 7.7 -1.5 -1.4 2210	
7.6 7.7 -1.9 -1.8 1146	
7.6 7.7 -2.1 -2.0 753	
7.6 7.7 -3.2 -3.1 34	
7.6 7.7 0.3 0.4 5807	
7.6 7.7 1.6 1.7 1640	
7.6 7.7 1.9 2.0 922	
7.6 7.7 2.0 2.1 737	
7.6 7.7 2.7 2.8 127	
7.6 7.7 3.3 3.4 33	
7.7 7.8 -0.3 -0.2 5038	
7.7 7.8 -0.7 -0.6 4206	
7.7 7.8 -1.8 -1.7 1113	
7.7 7.8 -2.4 -2.3 313	
7.7 7.8 -3.5 -3.4 13	
7.7 7.8 -4.6 -4.5 1	
7.7 7.8 0.5 0.6 4530	
7.7 7.8 1.1 1.2 2591	
7.7 7.8 1.8 1.9 948	
7.7 7.8 2.4 2.5 263	
7.7 7.8 3.0 3.1 42	
7.7 7.8 3.7 3.8 8	
7.8 7.9 -0.1 0.0 4128	
7.8 7.9 -0.6 -0.5 3773	
7.8 7.9 -1.2 -1.1 2321	
7.8 7.9 -2.0 -1.9 686	
7.8 7.9 -2.3 -2.2 332	
7.8 7.9 -2.7 -2.6 134	
7.8 7.9 -3.8 -3.7 3	
7.8 7.9 0.2 0.3 4227	
7.8 7.9 1.5 1.6 1355	
7.8 7.9 2.1 2.2 415	
7.8 7.9 2.8 2.9 71	
7.8 7.9 3.4 3.5 15	
7.9 8.0 -0.4 -0.3 3347	
7.9 8.0 -1.9 -1.8 592	
7.9 8.0 -2.1 -2.0 448	
7.9 8.0 -3.2 -3.1 34	
7.9 8.0 -3.6 -3.5 5	
7.9 8.0 0.1 0.2 3516	
7.9 8.0 0.8 0.9 2475	
7.9 8.0 1.4 1.5 1200	
7.9 8.0 2.5 2.6 121	
7.9 8.0 3.1 3.2 22	
7.9 8.0 3.8 3.9 2	
8.0 8.1 -0.1 0.0 2751	
8.0 8.1 -0.4 -0.3 2852	
8.0 8.1 -0.8 -0.7 2170	
8.0 8.1 -1.9 -1.8 497	
8.0 8.1 -2.1 -2.0 322	
8.0 8.1 -2.5 -2.4 152	
8.0 8.1 -3.6 -3.5 9	
8.0 8.1 0.0 0.1 2986	
8.0 8.1 0.7 0.8 2252	
8.0 8.1 1.1 1.2 1580	
8.0 8.1 1.8 1.9 521	
8.0 8.1 2.4 2.5 137	
8.0 8.1 3.0 3.1 27	
8.0 8.1 3.7 3.8 1	
8.1 8.2 -0.7 -0.6 1945	
8.1 8.2 -1.0 -0.9 1502	
8.1 8.2 -1.3 -1.2 1068	
8.1 8.2 -2.4 -2.3 146	
8.1 8.2 -2.8 -2.7 61	
8.1 8.2 -3.9 -3.8 3	
8.1 8.2 0.2 0.3 2297	
8.1 8.2 1.5 1.6 718	
8.1 8.2 2.1 2.2 247	
8.1 8.2 2.8 2.9 48	
8.1 8.2 3.4 3.5 6	
8.2 8.3 -1.2 -1.1 982	
8.2 8.3 -1.6 -1.5 597	
8.2 8.3 -2.7 -2.6 54	
8.2 8.3 -3.0 -2.9 28	
8.2 8.3 -3.3 -3.2 4	
8.2 8.3 -4.4 -4.3 2	
8.2 8.3 0.6 0.7 1652	
8.2 8.3 0.9 1.0 1230	
8.2 8.3 1.2 1.3 884	
8.2 8.3 2.5 2.6 89	
8.2 8.3 3.6 3.7 1	
8.3 8.4 -0.4 -0.3 1444	
8.3 8.4 -1.5 -1.4 530	
8.3 8.4 -1.9 -1.8 245	
8.3 8.4 -2.1 -2.0 177	
8.3 8.4 -3.2 -3.1 15	
8.3 8.4 -3.6 -3.5 3	
8.3 8.4 0.3 0.4 1427	
8.3 8.4 1.4 1.5 518	
8.3 8.4 2.0 2.1 187	
8.3 8.4 2.7 2.8 37	
8.3 8.4 3.3 3.4 5	
8.4 8.5 -0.7 -0.6 951	
8.4 8.5 -1.0 -0.9 750	
8.4 8.5 -1.8 -1.7 247	
8.4 8.5 -2.4 -2.3 76	
8.4 8.5 -3.5 -3.4 1	
8.4 8.5 0.5 0.6 997	
8.4 8.5 1.1 1.2 613	
8.4 8.5 1.8 1.9 246	
8.4 8.5 2.4 2.5 70	
8.4 8.5 3.0 3.1 11	
8.4 8.5 3.7 3.8 2	
8.5 8.6 -0.6 -0.5 839	
8.5 8.6 -1.2 -1.1 469	
8.5 8.6 -2.3 -2.2 67	
8.5 8.6 -2.7 -2.6 33	
8.5 8.6 -3.8 -3.7 1	
8.5 8.6 0.2 0.3 909	
8.5 8.6 1.5 1.6 281	
8.5 8.6 2.1 2.2 91	
8.5 8.6 2.8 2.9 12	
8.5 8.6 3.2 3.3 3	
8.6 8.7 -0.9 -0.8 471	
8.6 8.7 -1.5 -1.4 250	
8.6 8.7 -2.6 -2.5 34	
8.6 8.7 -3.2 -3.1 2	
8.6 8.7 0.6 0.7 546	
8.6 8.7 0.9 1.0 435	
8.6 8.7 1.0 1.1 420	
8.6 8.7 1.7 1.8 135	
8.6 8.7 2.3 2.4 36	
8.6 8.7 3.6 3.7 1	
8.7 8.8 -0.1 0.0 527	
8.7 8.8 -0.3 -0.2 515	
8.7 8.8 -1.4 -1.3 234	
8.7 8.8 -1.8 -1.7 132	
8.7 8.8 -2.9 -2.8 5	
8.7 8.8 -3.1 -3.0 5	
8.7 8.8 -3.5 -3.4 1	
8.7 8.8 0.1 0.2 523	
8.7 8.8 0.8 0.9 411	
8.7 8.8 1.4 1.5 192	
8.7 8.8 2.0 2.1 56	
8.7 8.8 2.7 2.8 12	
8.7 8.8 3.3 3.4 1	
8.8 8.9 -0.6 -0.5 344	
8.8 8.9 -1.7 -1.6 113	
8.8 8.9 -2.0 -1.9 59	
8.8 8.9 -2.3 -2.2 32	
8.8 8.9 -3.4 -3.3 3	
8.8 8.9 -3.8 -3.7 1	
8.8 8.9 0.5 0.6 343	
8.8 8.9 1.1 1.2 211	
8.8 8.9 1.8 1.9 85	
8.8 8.9 2.4 2.5 16	
8.9 9.0 -0.4 -0.3 291	
8.9 9.0 -1.5 -1.4 109	
8.9 9.0 -1.9 -1.8 51	
8.9 9.0 -2.1 -2.0 24	
8.9 9.0 -3.2 -3.1 4	
8.9 9.0 -3.6 -3.5 1	
8.9 9.0 0.4 0.5 293	
8.9 9.0 1.5 1.6 98	
8.9 9.0 2.1 2.2 27	
8.9 9.0 2.8 2.9 6	
9.0 9.1 -0.4 -0.3 226	
9.0 9.1 -1.9 -1.8 53	
9.0 9.1 -2.1 -2.0 28	
9.0 9.1 -3.2 -3.1 1	
9.0 9.1 0.1 0.2 227	
9.0 9.1 0.8 0.9 170	
9.0 9.1 1.4 1.5 86	
9.0 9.1 2.0 2.1 28	
9.0 9.1 2.7 2.8 6	
9.1 9.2 -0.7 -0.6 130	
9.1 9.2 -1.0 -0.9 103	
9.1 9.2 -1.3 -1.2 74	
9.1 9.2 -1.8 -1.7 32	
9.1 9.2 -2.4 -2.3 8	
9.1 9.2 0.5 0.6 120	
9.1 9.2 1.1 1.2 76	
9.1 9.2 1.8 1.9 37	
9.1 9.2 2.4 2.5 10	
9.2 9.3 -1.2 -1.1 59	
9.2 9.3 -2.7 -2.6 4	
9.2 9.3 -3.0 -2.9 1	
9.2 9.3 0.2 0.3 117	
9.2 9.3 1.5 1.6 44	
9.2 9.3 2.6 2.7 1	
9.2 9.3 3.2 3.3 1	
9.3 9.4 -0.4 -0.3 87	
9.3 9.4 -1.5 -1.4 31	
9.3 9.4 -2.1 -2.0 9	
9.3 9.4 -2.6 -2.5 5	
9.3 9.4 0.4 0.5 77	
9.3 9.4 1.0 1.1 45	
9.3 9.4 1.7 1.8 15	
9.3 9.4 2.3 2.4 7	
9.4 9.5 -0.1 0.0 50	
9.4 9.5 -0.3 -0.2 67	
9.4 9.5 -0.7 -0.6 54	
9.4 9.5 -1.8 -1.7 13	
9.4 9.5 -2.9 -2.8 2	
9.4 9.5 0.1 0.2 43	
9.4 9.5 0.8 0.9 53	
9.4 9.5 1.4 1.5 20	
9.4 9.5 2.0 2.1 7	
9.4 9.5 2.7 2.8 3	
9.5 9.6 -0.6 -0.5 44	
9.5 9.6 -1.2 -1.1 24	
9.5 9.6 -2.0 -1.9 7	
9.5 9.6 -2.3 -2.2 4	
9.5 9.6 0.5 0.6 42	
9.5 9.6 1.1 1.2 23	
9.5 9.6 1.8 1.9 12	
9.5 9.6 2.2 2.3 4	
9.6 9.7 -0.9 -0.8 28	
9.6 9.7 -1.1 -1.0 16	
9.6 9.7 -1.5 -1.4 7	
9.6 9.7 -2.6 -2.5 2	
9.6 9.7 0.0 0.1 28	
9.6 9.7 0.7 0.8 29	
9.6 9.7 1.3 1.4 12	
9.7 9.8 -0.3 -0.2 19	
9.7 9.8 -1.4 -1.3 4	
9.7 9.8 -1.8 -1.7 4	
9.7 9.8 0.4 0.5 18	
9.7 9.8 1.0 1.1 11	
9.7 9.8 1.7 1.8 1	
9.7 9.8 2.3 2.4 2	
9.7 9.8 3.6 3.7 1	
9.8 9.9 -0.2 -0.1 19	
9.8 9.9 -0.6 -0.5 18	
9.8 9.9 -1.7 -1.6 2	
9.8 9.9 -2.0 -1.9 4	
9.8 9.9 0.1 0.2 15	
9.8 9.9 0.8 0.9 11	
9.8 9.9 1.4 1.5 3	
9.8 9.9 2.5 2.6 1	
9.9 10.0 -0.3 -0.2 11	
9.9 10.0 -1.4 -1.3 4	
9.9 10.0 -1.8 -1.7 4	
9.9 10.0 0.4 0.5 7	
9.9 10.0 1.5 1.6 1	
9.9 10.0 2.1 2.2 1	
