-0.1 0.0 -0.8 -0.7 2362	
-0.1 0.0 -1.9 -1.8 12719	
-0.1 0.0 -10.1 -10.0 7	
-0.1 0.0 -2.5 -2.4 20672	
-0.1 0.0 -3.6 -3.5 21900	
-0.1 0.0 -4.2 -4.1 17229	
-0.1 0.0 -5.0 -4.9 17299	
-0.1 0.0 -5.3 -5.2 19909	
-0.1 0.0 -5.7 -5.6 23051	
-0.1 0.0 -6.8 -6.7 17920	
-0.1 0.0 -7.9 -7.8 4212	
-0.1 0.0 -8.5 -8.4 1127	
-0.1 0.0 -9.6 -9.5 52	
-0.1 0.0 0.6 0.7 1959	
-0.1 0.0 0.9 1.0 3372	
-0.1 0.0 1.2 1.3 5636	
-0.1 0.0 2.5 2.6 21897	
-0.1 0.0 3.1 3.2 24422	
-0.1 0.0 3.8 3.9 19258	
-0.1 0.0 4.2 4.3 16409	
-0.1 0.0 5.5 5.6 22288	
-0.1 0.0 6.1 6.2 23900	
-0.1 0.0 6.8 6.9 16490	
-0.1 0.0 7.4 7.5 8430	
-0.1 0.0 8.0 8.1 2860	
-0.1 0.0 8.7 8.8 504	
-0.1 0.0 9.1 9.2 176	
-0.1 0.0 9.8 9.9 14	
-0.2 -0.1 -0.2 -0.1 1174	
-0.2 -0.1 -0.6 -0.5 1755	
-0.2 -0.1 -1.7 -1.6 9674	
-0.2 -0.1 -10.3 -10.2 4	
-0.2 -0.1 -2.0 -1.9 14076	
-0.2 -0.1 -2.8 -2.7 23238	
-0.2 -0.1 -3.4 -3.3 23766	
-0.2 -0.1 -4.5 -4.4 15609	
-0.2 -0.1 -4.9 -4.8 16637	
-0.2 -0.1 -5.1 -5.0 18061	
-0.2 -0.1 -6.2 -6.1 23744	
-0.2 -0.1 -6.6 -6.5 20519	
-0.2 -0.1 -7.7 -7.6 6005	
-0.2 -0.1 -8.0 -7.9 3617	
-0.2 -0.1 -8.3 -8.2 1830	
-0.2 -0.1 -8.8 -8.7 555	
-0.2 -0.1 -9.4 -9.3 74	
-0.2 -0.1 0.0 0.1 1131	
-0.2 -0.1 0.7 0.8 2337	
-0.2 -0.1 1.1 1.2 4751	
-0.2 -0.1 1.8 1.9 12617	
-0.2 -0.1 10.2 10.3 4	
-0.2 -0.1 2.4 2.5 20827	
-0.2 -0.1 3.0 3.1 24556	
-0.2 -0.1 3.7 3.8 19737	
-0.2 -0.1 4.3 4.4 15699	
-0.2 -0.1 5.6 5.7 23058	
-0.2 -0.1 5.9 6.0 23817	
-0.2 -0.1 6.0 6.1 24009	
-0.2 -0.1 7.3 7.4 9363	
-0.2 -0.1 8.6 8.7 738	
-0.2 -0.1 8.9 9.0 320	
-0.2 -0.1 9.2 9.3 135	
-0.3 -0.2 -0.4 -0.3 1458	
-0.3 -0.2 -1.5 -1.4 7387	
-0.3 -0.2 -10.4 -10.3 2	
-0.3 -0.2 -2.1 -2.0 15063	
-0.3 -0.2 -3.2 -3.1 23958	
-0.3 -0.2 -4.3 -4.2 16036	
-0.3 -0.2 -4.7 -4.6 15430	
-0.3 -0.2 -5.0 -4.9 16986	
-0.3 -0.2 -5.8 -5.7 22952	
-0.3 -0.2 -6.4 -6.3 21844	
-0.3 -0.2 -7.5 -7.4 8045	
-0.3 -0.2 -7.9 -7.8 4245	
-0.3 -0.2 -8.1 -8.0 2813	
-0.3 -0.2 -9.2 -9.1 156	
-0.3 -0.2 0.5 0.6 1843	
-0.3 -0.2 1.1 1.2 4670	
-0.3 -0.2 1.8 1.9 12465	
-0.3 -0.2 10.0 10.1 4	
-0.3 -0.2 2.4 2.5 20478	
-0.3 -0.2 3.0 3.1 24045	
-0.3 -0.2 3.7 3.8 19519	
-0.3 -0.2 4.1 4.2 16503	
-0.3 -0.2 5.4 5.5 21007	
-0.3 -0.2 6.0 6.1 23372	
-0.3 -0.2 6.7 6.8 17283	
-0.3 -0.2 7.3 7.4 9268	
-0.3 -0.2 8.6 8.7 678	
-0.3 -0.2 8.9 9.0 313	
-0.3 -0.2 9.0 9.1 210	
-0.4 -0.3 -0.2 -0.1 1369	
-0.4 -0.3 -1.0 -0.9 3301	
-0.4 -0.3 -1.3 -1.2 5332	
-0.4 -0.3 -1.7 -1.6 9504	
-0.4 -0.3 -10.5 -10.4 1	
-0.4 -0.3 -2.8 -2.7 22587	
-0.4 -0.3 -3.4 -3.3 22538	
-0.4 -0.3 -3.9 -3.8 18448	
-0.4 -0.3 -4.5 -4.4 14837	
-0.4 -0.3 -5.6 -5.5 21176	
-0.4 -0.3 -6.2 -6.1 22511	
-0.4 -0.3 -7.3 -7.2 10164	
-0.4 -0.3 -7.7 -7.6 5734	
-0.4 -0.3 -8.8 -8.7 500	
-0.4 -0.3 -9.4 -9.3 77	
-0.4 -0.3 0.5 0.6 1932	
-0.4 -0.3 1.1 1.2 4599	
-0.4 -0.3 1.8 1.9 12160	
-0.4 -0.3 2.2 2.3 17854	
-0.4 -0.3 3.5 3.6 21218	
-0.4 -0.3 4.1 4.2 15923	
-0.4 -0.3 4.8 4.9 15789	
-0.4 -0.3 5.4 5.5 20391	
-0.4 -0.3 6.0 6.1 22403	
-0.4 -0.3 6.7 6.8 16818	
-0.4 -0.3 7.1 7.2 11763	
-0.4 -0.3 8.4 8.5 1107	
-0.4 -0.3 9.0 9.1 225	
-0.4 -0.3 9.7 9.8 13	
-0.5 -0.4 -0.9 -0.8 2945	
-0.5 -0.4 -1.1 -1.0 3958	
-0.5 -0.4 -1.5 -1.4 7306	
-0.5 -0.4 -10.1 -10.0 9	
-0.5 -0.4 -2.6 -2.5 20119	
-0.5 -0.4 -3.2 -3.1 22662	
-0.5 -0.4 -4.0 -3.9 17176	
-0.5 -0.4 -4.3 -4.2 14994	
-0.5 -0.4 -5.8 -5.7 21483	
-0.5 -0.4 -6.9 -6.8 14998	
-0.5 -0.4 -7.1 -7.0 12448	
-0.5 -0.4 -7.5 -7.4 7609	
-0.5 -0.4 -8.6 -8.5 881	
-0.5 -0.4 -9.2 -9.1 148	
-0.5 -0.4 0.3 0.4 1692	
-0.5 -0.4 1.6 1.7 9415	
-0.5 -0.4 1.9 2.0 13240	
-0.5 -0.4 10.5 10.6 1	
-0.5 -0.4 2.2 2.3 17002	
-0.5 -0.4 3.5 3.6 20389	
-0.5 -0.4 4.1 4.2 15584	
-0.5 -0.4 4.8 4.9 15282	
-0.5 -0.4 5.2 5.3 18036	
-0.5 -0.4 6.5 6.6 18454	
-0.5 -0.4 7.1 7.2 11287	
-0.5 -0.4 7.8 7.9 3974	
-0.5 -0.4 8.4 8.5 1072	
-0.5 -0.4 9.0 9.1 199	
-0.5 -0.4 9.7 9.8 14	
-0.6 -0.5 -0.1 0.0 1863	
-0.6 -0.5 -0.7 -0.6 2366	
-0.6 -0.5 -1.0 -0.9 3424	
-0.6 -0.5 -1.3 -1.2 5207	
-0.6 -0.5 -2.4 -2.3 17558	
-0.6 -0.5 -2.8 -2.7 21094	
-0.6 -0.5 -3.9 -3.8 17124	
-0.6 -0.5 -4.1 -4.0 15701	
-0.6 -0.5 -4.5 -4.4 13698	
-0.6 -0.5 -5.6 -5.5 19504	
-0.6 -0.5 -6.7 -6.6 16650	
-0.6 -0.5 -7.0 -6.9 13257	
-0.6 -0.5 -7.3 -7.2 9294	
-0.6 -0.5 -8.4 -8.3 1317	
-0.6 -0.5 -8.8 -8.7 442	
-0.6 -0.5 -9.9 -9.8 6	
-0.6 -0.5 0.3 0.4 1950	
-0.6 -0.5 1.6 1.7 8984	
-0.6 -0.5 1.9 2.0 12812	
-0.6 -0.5 10.3 10.4 1	
-0.6 -0.5 2.2 2.3 16623	
-0.6 -0.5 3.3 3.4 21134	
-0.6 -0.5 4.6 4.7 13868	
-0.6 -0.5 4.9 5.0 15194	
-0.6 -0.5 5.2 5.3 17256	
-0.6 -0.5 6.5 6.6 17747	
-0.6 -0.5 7.1 7.2 10328	
-0.6 -0.5 7.8 7.9 3645	
-0.6 -0.5 8.4 8.5 1015	
-0.6 -0.5 9.5 9.6 38	
-0.6 -0.5 9.9 10.0 7	
-0.7 -0.6 -0.9 -0.8 3190	
-0.7 -0.6 -1.1 -1.0 3969	
-0.7 -0.6 -2.2 -2.1 14716	
-0.7 -0.6 -2.6 -2.5 19148	
-0.7 -0.6 -3.7 -3.6 18004	
-0.7 -0.6 -4.0 -3.9 15537	
-0.7 -0.6 -4.3 -4.2 13733	
-0.7 -0.6 -5.4 -5.3 17029	
-0.7 -0.6 -6.9 -6.8 13561	
-0.7 -0.6 -7.1 -7.0 11047	
-0.7 -0.6 -8.2 -8.1 1881	
-0.7 -0.6 -8.6 -8.5 763	
-0.7 -0.6 -9.7 -9.6 27	
-0.7 -0.6 0.3 0.4 2128	
-0.7 -0.6 1.4 1.5 6834	
-0.7 -0.6 1.9 2.0 12176	
-0.7 -0.6 2.0 2.1 13425	
-0.7 -0.6 2.7 2.8 20526	
-0.7 -0.6 3.3 3.4 20408	
-0.7 -0.6 4.6 4.7 13241	
-0.7 -0.6 4.9 5.0 14148	
-0.7 -0.6 5.2 5.3 16234	
-0.7 -0.6 6.5 6.6 16651	
-0.7 -0.6 7.6 7.7 5034	
-0.7 -0.6 7.9 8.0 2871	
-0.7 -0.6 8.2 8.3 1556	
-0.7 -0.6 9.5 9.6 25	
-0.8 -0.7 -0.7 -0.6 2913	
-0.8 -0.7 -1.0 -0.9 3720	
-0.8 -0.7 -1.8 -1.7 9592	
-0.8 -0.7 -10.1 -10.0 3	
-0.8 -0.7 -2.4 -2.3 16446	
-0.8 -0.7 -3.5 -3.4 18744	
-0.8 -0.7 -3.9 -3.8 15740	
-0.8 -0.7 -4.1 -4.0 14082	
-0.8 -0.7 -5.2 -5.1 14572	
-0.8 -0.7 -5.6 -5.5 16986	
-0.8 -0.7 -6.7 -6.6 14775	
-0.8 -0.7 -7.0 -6.9 11320	
-0.8 -0.7 -7.3 -7.2 8282	
-0.8 -0.7 -7.8 -7.7 3977	
-0.8 -0.7 -8.4 -8.3 1217	
-0.8 -0.7 -9.5 -9.4 47	
-0.8 -0.7 -9.9 -9.8 7	
-0.8 -0.7 0.1 0.2 2408	
-0.8 -0.7 0.8 0.9 3391	
-0.8 -0.7 1.4 1.5 6660	
-0.8 -0.7 2.0 2.1 13086	
-0.8 -0.7 2.7 2.8 19408	
-0.8 -0.7 3.3 3.4 19303	
-0.8 -0.7 4.6 4.7 12349	
-0.8 -0.7 4.9 5.0 13329	
-0.8 -0.7 5.0 5.1 14127	
-0.8 -0.7 5.7 5.8 17802	
-0.8 -0.7 6.3 6.4 17157	
-0.8 -0.7 7.6 7.7 4635	
-0.8 -0.7 7.9 8.0 2675	
-0.8 -0.7 8.2 8.3 1456	
-0.8 -0.7 9.5 9.6 36	
-0.9 -0.8 -0.5 -0.4 3065	
-0.9 -0.8 -1.1 -1.0 4268	
-0.9 -0.8 -10.2 -10.1 2	
-0.9 -0.8 -2.2 -2.1 13777	
-0.9 -0.8 -3.3 -3.2 18837	
-0.9 -0.8 -3.7 -3.6 16573	
-0.9 -0.8 -4.0 -3.9 14032	
-0.9 -0.8 -4.8 -4.7 11649	
-0.9 -0.8 -5.4 -5.3 14809	
-0.9 -0.8 -6.5 -6.4 14957	
-0.9 -0.8 -6.9 -6.8 11498	
-0.9 -0.8 -7.1 -7.0 9659	
-0.9 -0.8 -8.2 -8.1 1612	
-0.9 -0.8 -9.7 -9.6 19	
-0.9 -0.8 0.1 0.2 2733	
-0.9 -0.8 0.8 0.9 3584	
-0.9 -0.8 1.4 1.5 6653	
-0.9 -0.8 10.1 10.2 1	
-0.9 -0.8 2.7 2.8 18417	
-0.9 -0.8 3.1 3.2 19078	
-0.9 -0.8 3.8 3.9 14909	
-0.9 -0.8 4.4 4.5 11665	
-0.9 -0.8 5.0 5.1 13075	
-0.9 -0.8 5.7 5.8 16563	
-0.9 -0.8 6.3 6.4 15876	
-0.9 -0.8 7.6 7.7 4225	
-0.9 -0.8 7.9 8.0 2460	
-0.9 -0.8 8.0 8.1 2018	
-0.9 -0.8 8.7 8.8 371	
-0.9 -0.8 9.3 9.4 62	
-1.0 -0.9 -0.5 -0.4 3381	
-1.0 -0.9 -1.1 -1.0 4510	
-1.0 -0.9 -2.2 -2.1 13073	
-1.0 -0.9 -3.3 -3.2 17899	
-1.0 -0.9 -3.7 -3.6 15796	
-1.0 -0.9 -4.0 -3.9 13339	
-1.0 -0.9 -4.8 -4.7 10983	
-1.0 -0.9 -5.4 -5.3 13479	
-1.0 -0.9 -6.5 -6.4 13807	
-1.0 -0.9 -6.9 -6.8 10685	
-1.0 -0.9 -7.1 -7.0 8918	
-1.0 -0.9 -8.2 -8.1 1548	
-1.0 -0.9 -9.7 -9.6 20	
-1.0 -0.9 0.6 0.7 3581	
-1.0 -0.9 0.9 1.0 4191	
-1.0 -0.9 1.2 1.3 5070	
-1.0 -0.9 10.1 10.2 4	
-1.0 -0.9 2.5 2.6 16669	
-1.0 -0.9 3.8 3.9 13900	
-1.0 -0.9 4.2 4.3 11591	
-1.0 -0.9 5.5 5.6 14600	
-1.0 -0.9 6.1 6.2 15178	
-1.0 -0.9 6.8 6.9 10747	
-1.0 -0.9 7.4 7.5 5152	
-1.0 -0.9 8.0 8.1 1936	
-1.0 -0.9 8.7 8.8 335	
-1.0 -0.9 9.1 9.2 112	
-1.0 -0.9 9.8 9.9 5	
-1.1 -1.0 -0.1 0.0 3927	
-1.1 -1.0 -0.2 -0.1 3957	
-1.1 -1.0 -0.7 -0.6 4098	
-1.1 -1.0 -1.0 -0.9 4445	
-1.1 -1.0 -1.3 -1.2 5295	
-1.1 -1.0 -2.4 -2.3 14409	
-1.1 -1.0 -2.8 -2.7 16824	
-1.1 -1.0 -3.9 -3.8 13654	
-1.1 -1.0 -4.1 -4.0 12120	
-1.1 -1.0 -4.5 -4.4 10339	
-1.1 -1.0 -5.6 -5.5 13267	
-1.1 -1.0 -6.2 -6.1 13830	
-1.1 -1.0 -7.0 -6.9 8733	
-1.1 -1.0 -7.3 -7.2 6251	
-1.1 -1.0 -8.4 -8.3 962	
-1.1 -1.0 -8.8 -8.7 301	
-1.1 -1.0 -9.9 -9.8 13	
-1.1 -1.0 0.1 0.2 4024	
-1.1 -1.0 0.8 0.9 4322	
-1.1 -1.0 1.2 1.3 5490	
-1.1 -1.0 10.3 10.4 1	
-1.1 -1.0 10.7 10.8 1	
-1.1 -1.0 2.5 2.6 15790	
-1.1 -1.0 3.1 3.2 17344	
-1.1 -1.0 3.8 3.9 13396	
-1.1 -1.0 4.4 4.5 10140	
-1.1 -1.0 5.0 5.1 10834	
-1.1 -1.0 5.7 5.8 13629	
-1.1 -1.0 6.3 6.4 12980	
-1.1 -1.0 7.4 7.5 4904	
-1.1 -1.0 8.0 8.1 1740	
-1.1 -1.0 8.7 8.8 290	
-1.1 -1.0 9.3 9.4 38	
-1.2 -1.1 -0.9 -0.8 4736	
-1.2 -1.1 -1.1 -1.0 5064	
-1.2 -1.1 -2.6 -2.5 15166	
-1.2 -1.1 -3.7 -3.6 14360	
-1.2 -1.1 -4.0 -3.9 12044	
-1.2 -1.1 -4.3 -4.2 10419	
-1.2 -1.1 -5.4 -5.3 10961	
-1.2 -1.1 -5.8 -5.7 12359	
-1.2 -1.1 -6.9 -6.8 8570	
-1.2 -1.1 -7.1 -7.0 7051	
-1.2 -1.1 -8.6 -8.5 481	
-1.2 -1.1 -9.7 -9.6 12	
-1.2 -1.1 0.6 0.7 4460	
-1.2 -1.1 0.9 1.0 4830	
-1.2 -1.1 1.2 1.3 5556	
-1.2 -1.1 2.5 2.6 15345	
-1.2 -1.1 3.1 3.2 16773	
-1.2 -1.1 3.8 3.9 12750	
-1.2 -1.1 4.4 4.5 9538	
-1.2 -1.1 5.5 5.6 11795	
-1.2 -1.1 6.1 6.2 12347	
-1.2 -1.1 6.8 6.9 8604	
-1.2 -1.1 7.4 7.5 4292	
-1.2 -1.1 8.0 8.1 1526	
-1.2 -1.1 8.7 8.8 288	
-1.2 -1.1 9.3 9.4 37	
-1.3 -1.2 -0.7 -0.6 5196	
-1.3 -1.2 -1.0 -0.9 5282	
-1.3 -1.2 -1.3 -1.2 5944	
-1.3 -1.2 -10.1 -10.0 4	
-1.3 -1.2 -10.6 -10.5 3	
-1.3 -1.2 -2.4 -2.3 13495	
-1.3 -1.2 -3.5 -3.4 15051	
-1.3 -1.2 -3.9 -3.8 12348	
-1.3 -1.2 -4.1 -4.0 10974	
-1.3 -1.2 -5.2 -5.1 9410	
-1.3 -1.2 -5.6 -5.5 10503	
-1.3 -1.2 -6.7 -6.6 8900	
-1.3 -1.2 -7.0 -6.9 7018	
-1.3 -1.2 -7.3 -7.2 5007	
-1.3 -1.2 -8.4 -8.3 719	
-1.3 -1.2 -9.5 -9.4 23	
-1.3 -1.2 -9.9 -9.8 6	
-1.3 -1.2 0.6 0.7 5229	
-1.3 -1.2 0.9 1.0 5291	
-1.3 -1.2 1.2 1.3 5851	
-1.3 -1.2 10.3 10.4 1	
-1.3 -1.2 2.5 2.6 14940	
-1.3 -1.2 3.6 3.7 13939	
-1.3 -1.2 3.9 4.0 11655	
-1.3 -1.2 4.2 4.3 9797	
-1.3 -1.2 5.5 5.6 10642	
-1.3 -1.2 6.1 6.2 10903	
-1.3 -1.2 6.8 6.9 7374	
-1.3 -1.2 7.4 7.5 3779	
-1.3 -1.2 8.5 8.6 418	
-1.3 -1.2 9.1 9.2 62	
-1.3 -1.2 9.8 9.9 2	
-1.4 -1.3 -0.5 -0.4 6168	
-1.4 -1.3 -0.9 -0.8 5763	
-1.4 -1.3 -1.1 -1.0 6046	
-1.4 -1.3 -10.2 -10.1 2	
-1.4 -1.3 -10.7 -10.6 1	
-1.4 -1.3 -2.2 -2.1 11558	
-1.4 -1.3 -3.7 -3.6 13301	
-1.4 -1.3 -4.0 -3.9 11132	
-1.4 -1.3 -4.8 -4.7 7729	
-1.4 -1.3 -5.4 -5.3 8751	
-1.4 -1.3 -6.5 -6.4 8658	
-1.4 -1.3 -6.9 -6.8 6748	
-1.4 -1.3 -7.1 -7.0 5535	
-1.4 -1.3 -8.2 -8.1 966	
-1.4 -1.3 -8.6 -8.5 348	
-1.4 -1.3 -9.7 -9.6 11	
-1.4 -1.3 0.6 0.7 6186	
-1.4 -1.3 0.9 1.0 5864	
-1.4 -1.3 1.0 1.1 5882	
-1.4 -1.3 1.7 1.8 8481	
-1.4 -1.3 10.1 10.2 1	
-1.4 -1.3 2.3 2.4 13054	
-1.4 -1.3 3.6 3.7 13126	
-1.4 -1.3 3.9 4.0 11367	
-1.4 -1.3 4.2 4.3 9270	
-1.4 -1.3 5.5 5.6 9079	
-1.4 -1.3 6.6 6.7 7780	
-1.4 -1.3 6.9 7.0 6296	
-1.4 -1.3 7.2 7.3 4307	
-1.4 -1.3 8.5 8.6 380	
-1.4 -1.3 9.1 9.2 98	
-1.4 -1.3 9.8 9.9 5	
-1.5 -1.4 -0.3 -0.2 7361	
-1.5 -1.4 -0.7 -0.6 6960	
-1.5 -1.4 -1.8 -1.7 8754	
-1.5 -1.4 -2.4 -2.3 12876	
-1.5 -1.4 -3.5 -3.4 14259	
-1.5 -1.4 -4.1 -4.0 10150	
-1.5 -1.4 -4.6 -4.5 7674	
-1.5 -1.4 -5.2 -5.1 7160	
-1.5 -1.4 -6.3 -6.2 8125	
-1.5 -1.4 -6.7 -6.6 6750	
-1.5 -1.4 -7.8 -7.7 1819	
-1.5 -1.4 -8.4 -8.3 562	
-1.5 -1.4 -9.5 -9.4 25	
-1.5 -1.4 0.4 0.5 7243	
-1.5 -1.4 1.0 1.1 6507	
-1.5 -1.4 1.7 1.8 8668	
-1.5 -1.4 2.3 2.4 13008	
-1.5 -1.4 3.6 3.7 13103	
-1.5 -1.4 3.9 4.0 10893	
-1.5 -1.4 4.0 4.1 10140	
-1.5 -1.4 4.7 4.8 7146	
-1.5 -1.4 5.3 5.4 7824	
-1.5 -1.4 6.6 6.7 6835	
-1.5 -1.4 6.9 7.0 5390	
-1.5 -1.4 7.2 7.3 3787	
-1.5 -1.4 8.5 8.6 311	
-1.5 -1.4 9.6 9.7 14	
-1.5 -1.4 9.9 10.0 4	
-1.6 -1.5 -0.5 -0.4 8206	
-1.6 -1.5 -1.6 -1.5 7876	
-1.6 -1.5 -10.4 -10.3 1	
-1.6 -1.5 -2.2 -2.1 11592	
-1.6 -1.5 -3.0 -2.9 15460	
-1.6 -1.5 -3.3 -3.2 15420	
-1.6 -1.5 -3.7 -3.6 13220	
-1.6 -1.5 -4.8 -4.7 6761	
-1.6 -1.5 -5.9 -5.8 7429	
-1.6 -1.5 -6.5 -6.4 6554	
-1.6 -1.5 -7.6 -7.5 2173	
-1.6 -1.5 -8.2 -8.1 692	
-1.6 -1.5 -9.0 -8.9 96	
-1.6 -1.5 -9.3 -9.2 31	
-1.6 -1.5 -9.7 -9.6 6	
-1.6 -1.5 0.4 0.5 8019	
-1.6 -1.5 1.7 1.8 8877	
-1.6 -1.5 10.1 10.2 1	
-1.6 -1.5 2.1 2.2 11483	
-1.6 -1.5 2.8 2.9 15487	
-1.6 -1.5 3.4 3.5 14590	
-1.6 -1.5 4.0 4.1 9947	
-1.6 -1.5 4.7 4.8 6669	
-1.6 -1.5 5.3 5.4 6884	
-1.6 -1.5 6.6 6.7 5926	
-1.6 -1.5 6.9 7.0 4543	
-1.6 -1.5 7.0 7.1 4208	
-1.6 -1.5 7.7 7.8 1505	
-1.6 -1.5 8.3 8.4 445	
-1.6 -1.5 9.6 9.7 9	
-1.7 -1.6 -0.3 -0.2 9650	
-1.7 -1.6 -1.4 -1.3 7970	
-1.7 -1.6 -1.8 -1.7 9215	
-1.7 -1.6 -2.9 -2.8 15921	
-1.7 -1.6 -3.1 -3.0 15829	
-1.7 -1.6 -3.5 -3.4 14470	
-1.7 -1.6 -4.6 -4.5 6883	
-1.7 -1.6 -5.2 -5.1 5862	
-1.7 -1.6 -6.0 -5.9 6339	
-1.7 -1.6 -6.3 -6.2 5983	
-1.7 -1.6 -7.4 -7.3 2573	
-1.7 -1.6 -7.8 -7.7 1401	
-1.7 -1.6 -8.9 -8.8 98	
-1.7 -1.6 -9.1 -9.0 46	
-1.7 -1.6 -9.5 -9.4 16	
-1.7 -1.6 0.2 0.3 9681	
-1.7 -1.6 1.5 1.6 8378	
-1.7 -1.6 2.1 2.2 11738	
-1.7 -1.6 2.8 2.9 15659	
-1.7 -1.6 3.4 3.5 14389	
-1.7 -1.6 4.0 4.1 9871	
-1.7 -1.6 4.7 4.8 6074	
-1.7 -1.6 5.1 5.2 5894	
-1.7 -1.6 5.8 5.9 6369	
-1.7 -1.6 6.4 6.5 5551	
-1.7 -1.6 7.0 7.1 3540	
-1.7 -1.6 7.7 7.8 1351	
-1.7 -1.6 8.3 8.4 364	
-1.7 -1.6 9.6 9.7 8	
-1.8 -1.7 -1.6 -1.5 8972	
-1.8 -1.7 -10.1 -10.0 1	
-1.8 -1.7 -2.7 -2.6 15326	
-1.8 -1.7 -3.0 -2.9 16139	
-1.8 -1.7 -3.3 -3.2 15885	
-1.8 -1.7 -4.4 -4.3 7734	
-1.8 -1.7 -4.8 -4.7 5953	
-1.8 -1.7 -5.9 -5.8 5341	
-1.8 -1.7 -6.1 -6.0 5188	
-1.8 -1.7 -7.6 -7.5 1572	
-1.8 -1.7 -8.7 -8.6 151	
-1.8 -1.7 -9.0 -8.9 80	
-1.8 -1.7 -9.3 -9.2 29	
-1.8 -1.7 0.2 0.3 11019	
-1.8 -1.7 1.5 1.6 8785	
-1.8 -1.7 2.1 2.2 12313	
-1.8 -1.7 2.8 2.9 16093	
-1.8 -1.7 3.2 3.3 15800	
-1.8 -1.7 4.5 4.6 6698	
-1.8 -1.7 5.1 5.2 5124	
-1.8 -1.7 5.8 5.9 5405	
-1.8 -1.7 6.4 6.5 4720	
-1.8 -1.7 7.0 7.1 3019	
-1.8 -1.7 7.7 7.8 1115	
-1.8 -1.7 8.1 8.2 515	
-1.8 -1.7 8.8 8.9 91	
-1.8 -1.7 9.4 9.5 14	
-1.9 -1.8 -0.3 -0.2 12531	
-1.9 -1.8 -1.4 -1.3 9321	
-1.9 -1.8 -2.5 -2.4 14934	
-1.9 -1.8 -2.9 -2.8 16644	
-1.9 -1.8 -3.1 -3.0 16878	
-1.9 -1.8 -4.2 -4.1 9374	
-1.9 -1.8 -4.6 -4.5 6546	
-1.9 -1.8 -5.7 -5.6 4590	
-1.9 -1.8 -6.0 -5.9 4438	
-1.9 -1.8 -6.3 -6.2 4204	
-1.9 -1.8 -7.4 -7.3 1732	
-1.9 -1.8 -8.5 -8.4 200	
-1.9 -1.8 -8.9 -8.8 62	
-1.9 -1.8 -9.1 -9.0 38	
-1.9 -1.8 0.2 0.3 12567	
-1.9 -1.8 1.3 1.4 9373	
-1.9 -1.8 2.6 2.7 16063	
-1.9 -1.8 2.9 3.0 16932	
-1.9 -1.8 3.2 3.3 16207	
-1.9 -1.8 4.5 4.6 6649	
-1.9 -1.8 5.1 5.2 4735	
-1.9 -1.8 5.8 5.9 4535	
-1.9 -1.8 6.2 6.3 4173	
-1.9 -1.8 7.5 7.6 1230	
-1.9 -1.8 8.1 8.2 430	
-1.9 -1.8 8.8 8.9 72	
-1.9 -1.8 9.4 9.5 9	
-10.0 -9.9 -0.3 -0.2 10	
-10.0 -9.9 -1.4 -1.3 3	
-10.0 -9.9 -1.8 -1.7 5	
-10.0 -9.9 -3.5 -3.4 1	
-10.0 -9.9 0.5 0.6 7	
-10.0 -9.9 1.6 1.7 2	
-10.0 -9.9 2.2 2.3 2	
-10.1 -10.0 -0.1 0.0 4	
-10.1 -10.0 -0.3 -0.2 2	
-10.1 -10.0 0.2 0.3 8	
-10.1 -10.0 1.5 1.6 2	
-10.2 -10.1 -0.1 0.0 6	
-10.2 -10.1 -0.5 -0.4 8	
-10.2 -10.1 -1.6 -1.5 1	
-10.2 -10.1 0.5 0.6 6	
-10.2 -10.1 1.1 1.2 5	
-10.2 -10.1 1.8 1.9 1	
-10.3 -10.2 -0.3 -0.2 4	
-10.3 -10.2 -1.8 -1.7 2	
-10.4 -10.3 0.1 0.2 2	
-10.4 -10.3 0.8 0.9 2	
-10.5 -10.4 1.0 1.1 1	
-10.6 -10.5 -1.2 -1.1 1	
-10.6 -10.5 1.5 1.6 1	
-10.7 -10.6 -0.8 -0.7 2	
-10.7 -10.6 0.0 0.1 1	
-10.7 -10.6 0.7 0.8 2	
-10.8 -10.7 0.3 0.4 1	
-10.9 -10.8 0.8 0.9 1	
-2.0 -1.9 -0.3 -0.2 13839	
-2.0 -1.9 -1.4 -1.3 9970	
-2.0 -1.9 -2.5 -2.4 15674	
-2.0 -1.9 -2.9 -2.8 17254	
-2.0 -1.9 -3.1 -3.0 17302	
-2.0 -1.9 -4.2 -4.1 9397	
-2.0 -1.9 -4.6 -4.5 6523	
-2.0 -1.9 -5.7 -5.6 3815	
-2.0 -1.9 -6.0 -5.9 3791	
-2.0 -1.9 -6.3 -6.2 3588	
-2.0 -1.9 -7.4 -7.3 1496	
-2.0 -1.9 -8.5 -8.4 151	
-2.0 -1.9 -8.9 -8.8 64	
-2.0 -1.9 -9.1 -9.0 38	
-2.0 -1.9 0.0 0.1 13965	
-2.0 -1.9 0.7 0.8 11675	
-2.0 -1.9 1.3 1.4 10041	
-2.0 -1.9 2.4 2.5 15747	
-2.0 -1.9 3.0 3.1 17399	
-2.0 -1.9 3.7 3.8 13409	
-2.0 -1.9 4.3 4.4 7801	
-2.0 -1.9 5.6 5.7 3920	
-2.0 -1.9 5.9 6.0 3777	
-2.0 -1.9 6.2 6.3 3499	
-2.0 -1.9 7.3 7.4 1400	
-2.0 -1.9 8.6 8.7 117	
-2.0 -1.9 8.9 9.0 45	
-2.0 -1.9 9.2 9.3 22	
-2.1 -2.0 -0.5 -0.4 14584	
-2.1 -2.0 -1.6 -1.5 10925	
-2.1 -2.0 -2.2 -2.1 14120	
-2.1 -2.0 -3.3 -3.2 17866	
-2.1 -2.0 -3.7 -3.6 14866	
-2.1 -2.0 -4.8 -4.7 5296	
-2.1 -2.0 -5.4 -5.3 3551	
-2.1 -2.0 -5.9 -5.8 3191	
-2.1 -2.0 -6.5 -6.4 2677	
-2.1 -2.0 -7.6 -7.5 873	
-2.1 -2.0 -8.2 -8.1 281	
-2.1 -2.0 -9.3 -9.2 10	
-2.1 -2.0 0.0 0.1 15330	
-2.1 -2.0 0.7 0.8 13028	
-2.1 -2.0 1.3 1.4 10887	
-2.1 -2.0 2.6 2.7 17314	
-2.1 -2.0 2.9 3.0 18383	
-2.1 -2.0 3.2 3.3 17715	
-2.1 -2.0 4.5 4.6 6461	
-2.1 -2.0 5.6 5.7 3245	
-2.1 -2.0 5.9 6.0 3164	
-2.1 -2.0 6.2 6.3 2892	
-2.1 -2.0 7.5 7.6 851	
-2.1 -2.0 8.1 8.2 255	
-2.1 -2.0 8.8 8.9 48	
-2.1 -2.0 9.4 9.5 7	
-2.2 -2.1 -0.3 -0.2 16476	
-2.2 -2.1 -1.4 -1.3 11523	
-2.2 -2.1 -1.8 -1.7 12128	
-2.2 -2.1 -2.9 -2.8 19034	
-2.2 -2.1 -3.1 -3.0 19305	
-2.2 -2.1 -3.5 -3.4 17417	
-2.2 -2.1 -4.6 -4.5 6494	
-2.2 -2.1 -5.2 -5.1 3561	
-2.2 -2.1 -6.0 -5.9 2611	
-2.2 -2.1 -6.3 -6.2 2317	
-2.2 -2.1 -7.8 -7.7 538	
-2.2 -2.1 -8.9 -8.8 29	
-2.2 -2.1 -9.1 -9.0 20	
-2.2 -2.1 -9.5 -9.4 3	
-2.2 -2.1 0.0 0.1 17065	
-2.2 -2.1 0.7 0.8 14080	
-2.2 -2.1 1.3 1.4 11633	
-2.2 -2.1 2.6 2.7 18526	
-2.2 -2.1 2.9 3.0 19184	
-2.2 -2.1 3.0 3.1 19122	
-2.2 -2.1 3.7 3.8 14709	
-2.2 -2.1 4.3 4.4 8244	
-2.2 -2.1 5.6 5.7 2701	
-2.2 -2.1 5.9 6.0 2611	
-2.2 -2.1 6.2 6.3 2343	
-2.2 -2.1 7.5 7.6 669	
-2.2 -2.1 8.6 8.7 66	
-2.2 -2.1 8.8 8.9 45	
-2.2 -2.1 9.2 9.3 14	
-2.3 -2.2 -0.5 -0.4 17056	
-2.3 -2.2 -1.6 -1.5 12221	
-2.3 -2.2 -2.7 -2.6 19293	
-2.3 -2.2 -3.0 -2.9 20493	
-2.3 -2.2 -3.3 -3.2 19491	
-2.3 -2.2 -4.4 -4.3 8431	
-2.3 -2.2 -4.8 -4.7 5168	
-2.3 -2.2 -5.9 -5.8 2245	
-2.3 -2.2 -6.1 -6.0 2112	
-2.3 -2.2 -6.5 -6.4 1720	
-2.3 -2.2 -7.6 -7.5 570	
-2.3 -2.2 -8.2 -8.1 208	
-2.3 -2.2 -8.7 -8.6 65	
-2.3 -2.2 -9.0 -8.9 17	
-2.3 -2.2 -9.3 -9.2 8	
-2.3 -2.2 0.0 0.1 18654	
-2.3 -2.2 0.7 0.8 15266	
-2.3 -2.2 1.1 1.2 12798	
-2.3 -2.2 1.8 1.9 13473	
-2.3 -2.2 2.4 2.5 18031	
-2.3 -2.2 3.0 3.1 19871	
-2.3 -2.2 3.7 3.8 15207	
-2.3 -2.2 4.3 4.4 8358	
-2.3 -2.2 5.6 5.7 2356	
-2.3 -2.2 5.9 6.0 2235	
-2.3 -2.2 6.0 6.1 2093	
-2.3 -2.2 6.7 6.8 1403	
-2.3 -2.2 7.3 7.4 754	
-2.3 -2.2 8.6 8.7 67	
-2.3 -2.2 8.9 9.0 25	
-2.3 -2.2 9.2 9.3 10	
-2.4 -2.3 -0.3 -0.2 19387	
-2.4 -2.3 -1.4 -1.3 13239	
-2.4 -2.3 -2.9 -2.8 20833	
-2.4 -2.3 -3.1 -3.0 20941	
-2.4 -2.3 -4.2 -4.1 11157	
-2.4 -2.3 -4.6 -4.5 6759	
-2.4 -2.3 -5.7 -5.6 2048	
-2.4 -2.3 -6.0 -5.9 1761	
-2.4 -2.3 -6.3 -6.2 1554	
-2.4 -2.3 -7.4 -7.3 599	
-2.4 -2.3 -8.9 -8.8 29	
-2.4 -2.3 -9.1 -9.0 13	
-2.4 -2.3 0.5 0.6 17766	
-2.4 -2.3 1.1 1.2 13568	
-2.4 -2.3 1.8 1.9 14231	
-2.4 -2.3 2.4 2.5 18787	
-2.4 -2.3 3.0 3.1 21205	
-2.4 -2.3 3.7 3.8 15990	
-2.4 -2.3 4.1 4.2 11236	
-2.4 -2.3 4.8 4.9 4488	
-2.4 -2.3 5.4 5.5 2372	
-2.4 -2.3 6.0 6.1 1648	
-2.4 -2.3 6.7 6.8 1113	
-2.4 -2.3 7.3 7.4 630	
-2.4 -2.3 8.6 8.7 43	
-2.4 -2.3 8.9 9.0 21	
-2.4 -2.3 9.0 9.1 9	
-2.5 -2.4 -1.2 -1.1 14527	
-2.5 -2.4 -1.6 -1.5 14087	
-2.5 -2.4 -2.7 -2.6 20883	
-2.5 -2.4 -3.0 -2.9 21745	
-2.5 -2.4 -3.8 -3.7 16653	
-2.5 -2.4 -4.4 -4.3 8981	
-2.5 -2.4 -5.5 -5.4 2122	
-2.5 -2.4 -5.9 -5.8 1576	
-2.5 -2.4 -6.1 -6.0 1351	
-2.5 -2.4 -7.2 -7.1 649	
-2.5 -2.4 -7.6 -7.5 408	
-2.5 -2.4 -8.7 -8.6 35	
-2.5 -2.4 -9.0 -8.9 13	
-2.5 -2.4 -9.3 -9.2 3	
-2.5 -2.4 -9.8 -9.7 1	
-2.5 -2.4 0.5 0.6 18785	
-2.5 -2.4 1.1 1.2 14418	
-2.5 -2.4 1.8 1.9 14826	
-2.5 -2.4 2.2 2.3 17920	
-2.5 -2.4 3.5 3.6 18778	
-2.5 -2.4 4.1 4.2 11591	
-2.5 -2.4 4.8 4.9 4607	
-2.5 -2.4 5.4 5.5 2133	
-2.5 -2.4 6.0 6.1 1391	
-2.5 -2.4 6.7 6.8 923	
-2.5 -2.4 7.1 7.2 618	
-2.5 -2.4 8.4 8.5 51	
-2.5 -2.4 9.0 9.1 14	
-2.5 -2.4 9.7 9.8 2	
-2.6 -2.5 -0.8 -0.7 17962	
-2.6 -2.5 -1.4 -1.3 14501	
-2.6 -2.5 -2.5 -2.4 20438	
-2.6 -2.5 -3.1 -3.0 22456	
-2.6 -2.5 -4.2 -4.1 12003	
-2.6 -2.5 -5.3 -5.2 2491	
-2.6 -2.5 -5.7 -5.6 1509	
-2.6 -2.5 -6.0 -5.9 1206	
-2.6 -2.5 -6.8 -6.7 731	
-2.6 -2.5 -7.4 -7.3 339	
-2.6 -2.5 -8.5 -8.4 46	
-2.6 -2.5 -8.9 -8.8 15	
-2.6 -2.5 -9.1 -9.0 10	
-2.6 -2.5 0.3 0.4 20845	
-2.6 -2.5 1.6 1.7 14417	
-2.6 -2.5 1.9 2.0 16220	
-2.6 -2.5 2.2 2.3 18847	
-2.6 -2.5 3.5 3.6 19387	
-2.6 -2.5 4.1 4.2 11695	
-2.6 -2.5 4.8 4.9 4529	
-2.6 -2.5 5.2 5.3 2445	
-2.6 -2.5 6.5 6.6 844	
-2.6 -2.5 7.1 7.2 440	
-2.6 -2.5 7.8 7.9 138	
-2.6 -2.5 8.4 8.5 49	
-2.6 -2.5 9.0 9.1 8	
-2.6 -2.5 9.7 9.8 3	
-2.7 -2.6 -0.1 0.0 22714	
-2.7 -2.6 -0.6 -0.5 20263	
-2.7 -2.6 -1.2 -1.1 15895	
-2.7 -2.6 -10.2 -10.1 1	
-2.7 -2.6 -2.3 -2.2 19178	
-2.7 -2.6 -2.7 -2.6 22376	
-2.7 -2.6 -3.8 -3.7 17337	
-2.7 -2.6 -4.4 -4.3 9631	
-2.7 -2.6 -4.9 -4.8 4697	
-2.7 -2.6 -5.5 -5.4 1774	
-2.7 -2.6 -6.6 -6.5 650	
-2.7 -2.6 -7.2 -7.1 388	
-2.7 -2.6 -8.3 -8.2 49	
-2.7 -2.6 -8.7 -8.6 23	
-2.7 -2.6 0.3 0.4 21758	
-2.7 -2.6 1.6 1.7 15272	
-2.7 -2.6 1.9 2.0 16820	
-2.7 -2.6 2.2 2.3 19192	
-2.7 -2.6 3.3 3.4 21691	
-2.7 -2.6 4.6 4.7 6206	
-2.7 -2.6 4.9 5.0 3896	
-2.7 -2.6 5.2 5.3 2472	
-2.7 -2.6 6.5 6.6 666	
-2.7 -2.6 7.1 7.2 408	
-2.7 -2.6 7.8 7.9 108	
-2.7 -2.6 8.2 8.3 63	
-2.7 -2.6 8.4 8.5 40	
-2.7 -2.6 9.5 9.6 2	
-2.8 -2.7 -0.4 -0.3 22871	
-2.8 -2.7 -0.8 -0.7 19474	
-2.8 -2.7 -1.9 -1.8 16623	
-2.8 -2.7 -2.1 -2.0 18038	
-2.8 -2.7 -2.5 -2.4 21706	
-2.8 -2.7 -3.6 -3.5 20483	
-2.8 -2.7 -4.2 -4.1 12357	
-2.8 -2.7 -5.0 -4.9 3879	
-2.8 -2.7 -5.3 -5.2 2305	
-2.8 -2.7 -6.8 -6.7 367	
-2.8 -2.7 -7.9 -7.8 97	
-2.8 -2.7 -8.1 -8.0 59	
-2.8 -2.7 -8.5 -8.4 31	
-2.8 -2.7 -9.6 -9.5 2	
-2.8 -2.7 0.3 0.4 22895	
-2.8 -2.7 1.4 1.5 15362	
-2.8 -2.7 1.9 2.0 16988	
-2.8 -2.7 2.0 2.1 17748	
-2.8 -2.7 2.7 2.8 23749	
-2.8 -2.7 3.3 3.4 22466	
-2.8 -2.7 4.6 4.7 6186	
-2.8 -2.7 4.9 5.0 3940	
-2.8 -2.7 5.2 5.3 2294	
-2.8 -2.7 6.3 6.4 611	
-2.8 -2.7 6.5 6.6 491	
-2.8 -2.7 7.6 7.7 137	
-2.8 -2.7 7.9 8.0 85	
-2.8 -2.7 8.2 8.3 40	
-2.9 -2.8 -0.6 -0.5 21667	
-2.9 -2.8 -1.7 -1.6 15741	
-2.9 -2.8 -2.0 -1.9 17298	
-2.9 -2.8 -2.3 -2.2 20114	
-2.9 -2.8 -3.4 -3.3 22676	
-2.9 -2.8 -3.8 -3.7 17983	
-2.9 -2.8 -4.9 -4.8 4541	
-2.9 -2.8 -5.1 -5.0 3226	
-2.9 -2.8 -5.5 -5.4 1533	
-2.9 -2.8 -6.6 -6.5 384	
-2.9 -2.8 -7.2 -7.1 218	
-2.9 -2.8 -7.7 -7.6 115	
-2.9 -2.8 -8.0 -7.9 56	
-2.9 -2.8 -8.3 -8.2 40	
-2.9 -2.8 -9.8 -9.7 1	
-2.9 -2.8 0.1 0.2 24114	
-2.9 -2.8 0.8 0.9 18914	
-2.9 -2.8 1.4 1.5 15598	
-2.9 -2.8 2.0 2.1 18132	
-2.9 -2.8 2.7 2.8 23926	
-2.9 -2.8 3.3 3.4 22720	
-2.9 -2.8 4.4 4.5 8478	
-2.9 -2.8 4.6 4.7 6338	
-2.9 -2.8 4.9 5.0 3874	
-2.9 -2.8 5.0 5.1 3145	
-2.9 -2.8 5.7 5.8 932	
-2.9 -2.8 6.3 6.4 497	
-2.9 -2.8 7.6 7.7 117	
-2.9 -2.8 7.9 8.0 57	
-2.9 -2.8 8.2 8.3 34	
-2.9 -2.8 9.5 9.6 1	
-3.0 -2.9 -0.1 0.0 24732	
-3.0 -2.9 -0.6 -0.5 21881	
-3.0 -2.9 -1.7 -1.6 16029	
-3.0 -2.9 -2.0 -1.9 17581	
-3.0 -2.9 -2.3 -2.2 19987	
-3.0 -2.9 -3.4 -3.3 22860	
-3.0 -2.9 -3.8 -3.7 18546	
-3.0 -2.9 -4.9 -4.8 4414	
-3.0 -2.9 -5.1 -5.0 3141	
-3.0 -2.9 -5.5 -5.4 1437	
-3.0 -2.9 -6.6 -6.5 321	
-3.0 -2.9 -7.2 -7.1 168	
-3.0 -2.9 -7.7 -7.6 81	
-3.0 -2.9 -8.0 -7.9 49	
-3.0 -2.9 -8.3 -8.2 25	
-3.0 -2.9 -9.8 -9.7 1	
-3.0 -2.9 0.6 0.7 21159	
-3.0 -2.9 0.8 0.9 19075	
-3.0 -2.9 1.2 1.3 16222	
-3.0 -2.9 2.5 2.6 23058	
-3.0 -2.9 3.1 3.2 24087	
-3.0 -2.9 3.8 3.9 16864	
-3.0 -2.9 4.4 4.5 8481	
-3.0 -2.9 5.7 5.8 867	
-3.0 -2.9 6.1 6.2 458	
-3.0 -2.9 6.8 6.9 208	
-3.0 -2.9 7.4 7.5 117	
-3.0 -2.9 8.0 8.1 34	
-3.0 -2.9 8.7 8.8 14	
-3.0 -2.9 9.3 9.4 1	
-3.1 -3.0 -0.8 -0.7 20350	
-3.1 -3.0 -1.4 -1.3 16108	
-3.1 -3.0 -2.5 -2.4 21969	
-3.1 -3.0 -2.9 -2.8 24177	
-3.1 -3.0 -3.1 -3.0 24497	
-3.1 -3.0 -4.2 -4.1 12426	
-3.1 -3.0 -5.7 -5.6 927	
-3.1 -3.0 -6.0 -5.9 524	
-3.1 -3.0 -6.8 -6.7 205	
-3.1 -3.0 -7.4 -7.3 103	
-3.1 -3.0 -8.5 -8.4 16	
-3.1 -3.0 -8.9 -8.8 8	
-3.1 -3.0 -9.1 -9.0 2	
-3.1 -3.0 0.1 0.2 24394	
-3.1 -3.0 0.8 0.9 19219	
-3.1 -3.0 1.4 1.5 15376	
-3.1 -3.0 2.0 2.1 18293	
-3.1 -3.0 2.7 2.8 24078	
-3.1 -3.0 3.1 3.2 23686	
-3.1 -3.0 4.4 4.5 8531	
-3.1 -3.0 5.0 5.1 2971	
-3.1 -3.0 5.7 5.8 761	
-3.1 -3.0 6.3 6.4 356	
-3.1 -3.0 7.6 7.7 57	
-3.1 -3.0 7.9 8.0 46	
-3.1 -3.0 8.0 8.1 29	
-3.1 -3.0 8.2 8.3 13	
-3.1 -3.0 9.3 9.4 1	
-3.2 -3.1 -0.1 0.0 24320	
-3.2 -3.1 -0.6 -0.5 21759	
-3.2 -3.1 -1.2 -1.1 16653	
-3.2 -3.1 -2.3 -2.2 19879	
-3.2 -3.1 -2.7 -2.6 23079	
-3.2 -3.1 -3.8 -3.7 17954	
-3.2 -3.1 -4.4 -4.3 9582	
-3.2 -3.1 -5.5 -5.4 1268	
-3.2 -3.1 -6.1 -6.0 413	
-3.2 -3.1 -6.6 -6.5 192	
-3.2 -3.1 -7.2 -7.1 101	
-3.2 -3.1 -8.3 -8.2 16	
-3.2 -3.1 -8.7 -8.6 4	
-3.2 -3.1 0.1 0.2 24535	
-3.2 -3.1 0.8 0.9 19238	
-3.2 -3.1 1.2 1.3 16050	
-3.2 -3.1 2.5 2.6 22336	
-3.2 -3.1 3.1 3.2 23445	
-3.2 -3.1 3.8 3.9 16699	
-3.2 -3.1 4.4 4.5 8444	
-3.2 -3.1 5.0 5.1 3072	
-3.2 -3.1 5.7 5.8 722	
-3.2 -3.1 6.1 6.2 318	
-3.2 -3.1 6.3 6.4 253	
-3.2 -3.1 7.4 7.5 52	
-3.2 -3.1 8.0 8.1 19	
-3.2 -3.1 8.7 8.8 9	
-3.2 -3.1 9.3 9.4 2	
-3.3 -3.2 -0.8 -0.7 19632	
-3.3 -3.2 -1.9 -1.8 16430	
-3.3 -3.2 -2.1 -2.0 17900	
-3.3 -3.2 -2.5 -2.4 21007	
-3.3 -3.2 -3.6 -3.5 19933	
-3.3 -3.2 -4.2 -4.1 11943	
-3.3 -3.2 -5.0 -4.9 3604	
-3.3 -3.2 -5.3 -5.2 1871	
-3.3 -3.2 -5.7 -5.6 749	
-3.3 -3.2 -6.8 -6.7 100	
-3.3 -3.2 -7.9 -7.8 19	
-3.3 -3.2 -8.5 -8.4 3	
-3.3 -3.2 -9.6 -9.5 1	
-3.3 -3.2 0.6 0.7 20532	
-3.3 -3.2 0.9 1.0 18010	
-3.3 -3.2 1.2 1.3 15989	
-3.3 -3.2 2.5 2.6 22148	
-3.3 -3.2 3.1 3.2 22972	
-3.3 -3.2 3.8 3.9 16350	
-3.3 -3.2 4.2 4.3 10561	
-3.3 -3.2 4.4 4.5 8301	
-3.3 -3.2 5.5 5.6 1010	
-3.3 -3.2 6.1 6.2 269	
-3.3 -3.2 6.8 6.9 102	
-3.3 -3.2 7.4 7.5 36	
-3.3 -3.2 8.0 8.1 17	
-3.3 -3.2 8.7 8.8 3	
-3.4 -3.3 -0.6 -0.5 20934	
-3.4 -3.3 -1.2 -1.1 16184	
-3.4 -3.3 -1.7 -1.6 14994	
-3.4 -3.3 -2.0 -1.9 16415	
-3.4 -3.3 -2.3 -2.2 18798	
-3.4 -3.3 -3.4 -3.3 21365	
-3.4 -3.3 -3.8 -3.7 17178	
-3.4 -3.3 -4.9 -4.8 4100	
-3.4 -3.3 -5.1 -5.0 2817	
-3.4 -3.3 -5.5 -5.4 1209	
-3.4 -3.3 -6.6 -6.5 126	
-3.4 -3.3 -7.2 -7.1 43	
-3.4 -3.3 -8.0 -7.9 19	
-3.4 -3.3 -8.3 -8.2 4	
-3.4 -3.3 0.6 0.7 20012	
-3.4 -3.3 0.9 1.0 17653	
-3.4 -3.3 1.2 1.3 15688	
-3.4 -3.3 2.3 2.4 19667	
-3.4 -3.3 2.5 2.6 21207	
-3.4 -3.3 3.6 3.7 18020	
-3.4 -3.3 3.9 4.0 14362	
-3.4 -3.3 4.2 4.3 10384	
-3.4 -3.3 5.5 5.6 963	
-3.4 -3.3 6.1 6.2 223	
-3.4 -3.3 6.8 6.9 79	
-3.4 -3.3 7.4 7.5 36	
-3.4 -3.3 8.5 8.6 1	
-3.5 -3.4 -0.4 -0.3 21732	
-3.5 -3.4 -0.8 -0.7 18936	
-3.5 -3.4 -1.9 -1.8 15285	
-3.5 -3.4 -2.1 -2.0 16526	
-3.5 -3.4 -3.6 -3.5 18499	
-3.5 -3.4 -4.7 -4.6 5602	
-3.5 -3.4 -5.0 -4.9 3249	
-3.5 -3.4 -5.3 -5.2 1813	
-3.5 -3.4 -6.4 -6.3 120	
-3.5 -3.4 -6.8 -6.7 65	
-3.5 -3.4 -7.9 -7.8 13	
-3.5 -3.4 -8.1 -8.0 7	
-3.5 -3.4 -8.5 -8.4 3	
-3.5 -3.4 0.4 0.5 21294	
-3.5 -3.4 0.6 0.7 19689	
-3.5 -3.4 0.9 1.0 16930	
-3.5 -3.4 1.0 1.1 16275	
-3.5 -3.4 1.7 1.8 14921	
-3.5 -3.4 2.3 2.4 18823	
-3.5 -3.4 3.6 3.7 17381	
-3.5 -3.4 3.9 4.0 13865	
-3.5 -3.4 4.2 4.3 9924	
-3.5 -3.4 5.5 5.6 873	
-3.5 -3.4 6.6 6.7 80	
-3.5 -3.4 6.9 7.0 45	
-3.5 -3.4 7.2 7.3 36	
-3.5 -3.4 8.5 8.6 2	
-3.6 -3.5 -0.1 0.0 22060	
-3.6 -3.5 -0.2 -0.1 21770	
-3.6 -3.5 -0.6 -0.5 19631	
-3.6 -3.5 -1.7 -1.6 13818	
-3.6 -3.5 -2.0 -1.9 15202	
-3.6 -3.5 -2.3 -2.2 16947	
-3.6 -3.5 -3.4 -3.3 19260	
-3.6 -3.5 -4.5 -4.4 7220	
-3.6 -3.5 -4.9 -4.8 3728	
-3.6 -3.5 -5.1 -5.0 2518	
-3.6 -3.5 -6.2 -6.1 199	
-3.6 -3.5 -6.6 -6.5 81	
-3.6 -3.5 -7.7 -7.6 14	
-3.6 -3.5 -8.0 -7.9 12	
-3.6 -3.5 -8.3 -8.2 7	
-3.6 -3.5 0.4 0.5 20377	
-3.6 -3.5 1.0 1.1 15514	
-3.6 -3.5 1.7 1.8 14002	
-3.6 -3.5 2.3 2.4 18071	
-3.6 -3.5 3.6 3.7 16829	
-3.6 -3.5 3.9 4.0 13243	
-3.6 -3.5 4.0 4.1 11738	
-3.6 -3.5 4.7 4.8 4455	
-3.6 -3.5 5.3 5.4 1319	
-3.6 -3.5 6.6 6.7 59	
-3.6 -3.5 6.9 7.0 25	
-3.6 -3.5 7.2 7.3 24	
-3.7 -3.6 -0.4 -0.3 20330	
-3.7 -3.6 -1.5 -1.4 12940	
-3.7 -3.6 -1.9 -1.8 13664	
-3.7 -3.6 -2.1 -2.0 14834	
-3.7 -3.6 -3.2 -3.1 18866	
-3.7 -3.6 -3.6 -3.5 16738	
-3.7 -3.6 -4.7 -4.6 5062	
-3.7 -3.6 -5.0 -4.9 2862	
-3.7 -3.6 -5.8 -5.7 514	
-3.7 -3.6 -6.4 -6.3 99	
-3.7 -3.6 -7.5 -7.4 13	
-3.7 -3.6 -7.9 -7.8 5	
-3.7 -3.6 -8.1 -8.0 6	
-3.7 -3.6 -9.2 -9.1 1	
-3.7 -3.6 0.4 0.5 19418	
-3.7 -3.6 1.7 1.8 13378	
-3.7 -3.6 2.1 2.2 15527	
-3.7 -3.6 2.8 2.9 19313	
-3.7 -3.6 3.4 3.5 17598	
-3.7 -3.6 4.0 4.1 11279	
-3.7 -3.6 4.7 4.8 4243	
-3.7 -3.6 5.3 5.4 1247	
-3.7 -3.6 6.6 6.7 58	
-3.7 -3.6 6.9 7.0 22	
-3.7 -3.6 7.0 7.1 23	
-3.7 -3.6 7.7 7.8 4	
-3.7 -3.6 8.3 8.4 1	
-3.8 -3.7 -0.2 -0.1 19798	
-3.8 -3.7 -1.3 -1.2 12938	
-3.8 -3.7 -1.7 -1.6 12473	
-3.8 -3.7 -2.8 -2.7 17912	
-3.8 -3.7 -3.4 -3.3 16921	
-3.8 -3.7 -4.5 -4.4 6446	
-3.8 -3.7 -5.1 -5.0 2240	
-3.8 -3.7 -6.2 -6.1 147	
-3.8 -3.7 -7.3 -7.2 11	
-3.8 -3.7 -7.7 -7.6 10	
-3.8 -3.7 -8.0 -7.9 6	
-3.8 -3.7 0.2 0.3 19626	
-3.8 -3.7 1.5 1.6 12221	
-3.8 -3.7 2.1 2.2 14729	
-3.8 -3.7 2.8 2.9 18577	
-3.8 -3.7 3.4 3.5 16322	
-3.8 -3.7 4.0 4.1 10266	
-3.8 -3.7 4.7 4.8 3820	
-3.8 -3.7 5.1 5.2 1848	
-3.8 -3.7 5.8 5.9 310	
-3.8 -3.7 6.4 6.5 63	
-3.8 -3.7 7.0 7.1 18	
-3.8 -3.7 7.7 7.8 9	
-3.8 -3.7 8.3 8.4 2	
-3.9 -3.8 -0.9 -0.8 15252	
-3.9 -3.8 -1.5 -1.4 11711	
-3.9 -3.8 -2.6 -2.5 15999	
-3.9 -3.8 -3.2 -3.1 16476	
-3.9 -3.8 -4.0 -3.9 10769	
-3.9 -3.8 -4.3 -4.2 7670	
-3.9 -3.8 -4.7 -4.6 4310	
-3.9 -3.8 -5.8 -5.7 427	
-3.9 -3.8 -6.9 -6.8 22	
-3.9 -3.8 -7.5 -7.4 4	
-3.9 -3.8 0.2 0.3 18671	
-3.9 -3.8 1.5 1.6 11404	
-3.9 -3.8 2.1 2.2 13570	
-3.9 -3.8 2.8 2.9 16902	
-3.9 -3.8 3.2 3.3 16304	
-3.9 -3.8 4.5 4.6 4958	
-3.9 -3.8 5.1 5.2 1660	
-3.9 -3.8 5.8 5.9 294	
-3.9 -3.8 6.4 6.5 76	
-3.9 -3.8 7.0 7.1 13	
-3.9 -3.8 7.7 7.8 5	
-4.0 -3.9 -0.9 -0.8 14086	
-4.0 -3.9 -1.5 -1.4 10868	
-4.0 -3.9 -2.6 -2.5 14473	
-4.0 -3.9 -3.2 -3.1 15355	
-4.0 -3.9 -4.0 -3.9 9512	
-4.0 -3.9 -4.3 -4.2 6942	
-4.0 -3.9 -4.7 -4.6 3868	
-4.0 -3.9 -5.8 -5.7 331	
-4.0 -3.9 -6.9 -6.8 16	
-4.0 -3.9 -7.5 -7.4 2	
-4.0 -3.9 -8.6 -8.5 1	
-4.0 -3.9 0.0 0.1 18576	
-4.0 -3.9 0.7 0.8 14934	
-4.0 -3.9 1.3 1.4 11250	
-4.0 -3.9 2.6 2.7 14935	
-4.0 -3.9 2.9 3.0 15362	
-4.0 -3.9 3.2 3.3 14789	
-4.0 -3.9 4.3 4.4 6183	
-4.0 -3.9 5.6 5.7 511	
-4.0 -3.9 5.9 6.0 208	
-4.0 -3.9 6.2 6.3 75	
-4.0 -3.9 7.5 7.6 2	
-4.1 -4.0 -0.1 0.0 17450	
-4.1 -4.0 -0.2 -0.1 17394	
-4.1 -4.0 -0.6 -0.5 15603	
-4.1 -4.0 -1.7 -1.6 10035	
-4.1 -4.0 -2.0 -1.9 10519	
-4.1 -4.0 -2.3 -2.2 11826	
-4.1 -4.0 -3.4 -3.3 12937	
-4.1 -4.0 -4.9 -4.8 2501	
-4.1 -4.0 -5.1 -5.0 1704	
-4.1 -4.0 -6.2 -6.1 119	
-4.1 -4.0 -6.6 -6.5 23	
-4.1 -4.0 -7.7 -7.6 1	
-4.1 -4.0 -8.0 -7.9 1	
-4.1 -4.0 0.2 0.3 17179	
-4.1 -4.0 1.5 1.6 9969	
-4.1 -4.0 2.6 2.7 13454	
-4.1 -4.0 2.9 3.0 14044	
-4.1 -4.0 3.2 3.3 13446	
-4.1 -4.0 4.5 4.6 4116	
-4.1 -4.0 5.1 5.2 1373	
-4.1 -4.0 5.8 5.9 230	
-4.1 -4.0 6.4 6.5 50	
-4.1 -4.0 7.5 7.6 2	
-4.2 -4.1 -0.4 -0.3 15796	
-4.2 -4.1 -1.5 -1.4 9394	
-4.2 -4.1 -1.9 -1.8 9384	
-4.2 -4.1 -2.1 -2.0 10026	
-4.2 -4.1 -3.2 -3.1 12322	
-4.2 -4.1 -3.6 -3.5 10632	
-4.2 -4.1 -4.7 -4.6 3153	
-4.2 -4.1 -5.0 -4.9 1868	
-4.2 -4.1 -5.3 -5.2 1025	
-4.2 -4.1 -5.8 -5.7 286	
-4.2 -4.1 -6.4 -6.3 46	
-4.2 -4.1 -7.5 -7.4 4	
-4.2 -4.1 0.0 0.1 16904	
-4.2 -4.1 0.7 0.8 13572	
-4.2 -4.1 1.3 1.4 9882	
-4.2 -4.1 2.6 2.7 12016	
-4.2 -4.1 2.9 3.0 12577	
-4.2 -4.1 3.2 3.3 11991	
-4.2 -4.1 4.5 4.6 3714	
-4.2 -4.1 5.6 5.7 361	
-4.2 -4.1 5.9 6.0 170	
-4.2 -4.1 6.2 6.3 77	
-4.3 -4.2 -0.2 -0.1 16342	
-4.3 -4.2 -1.3 -1.2 9815	
-4.3 -4.2 -1.7 -1.6 8402	
-4.3 -4.2 -2.0 -1.9 8783	
-4.3 -4.2 -2.8 -2.7 10907	
-4.3 -4.2 -3.4 -3.3 10192	
-4.3 -4.2 -4.5 -4.4 3813	
-4.3 -4.2 -5.1 -5.0 1309	
-4.3 -4.2 -6.2 -6.1 63	
-4.3 -4.2 -7.7 -7.6 3	
-4.3 -4.2 -8.0 -7.9 2	
-4.3 -4.2 0.0 0.1 16202	
-4.3 -4.2 0.7 0.8 13092	
-4.3 -4.2 1.3 1.4 9341	
-4.3 -4.2 2.6 2.7 10739	
-4.3 -4.2 2.9 3.0 11073	
-4.3 -4.2 3.0 3.1 11297	
-4.3 -4.2 3.7 3.8 8407	
-4.3 -4.2 4.3 4.4 4517	
-4.3 -4.2 5.6 5.7 331	
-4.3 -4.2 5.9 6.0 133	
-4.3 -4.2 6.2 6.3 57	
-4.3 -4.2 7.5 7.6 1	
-4.4 -4.3 -0.4 -0.3 14986	
-4.4 -4.3 -0.9 -0.8 12016	
-4.4 -4.3 -1.5 -1.4 8369	
-4.4 -4.3 -2.6 -2.5 9306	
-4.4 -4.3 -3.2 -3.1 9640	
-4.4 -4.3 -4.3 -4.2 4573	
-4.4 -4.3 -4.7 -4.6 2387	
-4.4 -4.3 -5.8 -5.7 191	
-4.4 -4.3 -6.4 -6.3 35	
-4.4 -4.3 -6.9 -6.8 11	
-4.4 -4.3 -7.5 -7.4 2	
-4.4 -4.3 0.0 0.1 15992	
-4.4 -4.3 0.7 0.8 12639	
-4.4 -4.3 1.1 1.2 9961	
-4.4 -4.3 1.8 1.9 7689	
-4.4 -4.3 2.4 2.5 9013	
-4.4 -4.3 3.0 3.1 9741	
-4.4 -4.3 3.7 3.8 7394	
-4.4 -4.3 4.3 4.4 3784	
-4.4 -4.3 5.6 5.7 316	
-4.4 -4.3 5.9 6.0 129	
-4.4 -4.3 6.0 6.1 98	
-4.4 -4.3 6.7 6.8 9	
-4.4 -4.3 7.3 7.4 1	
-4.5 -4.4 -0.2 -0.1 15657	
-4.5 -4.4 -1.0 -0.9 10917	
-4.5 -4.4 -1.3 -1.2 8944	
-4.5 -4.4 -2.8 -2.7 8488	
-4.5 -4.4 -3.9 -3.8 5870	
-4.5 -4.4 -4.1 -4.0 4861	
-4.5 -4.4 -4.5 -4.4 2956	
-4.5 -4.4 -5.6 -5.5 327	
-4.5 -4.4 -6.2 -6.1 60	
-4.5 -4.4 -7.0 -6.9 2	
-4.5 -4.4 -7.3 -7.2 1	
-4.5 -4.4 0.5 0.6 13959	
-4.5 -4.4 1.1 1.2 9667	
-4.5 -4.4 1.8 1.9 7179	
-4.5 -4.4 2.4 2.5 7893	
-4.5 -4.4 3.0 3.1 8531	
-4.5 -4.4 3.7 3.8 6298	
-4.5 -4.4 4.1 4.2 4378	
-4.5 -4.4 4.8 4.9 1462	
-4.5 -4.4 5.4 5.5 428	
-4.5 -4.4 6.0 6.1 96	
-4.5 -4.4 6.7 6.8 10	
-4.5 -4.4 7.3 7.4 2	
-4.6 -4.5 -0.9 -0.8 11624	
-4.6 -4.5 -1.1 -1.0 9952	
-4.6 -4.5 -1.5 -1.4 7635	
-4.6 -4.5 -2.6 -2.5 6899	
-4.6 -4.5 -3.7 -3.6 5968	
-4.6 -4.5 -4.0 -3.9 4558	
-4.6 -4.5 -4.3 -4.2 3370	
-4.6 -4.5 -5.4 -5.3 485	
-4.6 -4.5 -5.8 -5.7 182	
-4.6 -4.5 -6.9 -6.8 11	
-4.6 -4.5 -7.1 -7.0 2	
-4.6 -4.5 0.5 0.6 13693	
-4.6 -4.5 1.1 1.2 9213	
-4.6 -4.5 1.8 1.9 6580	
-4.6 -4.5 2.2 2.3 6748	
-4.6 -4.5 3.5 3.6 6242	
-4.6 -4.5 4.1 4.2 3623	
-4.6 -4.5 4.8 4.9 1279	
-4.6 -4.5 5.4 5.5 363	
-4.6 -4.5 6.0 6.1 69	
-4.6 -4.5 6.7 6.8 5	
-4.7 -4.6 -0.7 -0.6 13203	
-4.7 -4.6 -1.0 -0.9 10664	
-4.7 -4.6 -1.3 -1.2 8519	
-4.7 -4.6 -2.4 -2.3 6004	
-4.7 -4.6 -3.9 -3.8 4321	
-4.7 -4.6 -4.1 -4.0 3562	
-4.7 -4.6 -5.2 -5.1 642	
-4.7 -4.6 -5.6 -5.5 211	
-4.7 -4.6 -6.7 -6.6 12	
-4.7 -4.6 -7.3 -7.2 1	
-4.7 -4.6 0.3 0.4 14851	
-4.7 -4.6 1.6 1.7 6348	
-4.7 -4.6 1.9 2.0 5857	
-4.7 -4.6 2.2 2.3 5916	
-4.7 -4.6 3.5 3.6 5437	
-4.7 -4.6 4.1 4.2 3182	
-4.7 -4.6 4.8 4.9 1090	
-4.7 -4.6 5.2 5.3 501	
-4.7 -4.6 6.5 6.6 11	
-4.8 -4.7 -0.5 -0.4 14604	
-4.8 -4.7 -0.9 -0.8 11713	
-4.8 -4.7 -1.1 -1.0 10102	
-4.8 -4.7 -2.2 -2.1 5114	
-4.8 -4.7 -2.6 -2.5 5284	
-4.8 -4.7 -3.7 -3.6 4262	
-4.8 -4.7 -4.0 -3.9 3313	
-4.8 -4.7 -4.3 -4.2 2334	
-4.8 -4.7 -4.8 -4.7 1159	
-4.8 -4.7 -5.4 -5.3 334	
-4.8 -4.7 -6.5 -6.4 19	
-4.8 -4.7 -6.9 -6.8 4	
-4.8 -4.7 -7.1 -7.0 3	
-4.8 -4.7 0.3 0.4 15221	
-4.8 -4.7 1.6 1.7 6300	
-4.8 -4.7 1.9 2.0 5472	
-4.8 -4.7 2.2 2.3 5131	
-4.8 -4.7 3.3 3.4 4863	
-4.8 -4.7 4.6 4.7 1354	
-4.8 -4.7 4.9 5.0 859	
-4.8 -4.7 5.2 5.3 374	
-4.8 -4.7 6.5 6.6 8	
-4.8 -4.7 7.1 7.2 1	
-4.8 -4.7 8.2 8.3 1	
-4.9 -4.8 -0.3 -0.2 16130	
-4.9 -4.8 -0.7 -0.6 13844	
-4.9 -4.8 -1.0 -0.9 11151	
-4.9 -4.8 -1.8 -1.7 5698	
-4.9 -4.8 -2.4 -2.3 4724	
-4.9 -4.8 -3.5 -3.4 3893	
-4.9 -4.8 -3.9 -3.8 3051	
-4.9 -4.8 -4.1 -4.0 2470	
-4.9 -4.8 -5.2 -5.1 455	
-4.9 -4.8 -6.7 -6.6 3	
-4.9 -4.8 -7.0 -6.9 3	
-4.9 -4.8 0.3 0.4 15723	
-4.9 -4.8 1.4 1.5 7202	
-4.9 -4.8 1.9 2.0 5035	
-4.9 -4.8 2.0 2.1 4873	
-4.9 -4.8 2.7 2.8 4533	
-4.9 -4.8 3.3 3.4 4196	
-4.9 -4.8 4.6 4.7 1036	
-4.9 -4.8 4.9 5.0 643	
-4.9 -4.8 5.2 5.3 336	
-4.9 -4.8 6.3 6.4 18	
-4.9 -4.8 6.5 6.6 6	
-5.0 -4.9 -0.3 -0.2 16788	
-5.0 -4.9 -0.7 -0.6 14097	
-5.0 -4.9 -1.0 -0.9 11235	
-5.0 -4.9 -1.8 -1.7 5339	
-5.0 -4.9 -2.4 -2.3 3859	
-5.0 -4.9 -3.5 -3.4 3246	
-5.0 -4.9 -3.9 -3.8 2504	
-5.0 -4.9 -4.1 -4.0 2040	
-5.0 -4.9 -5.2 -5.1 348	
-5.0 -4.9 -6.7 -6.6 5	
-5.0 -4.9 -7.0 -6.9 4	
-5.0 -4.9 0.1 0.2 17186	
-5.0 -4.9 0.8 0.9 12393	
-5.0 -4.9 1.4 1.5 7161	
-5.0 -4.9 2.5 2.6 3962	
-5.0 -4.9 2.7 2.8 3766	
-5.0 -4.9 3.1 3.2 3715	
-5.0 -4.9 3.8 3.9 2582	
-5.0 -4.9 4.4 4.5 1272	
-5.0 -4.9 5.0 5.1 457	
-5.0 -4.9 5.7 5.8 79	
-5.0 -4.9 6.3 6.4 20	
-5.1 -5.0 -0.9 -0.8 12873	
-5.1 -5.0 -1.1 -1.0 10770	
-5.1 -5.0 -1.5 -1.4 7374	
-5.1 -5.0 -2.6 -2.5 3410	
-5.1 -5.0 -3.2 -3.1 3022	
-5.1 -5.0 -3.7 -3.6 2330	
-5.1 -5.0 -4.0 -3.9 1839	
-5.1 -5.0 -4.3 -4.2 1346	
-5.1 -5.0 -5.4 -5.3 191	
-5.1 -5.0 -5.8 -5.7 60	
-5.1 -5.0 -6.9 -6.8 4	
-5.1 -5.0 -7.1 -7.0 1	
-5.1 -5.0 0.1 0.2 18036	
-5.1 -5.0 0.8 0.9 12943	
-5.1 -5.0 1.4 1.5 7155	
-5.1 -5.0 2.0 2.1 4140	
-5.1 -5.0 2.7 2.8 3219	
-5.1 -5.0 3.3 3.4 2832	
-5.1 -5.0 4.6 4.7 749	
-5.1 -5.0 4.9 5.0 435	
-5.1 -5.0 5.0 5.1 366	
-5.1 -5.0 6.3 6.4 10	
-5.2 -5.1 -0.7 -0.6 15512	
-5.2 -5.1 -1.0 -0.9 12489	
-5.2 -5.1 -1.3 -1.2 9268	
-5.2 -5.1 -2.4 -2.3 3173	
-5.2 -5.1 -2.8 -2.7 2774	
-5.2 -5.1 -3.9 -3.8 1637	
-5.2 -5.1 -4.1 -4.0 1362	
-5.2 -5.1 -5.6 -5.5 93	
-5.2 -5.1 -6.7 -6.6 4	
-5.2 -5.1 0.1 0.2 18815	
-5.2 -5.1 0.8 0.9 13367	
-5.2 -5.1 1.4 1.5 7394	
-5.2 -5.1 2.0 2.1 3928	
-5.2 -5.1 2.7 2.8 2758	
-5.2 -5.1 3.1 3.2 2470	
-5.2 -5.1 4.4 4.5 839	
-5.2 -5.1 5.0 5.1 317	
-5.2 -5.1 5.7 5.8 58	
-5.2 -5.1 6.3 6.4 9	
-5.3 -5.2 -0.5 -0.4 17887	
-5.3 -5.2 -0.9 -0.8 13883	
-5.3 -5.2 -1.1 -1.0 11815	
-5.3 -5.2 -2.2 -2.1 3327	
-5.3 -5.2 -2.6 -2.5 2510	
-5.3 -5.2 -3.7 -3.6 1622	
-5.3 -5.2 -4.0 -3.9 1164	
-5.3 -5.2 -4.3 -4.2 896	
-5.3 -5.2 -5.4 -5.3 115	
-5.3 -5.2 -6.5 -6.4 7	
-5.3 -5.2 -6.9 -6.8 1	
-5.3 -5.2 0.1 0.2 19472	
-5.3 -5.2 0.8 0.9 14081	
-5.3 -5.2 1.2 1.3 9633	
-5.3 -5.2 2.5 2.6 2456	
-5.3 -5.2 3.1 3.2 2135	
-5.3 -5.2 3.8 3.9 1310	
-5.3 -5.2 4.4 4.5 688	
-5.3 -5.2 5.0 5.1 218	
-5.3 -5.2 5.7 5.8 37	
-5.3 -5.2 6.1 6.2 13	
-5.3 -5.2 6.3 6.4 6	
-5.4 -5.3 -0.7 -0.6 16762	
-5.4 -5.3 -1.0 -0.9 13498	
-5.4 -5.3 -1.8 -1.7 5201	
-5.4 -5.3 -2.4 -2.3 2613	
-5.4 -5.3 -3.5 -3.4 1387	
-5.4 -5.3 -3.9 -3.8 1065	
-5.4 -5.3 -4.1 -4.0 870	
-5.4 -5.3 -5.2 -5.1 160	
-5.4 -5.3 -5.6 -5.5 54	
-5.4 -5.3 -6.7 -6.6 3	
-5.4 -5.3 0.6 0.7 17046	
-5.4 -5.3 0.9 1.0 13163	
-5.4 -5.3 1.2 1.3 9723	
-5.4 -5.3 2.5 2.6 2177	
-5.4 -5.3 3.1 3.2 1677	
-5.4 -5.3 3.8 3.9 977	
-5.4 -5.3 4.2 4.3 657	
-5.4 -5.3 4.4 4.5 540	
-5.4 -5.3 5.5 5.6 55	
-5.4 -5.3 6.1 6.2 9	
-5.5 -5.4 -0.5 -0.4 19739	
-5.5 -5.4 -1.1 -1.0 12740	
-5.5 -5.4 -1.6 -1.5 6903	
-5.5 -5.4 -2.2 -2.1 2948	
-5.5 -5.4 -3.3 -3.2 1276	
-5.5 -5.4 -3.7 -3.6 1034	
-5.5 -5.4 -4.8 -4.7 254	
-5.5 -5.4 -5.4 -5.3 62	
-5.5 -5.4 -6.5 -6.4 4	
-5.5 -5.4 0.6 0.7 17655	
-5.5 -5.4 0.9 1.0 13973	
-5.5 -5.4 1.2 1.3 10152	
-5.5 -5.4 2.3 2.4 2336	
-5.5 -5.4 2.5 2.6 1853	
-5.5 -5.4 3.6 3.7 1023	
-5.5 -5.4 3.9 4.0 790	
-5.5 -5.4 4.2 4.3 509	
-5.5 -5.4 5.5 5.6 49	
-5.5 -5.4 6.1 6.2 7	
-5.6 -5.5 -0.3 -0.2 22003	
-5.6 -5.5 -0.7 -0.6 18273	
-5.6 -5.5 -1.8 -1.7 5221	
-5.6 -5.5 -2.9 -2.8 1368	
-5.6 -5.5 -3.5 -3.4 892	
-5.6 -5.5 -4.6 -4.5 293	
-5.6 -5.5 -5.2 -5.1 88	
-5.6 -5.5 -6.0 -5.9 11	
-5.6 -5.5 -6.3 -6.2 3	
-5.6 -5.5 -6.7 -6.6 1	
-5.6 -5.5 0.4 0.5 20282	
-5.6 -5.5 0.6 0.7 18265	
-5.6 -5.5 0.9 1.0 14285	
-5.6 -5.5 1.0 1.1 12950	
-5.6 -5.5 1.7 1.8 5299	
-5.6 -5.5 2.3 2.4 2151	
-5.6 -5.5 3.6 3.7 782	
-5.6 -5.5 3.9 4.0 565	
-5.6 -5.5 4.2 4.3 453	
-5.6 -5.5 5.5 5.6 36	
-5.6 -5.5 6.9 7.0 1	
-5.7 -5.6 -0.1 0.0 23318	
-5.7 -5.6 -0.5 -0.4 20942	
-5.7 -5.6 -1.6 -1.5 7229	
-5.7 -5.6 -2.2 -2.1 2762	
-5.7 -5.6 -3.0 -2.9 1012	
-5.7 -5.6 -3.3 -3.2 800	
-5.7 -5.6 -4.4 -4.3 292	
-5.7 -5.6 -4.8 -4.7 145	
-5.7 -5.6 -5.9 -5.8 9	
-5.7 -5.6 -6.1 -6.0 3	
-5.7 -5.6 -6.5 -6.4 1	
-5.7 -5.6 0.4 0.5 20889	
-5.7 -5.6 1.0 1.1 13499	
-5.7 -5.6 1.7 1.8 5302	
-5.7 -5.6 2.3 2.4 2031	
-5.7 -5.6 3.6 3.7 596	
-5.7 -5.6 3.9 4.0 468	
-5.7 -5.6 4.0 4.1 399	
-5.7 -5.6 4.7 4.8 178	
-5.7 -5.6 5.3 5.4 41	
-5.7 -5.6 6.6 6.7 3	
-5.8 -5.7 -0.3 -0.2 22879	
-5.8 -5.7 -1.4 -1.3 9560	
-5.8 -5.7 -1.8 -1.7 5453	
-5.8 -5.7 -2.9 -2.8 927	
-5.8 -5.7 -3.1 -3.0 750	
-5.8 -5.7 -4.6 -4.5 169	
-5.8 -5.7 -5.7 -5.6 24	
-5.8 -5.7 -6.0 -5.9 4	
-5.8 -5.7 -6.3 -6.2 3	
-5.8 -5.7 0.4 0.5 21529	
-5.8 -5.7 1.7 1.8 5357	
-5.8 -5.7 2.1 2.2 2695	
-5.8 -5.7 2.8 2.9 961	
-5.8 -5.7 3.4 3.5 553	
-5.8 -5.7 4.0 4.1 316	
-5.8 -5.7 4.7 4.8 111	
-5.8 -5.7 5.3 5.4 34	
-5.8 -5.7 6.6 6.7 1	
-5.8 -5.7 6.9 7.0 1	
-5.9 -5.8 -1.2 -1.1 12335	
-5.9 -5.8 -1.6 -1.5 7380	
-5.9 -5.8 -2.7 -2.6 1105	
-5.9 -5.8 -3.0 -2.9 685	
-5.9 -5.8 -3.3 -3.2 543	
-5.9 -5.8 -4.4 -4.3 165	
-5.9 -5.8 -5.5 -5.4 27	
-5.9 -5.8 -5.9 -5.8 6	
-5.9 -5.8 -6.1 -6.0 5	
-5.9 -5.8 0.2 0.3 23241	
-5.9 -5.8 1.5 1.6 7281	
-5.9 -5.8 2.1 2.2 2657	
-5.9 -5.8 2.8 2.9 836	
-5.9 -5.8 3.4 3.5 452	
-5.9 -5.8 4.0 4.1 257	
-5.9 -5.8 4.7 4.8 78	
-5.9 -5.8 5.1 5.2 41	
-5.9 -5.8 5.8 5.9 4	
-5.9 -5.8 6.4 6.5 1	
-6.0 -5.9 -1.2 -1.1 12655	
-6.0 -5.9 -1.6 -1.5 7248	
-6.0 -5.9 -2.7 -2.6 1021	
-6.0 -5.9 -3.0 -2.9 653	
-6.0 -5.9 -3.3 -3.2 437	
-6.0 -5.9 -4.4 -4.3 137	
-6.0 -5.9 -5.5 -5.4 15	
-6.0 -5.9 -5.9 -5.8 7	
-6.0 -5.9 -6.1 -6.0 2	
-6.0 -5.9 0.0 0.1 24201	
-6.0 -5.9 0.2 0.3 23535	
-6.0 -5.9 1.3 1.4 9734	
-6.0 -5.9 2.6 2.7 996	
-6.0 -5.9 2.9 3.0 631	
-6.0 -5.9 3.2 3.3 414	
-6.0 -5.9 4.5 4.6 94	
-6.0 -5.9 5.1 5.2 28	
-6.0 -5.9 5.8 5.9 6	
-6.1 -6.0 -0.3 -0.2 23337	
-6.1 -6.0 -0.7 -0.6 19653	
-6.1 -6.0 -1.8 -1.7 5226	
-6.1 -6.0 -2.4 -2.3 1732	
-6.1 -6.0 -2.9 -2.8 633	
-6.1 -6.0 -3.5 -3.4 288	
-6.1 -6.0 -4.6 -4.5 77	
-6.1 -6.0 -5.2 -5.1 21	
-6.1 -6.0 -6.3 -6.2 1	
-6.1 -6.0 -6.7 -6.6 1	
-6.1 -6.0 0.2 0.3 23414	
-6.1 -6.0 1.5 1.6 7521	
-6.1 -6.0 2.1 2.2 2649	
-6.1 -6.0 2.8 2.9 675	
-6.1 -6.0 3.4 3.5 261	
-6.1 -6.0 4.5 4.6 73	
-6.1 -6.0 5.1 5.2 25	
-6.1 -6.0 5.8 5.9 2	
-6.2 -6.1 -0.1 0.0 23799	
-6.2 -6.1 -0.5 -0.4 21412	
-6.2 -6.1 -1.6 -1.5 7192	
-6.2 -6.1 -2.2 -2.1 2430	
-6.2 -6.1 -3.0 -2.9 446	
-6.2 -6.1 -3.3 -3.2 280	
-6.2 -6.1 -4.8 -4.7 42	
-6.2 -6.1 -5.9 -5.8 1	
-6.2 -6.1 -6.1 -6.0 2	
-6.2 -6.1 -6.5 -6.4 1	
-6.2 -6.1 0.2 0.3 23088	
-6.2 -6.1 1.5 1.6 7208	
-6.2 -6.1 2.6 2.7 911	
-6.2 -6.1 2.9 3.0 491	
-6.2 -6.1 3.2 3.3 293	
-6.2 -6.1 4.5 4.6 53	
-6.2 -6.1 5.1 5.2 26	
-6.2 -6.1 5.8 5.9 6	
-6.2 -6.1 6.4 6.5 1	
-6.3 -6.2 -0.3 -0.2 22533	
-6.3 -6.2 -1.4 -1.3 9199	
-6.3 -6.2 -1.8 -1.7 5112	
-6.3 -6.2 -2.9 -2.8 525	
-6.3 -6.2 -3.1 -3.0 349	
-6.3 -6.2 -3.5 -3.4 177	
-6.3 -6.2 -4.6 -4.5 25	
-6.3 -6.2 -5.7 -5.6 4	
-6.3 -6.2 0.0 0.1 23249	
-6.3 -6.2 0.7 0.8 17438	
-6.3 -6.2 1.3 1.4 9414	
-6.3 -6.2 2.6 2.7 814	
-6.3 -6.2 2.9 3.0 443	
-6.3 -6.2 3.2 3.3 233	
-6.3 -6.2 4.5 4.6 39	
-6.3 -6.2 5.6 5.7 3	
-6.3 -6.2 5.9 6.0 1	
-6.3 -6.2 6.2 6.3 1	
-6.4 -6.3 -1.2 -1.1 11727	
-6.4 -6.3 -1.6 -1.5 6761	
-6.4 -6.3 -2.7 -2.6 773	
-6.4 -6.3 -3.0 -2.9 377	
-6.4 -6.3 -3.3 -3.2 204	
-6.4 -6.3 -4.4 -4.3 38	
-6.4 -6.3 -5.9 -5.8 1	
-6.4 -6.3 0.0 0.1 22607	
-6.4 -6.3 0.7 0.8 17188	
-6.4 -6.3 1.3 1.4 9038	
-6.4 -6.3 2.6 2.7 729	
-6.4 -6.3 2.9 3.0 370	
-6.4 -6.3 3.0 3.1 284	
-6.4 -6.3 3.7 3.8 88	
-6.4 -6.3 4.3 4.4 42	
-6.4 -6.3 5.6 5.7 3	
-6.4 -6.3 5.9 6.0 1	
-6.4 -6.3 6.2 6.3 2	
-6.5 -6.4 -0.8 -0.7 16303	
-6.5 -6.4 -1.4 -1.3 8662	
-6.5 -6.4 -2.5 -2.4 1122	
-6.5 -6.4 -2.9 -2.8 422	
-6.5 -6.4 -3.1 -3.0 294	
-6.5 -6.4 -4.2 -4.1 39	
-6.5 -6.4 -4.6 -4.5 13	
-6.5 -6.4 -5.7 -5.6 2	
-6.5 -6.4 0.0 0.1 21838	
-6.5 -6.4 0.7 0.8 16391	
-6.5 -6.4 1.1 1.2 11269	
-6.5 -6.4 1.8 1.9 3967	
-6.5 -6.4 2.4 2.5 1169	
-6.5 -6.4 3.0 3.1 273	
-6.5 -6.4 3.7 3.8 60	
-6.5 -6.4 4.3 4.4 23	
-6.5 -6.4 5.6 5.7 3	
-6.5 -6.4 6.7 6.8 1	
-6.6 -6.5 -0.1 0.0 20448	
-6.6 -6.5 -1.2 -1.1 10603	
-6.6 -6.5 -2.3 -2.2 1712	
-6.6 -6.5 -2.7 -2.6 694	
-6.6 -6.5 -3.0 -2.9 319	
-6.6 -6.5 -3.8 -3.7 39	
-6.6 -6.5 -4.4 -4.3 23	
-6.6 -6.5 -5.5 -5.4 2	
-6.6 -6.5 -5.9 -5.8 1	
-6.6 -6.5 -6.1 -6.0 1	
-6.6 -6.5 0.5 0.6 17588	
-6.6 -6.5 1.1 1.2 10501	
-6.6 -6.5 1.8 1.9 3839	
-6.6 -6.5 2.4 2.5 1025	
-6.6 -6.5 3.0 3.1 236	
-6.6 -6.5 3.7 3.8 49	
-6.6 -6.5 4.1 4.2 33	
-6.6 -6.5 4.8 4.9 8	
-6.7 -6.6 -0.8 -0.7 14675	
-6.7 -6.6 -1.4 -1.3 7782	
-6.7 -6.6 -1.9 -1.8 3399	
-6.7 -6.6 -2.5 -2.4 964	
-6.7 -6.6 -3.6 -3.5 57	
-6.7 -6.6 -4.2 -4.1 28	
-6.7 -6.6 -5.3 -5.2 2	
-6.7 -6.6 -5.7 -5.6 1	
-6.7 -6.6 0.5 0.6 16500	
-6.7 -6.6 1.1 1.2 10032	
-6.7 -6.6 1.8 1.9 3620	
-6.7 -6.6 2.2 2.3 1611	
-6.7 -6.6 3.5 3.6 69	
-6.7 -6.6 4.1 4.2 17	
-6.7 -6.6 4.8 4.9 4	
-6.7 -6.6 5.4 5.5 2	
-6.7 -6.6 6.0 6.1 1	
-6.8 -6.7 -0.6 -0.5 15623	
-6.8 -6.7 -1.2 -1.1 9293	
-6.8 -6.7 -2.0 -1.9 2792	
-6.8 -6.7 -2.3 -2.2 1495	
-6.8 -6.7 -3.8 -3.7 25	
-6.8 -6.7 -4.9 -4.8 3	
-6.8 -6.7 -5.1 -5.0 3	
-6.8 -6.7 0.3 0.4 17293	
-6.8 -6.7 1.6 1.7 4573	
-6.8 -6.7 1.9 2.0 2699	
-6.8 -6.7 2.2 2.3 1435	
-6.8 -6.7 3.5 3.6 55	
-6.8 -6.7 4.1 4.2 22	
-6.8 -6.7 4.8 4.9 1	
-6.8 -6.7 5.2 5.3 1	
-6.9 -6.8 -0.4 -0.3 15583	
-6.9 -6.8 -0.8 -0.7 12567	
-6.9 -6.8 -1.9 -1.8 2996	
-6.9 -6.8 -2.1 -2.0 2052	
-6.9 -6.8 -2.5 -2.4 786	
-6.9 -6.8 -3.6 -3.5 44	
-6.9 -6.8 -4.2 -4.1 12	
-6.9 -6.8 -4.7 -4.6 4	
-6.9 -6.8 -5.0 -4.9 2	
-6.9 -6.8 -5.3 -5.2 3	
-6.9 -6.8 0.3 0.4 15552	
-6.9 -6.8 1.6 1.7 4151	
-6.9 -6.8 1.9 2.0 2634	
-6.9 -6.8 2.2 2.3 1352	
-6.9 -6.8 3.3 3.4 83	
-6.9 -6.8 4.6 4.7 5	
-6.9 -6.8 4.9 5.0 2	
-6.9 -6.8 5.2 5.3 2	
-7.0 -6.9 -0.4 -0.3 14464	
-7.0 -6.9 -0.8 -0.7 11686	
-7.0 -6.9 -1.9 -1.8 2619	
-7.0 -6.9 -2.1 -2.0 1809	
-7.0 -6.9 -2.5 -2.4 788	
-7.0 -6.9 -3.6 -3.5 26	
-7.0 -6.9 -4.2 -4.1 2	
-7.0 -6.9 -5.0 -4.9 3	
-7.0 -6.9 -5.3 -5.2 1	
-7.0 -6.9 0.1 0.2 15060	
-7.0 -6.9 0.8 0.9 10558	
-7.0 -6.9 1.4 1.5 5252	
-7.0 -6.9 2.0 2.1 1878	
-7.0 -6.9 2.7 2.8 312	
-7.0 -6.9 3.3 3.4 76	
-7.0 -6.9 4.4 4.5 6	
-7.0 -6.9 4.6 4.7 4	
-7.0 -6.9 4.9 5.0 1	
-7.1 -7.0 -0.1 0.0 13669	
-7.1 -7.0 -1.2 -1.1 7157	
-7.1 -7.0 -2.7 -2.6 409	
-7.1 -7.0 -3.0 -2.9 150	
-7.1 -7.0 -3.8 -3.7 22	
-7.1 -7.0 -4.4 -4.3 3	
-7.1 -7.0 -5.5 -5.4 1	
-7.1 -7.0 0.3 0.4 13017	
-7.1 -7.0 1.6 1.7 3479	
-7.1 -7.0 1.9 2.0 2158	
-7.1 -7.0 2.0 2.1 1679	
-7.1 -7.0 2.7 2.8 331	
-7.1 -7.0 3.3 3.4 50	
-7.1 -7.0 4.6 4.7 1	
-7.1 -7.0 4.9 5.0 1	
-7.2 -7.1 -0.8 -0.7 9297	
-7.2 -7.1 -1.4 -1.3 5020	
-7.2 -7.1 -2.5 -2.4 596	
-7.2 -7.1 -3.1 -3.0 124	
-7.2 -7.1 -3.6 -3.5 19	
-7.2 -7.1 -4.2 -4.1 5	
-7.2 -7.1 -5.3 -5.2 1	
-7.2 -7.1 0.1 0.2 12113	
-7.2 -7.1 0.8 0.9 8506	
-7.2 -7.1 1.4 1.5 4307	
-7.2 -7.1 2.0 2.1 1515	
-7.2 -7.1 2.7 2.8 298	
-7.2 -7.1 3.3 3.4 52	
-7.2 -7.1 4.6 4.7 1	
-7.2 -7.1 4.9 5.0 2	
-7.2 -7.1 5.0 5.1 2	
-7.3 -7.2 -0.6 -0.5 9300	
-7.3 -7.2 -1.2 -1.1 5544	
-7.3 -7.2 -2.0 -1.9 1609	
-7.3 -7.2 -2.3 -2.2 848	
-7.3 -7.2 -2.7 -2.6 348	
-7.3 -7.2 -3.8 -3.7 12	
-7.3 -7.2 0.1 0.2 10788	
-7.3 -7.2 0.8 0.9 7640	
-7.3 -7.2 1.4 1.5 3818	
-7.3 -7.2 2.0 2.1 1275	
-7.3 -7.2 2.7 2.8 249	
-7.3 -7.2 3.1 3.2 77	
-7.3 -7.2 4.4 4.5 2	
-7.3 -7.2 5.0 5.1 1	
-7.4 -7.3 -0.4 -0.3 8951	
-7.4 -7.3 -0.8 -0.7 7365	
-7.4 -7.3 -1.9 -1.8 1809	
-7.4 -7.3 -2.1 -2.0 1230	
-7.4 -7.3 -2.5 -2.4 448	
-7.4 -7.3 -3.6 -3.5 18	
-7.4 -7.3 0.1 0.2 9406	
-7.4 -7.3 0.8 0.9 6782	
-7.4 -7.3 1.2 1.3 4493	
-7.4 -7.3 2.5 2.6 396	
-7.4 -7.3 3.1 3.2 79	
-7.4 -7.3 3.8 3.9 3	
-7.4 -7.3 4.4 4.5 2	
-7.5 -7.4 -0.6 -0.5 7417	
-7.5 -7.4 -1.7 -1.6 2144	
-7.5 -7.4 -2.0 -1.9 1288	
-7.5 -7.4 -2.3 -2.2 659	
-7.5 -7.4 -3.4 -3.3 26	
-7.5 -7.4 -3.8 -3.7 14	
-7.5 -7.4 0.6 0.7 6916	
-7.5 -7.4 0.9 1.0 5456	
-7.5 -7.4 1.2 1.3 3858	
-7.5 -7.4 2.5 2.6 334	
-7.5 -7.4 3.1 3.2 73	
-7.5 -7.4 3.8 3.9 10	
-7.5 -7.4 4.2 4.3 1	
-7.5 -7.4 4.4 4.5 1	
-7.6 -7.5 -0.4 -0.3 6656	
-7.6 -7.5 -1.5 -1.4 2502	
-7.6 -7.5 -1.9 -1.8 1299	
-7.6 -7.5 -2.1 -2.0 861	
-7.6 -7.5 -3.2 -3.1 43	
-7.6 -7.5 -3.6 -3.5 15	
-7.6 -7.5 -4.7 -4.6 1	
-7.6 -7.5 0.6 0.7 5837	
-7.6 -7.5 0.9 1.0 4538	
-7.6 -7.5 1.2 1.3 3206	
-7.6 -7.5 2.3 2.4 445	
-7.6 -7.5 2.5 2.6 279	
-7.6 -7.5 3.6 3.7 16	
-7.6 -7.5 3.9 4.0 3	
-7.6 -7.5 4.2 4.3 1	
-7.7 -7.6 -0.2 -0.1 6062	
-7.7 -7.6 -1.7 -1.6 1692	
-7.7 -7.6 -2.0 -1.9 908	
-7.7 -7.6 -2.8 -2.7 157	
-7.7 -7.6 -3.4 -3.3 21	
-7.7 -7.6 -4.5 -4.4 1	
-7.7 -7.6 0.4 0.5 5568	
-7.7 -7.6 0.6 0.7 4941	
-7.7 -7.6 0.9 1.0 3965	
-7.7 -7.6 1.0 1.1 3508	
-7.7 -7.6 1.7 1.8 1366	
-7.7 -7.6 2.3 2.4 393	
-7.7 -7.6 3.6 3.7 5	
-7.7 -7.6 3.9 4.0 2	
-7.7 -7.6 4.2 4.3 2	
-7.8 -7.7 -0.1 0.0 5116	
-7.8 -7.7 -0.4 -0.3 4909	
-7.8 -7.7 -1.5 -1.4 1729	
-7.8 -7.7 -2.1 -2.0 642	
-7.8 -7.7 -2.6 -2.5 183	
-7.8 -7.7 -3.2 -3.1 37	
-7.8 -7.7 -4.3 -4.2 1	
-7.8 -7.7 0.4 0.5 4702	
-7.8 -7.7 1.0 1.1 2945	
-7.8 -7.7 1.7 1.8 1077	
-7.8 -7.7 2.3 2.4 314	
-7.8 -7.7 3.6 3.7 8	
-7.8 -7.7 3.9 4.0 2	
-7.8 -7.7 4.0 4.1 2	
-7.8 -7.7 4.7 4.8 1	
-7.9 -7.8 -0.2 -0.1 4249	
-7.9 -7.8 -1.0 -0.9 2733	
-7.9 -7.8 -1.3 -1.2 1948	
-7.9 -7.8 -1.7 -1.6 1047	
-7.9 -7.8 -2.8 -2.7 95	
-7.9 -7.8 -3.9 -3.8 1	
-7.9 -7.8 0.4 0.5 3940	
-7.9 -7.8 1.7 1.8 944	
-7.9 -7.8 2.1 2.2 420	
-7.9 -7.8 2.8 2.9 83	
-7.9 -7.8 3.4 3.5 12	
-7.9 -7.8 4.0 4.1 3	
-8.0 -7.9 -0.2 -0.1 3468	
-8.0 -7.9 -1.0 -0.9 2322	
-8.0 -7.9 -1.3 -1.2 1663	
-8.0 -7.9 -1.7 -1.6 969	
-8.0 -7.9 -2.8 -2.7 86	
-8.0 -7.9 -3.9 -3.8 1	
-8.0 -7.9 -4.5 -4.4 2	
-8.0 -7.9 0.2 0.3 3433	
-8.0 -7.9 1.5 1.6 1071	
-8.0 -7.9 2.1 2.2 342	
-8.0 -7.9 2.8 2.9 60	
-8.0 -7.9 3.2 3.3 16	
-8.1 -8.0 -0.4 -0.3 2748	
-8.1 -8.0 -1.9 -1.8 543	
-8.1 -8.0 -2.1 -2.0 356	
-8.1 -8.0 -3.2 -3.1 26	
-8.1 -8.0 -3.6 -3.5 6	
-8.1 -8.0 0.2 0.3 2779	
-8.1 -8.0 0.4 0.5 2588	
-8.1 -8.0 1.5 1.6 897	
-8.1 -8.0 2.1 2.2 309	
-8.1 -8.0 2.8 2.9 46	
-8.1 -8.0 3.4 3.5 7	
-8.1 -8.0 4.0 4.1 1	
-8.2 -8.1 -0.2 -0.1 2300	
-8.2 -8.1 -0.6 -0.5 2020	
-8.2 -8.1 -1.7 -1.6 607	
-8.2 -8.1 -2.0 -1.9 324	
-8.2 -8.1 -2.3 -2.2 207	
-8.2 -8.1 -2.8 -2.7 47	
-8.2 -8.1 -3.4 -3.3 6	
-8.2 -8.1 -4.5 -4.4 1	
-8.2 -8.1 0.2 0.3 2301	
-8.2 -8.1 1.5 1.6 717	
-8.2 -8.1 2.1 2.2 225	
-8.2 -8.1 2.8 2.9 52	
-8.2 -8.1 3.4 3.5 7	
-8.3 -8.2 -0.4 -0.3 1799	
-8.3 -8.2 -1.5 -1.4 679	
-8.3 -8.2 -2.1 -2.0 240	
-8.3 -8.2 -3.2 -3.1 10	
-8.3 -8.2 0.2 0.3 1849	
-8.3 -8.2 1.5 1.6 547	
-8.3 -8.2 2.6 2.7 60	
-8.3 -8.2 2.9 3.0 25	
-8.3 -8.2 3.2 3.3 5	
-8.4 -8.3 -0.2 -0.1 1407	
-8.4 -8.3 -1.3 -1.2 686	
-8.4 -8.3 -1.7 -1.6 398	
-8.4 -8.3 -2.8 -2.7 39	
-8.4 -8.3 -3.4 -3.3 4	
-8.4 -8.3 -3.9 -3.8 1	
-8.4 -8.3 0.0 0.1 1456	
-8.4 -8.3 0.7 0.8 1113	
-8.4 -8.3 1.3 1.4 601	
-8.4 -8.3 2.6 2.7 36	
-8.4 -8.3 2.9 3.0 26	
-8.4 -8.3 3.2 3.3 8	
-8.5 -8.4 -0.9 -0.8 813	
-8.5 -8.4 -1.1 -1.0 713	
-8.5 -8.4 -1.5 -1.4 408	
-8.5 -8.4 -2.6 -2.5 60	
-8.5 -8.4 -3.2 -3.1 7	
-8.5 -8.4 0.0 0.1 1147	
-8.5 -8.4 0.7 0.8 880	
-8.5 -8.4 1.3 1.4 486	
-8.5 -8.4 2.6 2.7 28	
-8.5 -8.4 2.9 3.0 11	
-8.5 -8.4 3.0 3.1 13	
-8.5 -8.4 3.7 3.8 1	
-8.6 -8.5 -0.7 -0.6 762	
-8.6 -8.5 -1.0 -0.9 590	
-8.6 -8.5 -1.3 -1.2 409	
-8.6 -8.5 -2.4 -2.3 67	
-8.6 -8.5 -2.8 -2.7 23	
-8.6 -8.5 -4.1 -4.0 1	
-8.6 -8.5 0.0 0.1 939	
-8.6 -8.5 0.7 0.8 668	
-8.6 -8.5 1.1 1.2 493	
-8.6 -8.5 1.8 1.9 172	
-8.6 -8.5 2.4 2.5 42	
-8.6 -8.5 3.0 3.1 4	
-8.6 -8.5 4.3 4.4 1	
-8.7 -8.6 -0.1 0.0 749	
-8.7 -8.6 -0.9 -0.8 514	
-8.7 -8.6 -1.1 -1.0 410	
-8.7 -8.6 -2.2 -2.1 66	
-8.7 -8.6 -2.6 -2.5 21	
-8.7 -8.6 0.5 0.6 629	
-8.7 -8.6 1.1 1.2 391	
-8.7 -8.6 1.8 1.9 126	
-8.7 -8.6 2.4 2.5 26	
-8.7 -8.6 3.0 3.1 8	
-8.7 -8.6 3.7 3.8 1	
-8.8 -8.7 -0.7 -0.6 454	
-8.8 -8.7 -1.0 -0.9 338	
-8.8 -8.7 -1.3 -1.2 253	
-8.8 -8.7 -1.8 -1.7 132	
-8.8 -8.7 -2.4 -2.3 43	
-8.8 -8.7 -3.5 -3.4 2	
-8.8 -8.7 -4.1 -4.0 1	
-8.8 -8.7 0.5 0.6 476	
-8.8 -8.7 1.1 1.2 284	
-8.8 -8.7 1.8 1.9 101	
-8.8 -8.7 2.2 2.3 34	
-8.9 -8.8 -0.5 -0.4 379	
-8.9 -8.8 -0.9 -0.8 277	
-8.9 -8.8 -1.1 -1.0 243	
-8.9 -8.8 -2.2 -2.1 41	
-8.9 -8.8 0.3 0.4 349	
-8.9 -8.8 1.6 1.7 96	
-8.9 -8.8 1.9 2.0 67	
-8.9 -8.8 2.2 2.3 28	
-9.0 -8.9 -0.5 -0.4 252	
-9.0 -8.9 -0.9 -0.8 218	
-9.0 -8.9 -1.1 -1.0 185	
-9.0 -8.9 -2.2 -2.1 34	
-9.0 -8.9 -3.7 -3.6 1	
-9.0 -8.9 0.3 0.4 300	
-9.0 -8.9 1.4 1.5 111	
-9.0 -8.9 2.0 2.1 35	
-9.0 -8.9 2.7 2.8 6	
-9.0 -8.9 3.3 3.4 2	
-9.1 -9.0 -0.2 -0.1 253	
-9.1 -9.0 -0.7 -0.6 212	
-9.1 -9.0 -1.0 -0.9 148	
-9.1 -9.0 -1.3 -1.2 90	
-9.1 -9.0 -2.4 -2.3 17	
-9.1 -9.0 -2.8 -2.7 2	
-9.1 -9.0 0.3 0.4 234	
-9.1 -9.0 1.6 1.7 63	
-9.1 -9.0 1.9 2.0 40	
-9.1 -9.0 2.2 2.3 19	
-9.1 -9.0 3.5 3.6 1	
-9.2 -9.1 -0.1 0.0 152	
-9.2 -9.1 -0.9 -0.8 121	
-9.2 -9.1 -1.1 -1.0 108	
-9.2 -9.1 -2.6 -2.5 13	
-9.2 -9.1 0.3 0.4 134	
-9.2 -9.1 1.6 1.7 46	
-9.2 -9.1 1.9 2.0 30	
-9.2 -9.1 2.0 2.1 22	
-9.2 -9.1 2.7 2.8 5	
-9.2 -9.1 3.3 3.4 1	
-9.3 -9.2 -0.7 -0.6 108	
-9.3 -9.2 -1.0 -0.9 89	
-9.3 -9.2 -1.3 -1.2 51	
-9.3 -9.2 -2.4 -2.3 8	
-9.3 -9.2 0.1 0.2 119	
-9.3 -9.2 0.8 0.9 74	
-9.3 -9.2 1.4 1.5 42	
-9.3 -9.2 2.0 2.1 16	
-9.3 -9.2 2.7 2.8 3	
-9.4 -9.3 -0.5 -0.4 84	
-9.4 -9.3 -0.9 -0.8 50	
-9.4 -9.3 -1.1 -1.0 48	
-9.4 -9.3 -2.2 -2.1 8	
-9.4 -9.3 -2.6 -2.5 2	
-9.4 -9.3 0.1 0.2 89	
-9.4 -9.3 0.8 0.9 60	
-9.4 -9.3 1.4 1.5 35	
-9.4 -9.3 2.0 2.1 8	
-9.4 -9.3 2.7 2.8 1	
-9.5 -9.4 -0.3 -0.2 69	
-9.5 -9.4 -0.7 -0.6 48	
-9.5 -9.4 -1.8 -1.7 15	
-9.5 -9.4 -2.4 -2.3 4	
-9.5 -9.4 0.1 0.2 55	
-9.5 -9.4 0.8 0.9 46	
-9.5 -9.4 1.2 1.3 30	
-9.5 -9.4 2.5 2.6 1	
-9.6 -9.5 -0.5 -0.4 44	
-9.6 -9.5 -1.6 -1.5 12	
-9.6 -9.5 -2.2 -2.1 1	
-9.6 -9.5 -3.3 -3.2 1	
-9.6 -9.5 0.6 0.7 38	
-9.6 -9.5 0.9 1.0 36	
-9.6 -9.5 1.2 1.3 23	
-9.6 -9.5 2.5 2.6 1	
-9.7 -9.6 -0.3 -0.2 31	
-9.7 -9.6 -1.4 -1.3 12	
-9.7 -9.6 -1.8 -1.7 6	
-9.7 -9.6 -2.9 -2.8 1	
-9.7 -9.6 -3.1 -3.0 1	
-9.7 -9.6 0.6 0.7 26	
-9.7 -9.6 0.9 1.0 17	
-9.7 -9.6 1.2 1.3 13	
-9.7 -9.6 2.3 2.4 3	
-9.7 -9.6 3.6 3.7 1	
-9.8 -9.7 -1.6 -1.5 16	
-9.8 -9.7 0.4 0.5 23	
-9.8 -9.7 0.9 1.0 7	
-9.8 -9.7 1.0 1.1 16	
-9.8 -9.7 1.7 1.8 3	
-9.8 -9.7 2.3 2.4 2	
-9.9 -9.8 -0.3 -0.2 15	
-9.9 -9.8 -1.4 -1.3 6	
-9.9 -9.8 -2.5 -2.4 1	
-9.9 -9.8 0.4 0.5 8	
-9.9 -9.8 1.0 1.1 8	
-9.9 -9.8 1.7 1.8 5	
-9.9 -9.8 2.3 2.4 2	
0.0 0.1 -0.3 -0.2 1187	
0.0 0.1 -0.7 -0.6 1978	
0.0 0.1 -1.8 -1.7 11266	
0.0 0.1 -2.9 -2.8 24480	
0.0 0.1 -3.5 -3.4 22860	
0.0 0.1 -4.6 -4.5 15867	
0.0 0.1 -5.2 -5.1 18930	
0.0 0.1 -6.3 -6.2 23310	
0.0 0.1 -6.7 -6.6 19268	
0.0 0.1 -7.8 -7.7 5229	
0.0 0.1 -8.4 -8.3 1483	
0.0 0.1 -8.9 -8.8 390	
0.0 0.1 -9.5 -9.4 57	
0.0 0.1 0.1 0.2 1125	
0.0 0.1 0.8 0.9 2777	
0.0 0.1 1.4 1.5 7655	
0.0 0.1 10.3 10.4 3	
0.0 0.1 2.0 2.1 15675	
0.0 0.1 2.7 2.8 23932	
0.0 0.1 3.1 3.2 24310	
0.0 0.1 3.8 3.9 19449	
0.0 0.1 4.4 4.5 15681	
0.0 0.1 5.0 5.1 18105	
0.0 0.1 5.7 5.8 23751	
0.0 0.1 6.3 6.4 22501	
0.0 0.1 7.6 7.7 5981	
0.0 0.1 7.9 8.0 3622	
0.0 0.1 8.0 8.1 2888	
0.0 0.1 9.3 9.4 73	
0.1 0.2 -0.6 -0.5 1725	
0.1 0.2 -1.2 -1.1 4644	
0.1 0.2 -10.1 -10.0 7	
0.1 0.2 -10.6 -10.5 1	
0.1 0.2 -2.0 -1.9 14008	
0.1 0.2 -2.3 -2.2 18367	
0.1 0.2 -3.8 -3.7 20182	
0.1 0.2 -4.9 -4.8 16572	
0.1 0.2 -5.1 -5.0 18004	
0.1 0.2 -5.5 -5.4 21406	
0.1 0.2 -6.6 -6.5 20436	
0.1 0.2 -7.2 -7.1 12304	
0.1 0.2 -8.0 -7.9 3506	
0.1 0.2 -8.3 -8.2 1919	
0.1 0.2 -9.8 -9.7 29	
0.1 0.2 0.5 0.6 1700	
0.1 0.2 1.8 1.9 12639	
0.1 0.2 10.2 10.3 3	
0.1 0.2 10.6 10.7 1	
0.1 0.2 2.2 2.3 18351	
0.1 0.2 3.5 3.6 22035	
0.1 0.2 4.1 4.2 16892	
0.1 0.2 4.8 4.9 16460	
0.1 0.2 5.4 5.5 21215	
0.1 0.2 6.7 6.8 17792	
0.1 0.2 7.1 7.2 12347	
0.1 0.2 7.8 7.9 4212	
0.1 0.2 8.4 8.5 1247	
0.1 0.2 9.0 9.1 252	
0.1 0.2 9.7 9.8 31	
0.2 0.3 -0.9 -0.8 2834	
0.2 0.3 -1.1 -1.0 4013	
0.2 0.3 -1.5 -1.4 7405	
0.2 0.3 -10.1 -10.0 4	
0.2 0.3 -2.6 -2.5 21803	
0.2 0.3 -3.2 -3.1 23600	
0.2 0.3 -3.7 -3.6 20868	
0.2 0.3 -4.0 -3.9 17956	
0.2 0.3 -4.3 -4.2 15882	
0.2 0.3 -5.4 -5.3 20210	
0.2 0.3 -5.8 -5.7 23045	
0.2 0.3 -6.9 -6.8 16095	
0.2 0.3 -7.1 -7.0 13289	
0.2 0.3 -7.5 -7.4 7874	
0.2 0.3 -8.6 -8.5 904	
0.2 0.3 -9.2 -9.1 155	
0.2 0.3 -9.7 -9.6 36	
0.2 0.3 0.0 0.1 1207	
0.2 0.3 0.7 0.8 2534	
0.2 0.3 1.3 1.4 6416	
0.2 0.3 10.5 10.6 2	
0.2 0.3 2.6 2.7 22541	
0.2 0.3 2.9 3.0 23761	
0.2 0.3 3.2 3.3 23605	
0.2 0.3 4.5 4.6 15371	
0.2 0.3 5.6 5.7 22308	
0.2 0.3 5.9 6.0 23226	
0.2 0.3 6.2 6.3 22600	
0.2 0.3 7.5 7.6 6864	
0.2 0.3 8.1 8.2 2289	
0.2 0.3 8.8 8.9 379	
0.2 0.3 9.4 9.5 70	
0.3 0.4 -0.3 -0.2 1408	
0.3 0.4 -1.4 -1.3 6282	
0.3 0.4 -1.8 -1.7 10848	
0.3 0.4 -10.1 -10.0 3	
0.3 0.4 -10.6 -10.5 2	
0.3 0.4 -2.9 -2.8 23066	
0.3 0.4 -3.1 -3.0 23349	
0.3 0.4 -4.6 -4.5 14945	
0.3 0.4 -5.7 -5.6 21734	
0.3 0.4 -6.0 -5.9 22568	
0.3 0.4 -6.3 -6.2 21888	
0.3 0.4 -7.4 -7.3 9231	
0.3 0.4 -7.8 -7.7 4830	
0.3 0.4 -8.9 -8.8 375	
0.3 0.4 -9.1 -9.0 198	
0.3 0.4 0.4 0.5 1716	
0.3 0.4 1.0 1.1 3906	
0.3 0.4 1.7 1.8 10755	
0.3 0.4 2.3 2.4 18827	
0.3 0.4 3.4 3.5 22155	
0.3 0.4 3.9 4.0 17635	
0.3 0.4 4.0 4.1 17049	
0.3 0.4 4.7 4.8 15394	
0.3 0.4 5.3 5.4 19737	
0.3 0.4 6.6 6.7 18407	
0.3 0.4 6.9 7.0 14256	
0.3 0.4 7.2 7.3 10297	
0.3 0.4 8.3 8.4 1426	
0.3 0.4 8.5 8.6 893	
0.3 0.4 9.6 9.7 34	
0.4 0.5 -0.1 0.0 1479	
0.4 0.5 -0.2 -0.1 1492	
0.4 0.5 -0.6 -0.5 2018	
0.4 0.5 -1.7 -1.6 9402	
0.4 0.5 -11.0 -10.9 1	
0.4 0.5 -2.0 -1.9 13095	
0.4 0.5 -2.3 -2.2 17027	
0.4 0.5 -3.4 -3.3 21723	
0.4 0.5 -4.5 -4.4 14174	
0.4 0.5 -4.9 -4.8 15260	
0.4 0.5 -5.1 -5.0 16465	
0.4 0.5 -6.2 -6.1 21395	
0.4 0.5 -6.6 -6.5 18415	
0.4 0.5 -7.7 -7.6 5608	
0.4 0.5 -8.0 -7.9 3234	
0.4 0.5 -8.3 -8.2 1688	
0.4 0.5 -9.4 -9.3 78	
0.4 0.5 0.1 0.2 1509	
0.4 0.5 0.8 0.9 3044	
0.4 0.5 1.2 1.3 5408	
0.4 0.5 10.2 10.3 4	
0.4 0.5 2.5 2.6 20645	
0.4 0.5 3.1 3.2 22709	
0.4 0.5 3.8 3.9 17745	
0.4 0.5 4.4 4.5 14533	
0.4 0.5 5.0 5.1 16478	
0.4 0.5 5.7 5.8 21239	
0.4 0.5 6.3 6.4 20519	
0.4 0.5 7.4 7.5 7563	
0.4 0.5 8.0 8.1 2631	
0.4 0.5 8.7 8.8 464	
0.4 0.5 9.3 9.4 82	
0.4 0.5 9.9 10.0 7	
0.5 0.6 -0.5 -0.4 2017	
0.5 0.6 -0.9 -0.8 3109	
0.5 0.6 -1.1 -1.0 3973	
0.5 0.6 -10.3 -10.2 1	
0.5 0.6 -10.8 -10.7 1	
0.5 0.6 -2.2 -2.1 15222	
0.5 0.6 -2.6 -2.5 19727	
0.5 0.6 -3.7 -3.6 19154	
0.5 0.6 -4.0 -3.9 16474	
0.5 0.6 -4.8 -4.7 14131	
0.5 0.6 -5.4 -5.3 18040	
0.5 0.6 -6.5 -6.4 18707	
0.5 0.6 -6.9 -6.8 14461	
0.5 0.6 -7.1 -7.0 11734	
0.5 0.6 -8.2 -8.1 2079	
0.5 0.6 -8.6 -8.5 815	
0.5 0.6 -9.7 -9.6 27	
0.5 0.6 0.3 0.4 1922	
0.5 0.6 1.6 1.7 9119	
0.5 0.6 1.9 2.0 12672	
0.5 0.6 10.1 10.2 3	
0.5 0.6 2.2 2.3 16579	
0.5 0.6 3.5 3.6 19696	
0.5 0.6 4.1 4.2 15004	
0.5 0.6 4.8 4.9 14392	
0.5 0.6 5.2 5.3 17215	
0.5 0.6 6.5 6.6 17557	
0.5 0.6 7.1 7.2 10495	
0.5 0.6 7.8 7.9 3754	
0.5 0.6 8.4 8.5 1075	
0.5 0.6 9.0 9.1 194	
0.5 0.6 9.7 9.8 18	
0.6 0.7 -0.8 -0.7 2786	
0.6 0.7 -1.4 -1.3 5955	
0.6 0.7 -10.3 -10.2 1	
0.6 0.7 -2.5 -2.4 18140	
0.6 0.7 -3.1 -3.0 21339	
0.6 0.7 -4.2 -4.1 14248	
0.6 0.7 -5.3 -5.2 16005	
0.6 0.7 -5.7 -5.6 18758	
0.6 0.7 -6.0 -5.9 19606	
0.6 0.7 -6.8 -6.7 14652	
0.6 0.7 -7.4 -7.3 7797	
0.6 0.7 -8.5 -8.4 952	
0.6 0.7 -8.9 -8.8 325	
0.6 0.7 -9.1 -9.0 190	
0.6 0.7 0.0 0.1 1966	
0.6 0.7 0.7 0.8 2794	
0.6 0.7 1.3 1.4 5965	
0.6 0.7 2.6 2.7 19660	
0.6 0.7 2.9 3.0 21029	
0.6 0.7 3.0 3.1 20950	
0.6 0.7 4.3 4.4 13241	
0.6 0.7 5.6 5.7 18949	
0.6 0.7 5.9 6.0 19426	
0.6 0.7 6.2 6.3 19043	
0.6 0.7 7.5 7.6 5655	
0.6 0.7 8.8 8.9 305	
0.6 0.7 9.2 9.3 94	
0.7 0.8 -0.2 -0.1 2405	
0.7 0.8 -1.3 -1.2 5284	
0.7 0.8 -1.7 -1.6 8485	
0.7 0.8 -10.3 -10.2 4	
0.7 0.8 -2.8 -2.7 19609	
0.7 0.8 -3.4 -3.3 19278	
0.7 0.8 -4.5 -4.4 12373	
0.7 0.8 -5.6 -5.5 17194	
0.7 0.8 -6.2 -6.1 18053	
0.7 0.8 -7.3 -7.2 8330	
0.7 0.8 -7.7 -7.6 4628	
0.7 0.8 -8.8 -8.7 392	
0.7 0.8 -9.4 -9.3 72	
0.7 0.8 0.4 0.5 2517	
0.7 0.8 1.7 1.8 9566	
0.7 0.8 10.7 10.8 1	
0.7 0.8 2.1 2.2 14177	
0.7 0.8 2.8 2.9 19928	
0.7 0.8 3.4 3.5 18874	
0.7 0.8 4.0 4.1 14240	
0.7 0.8 4.7 4.8 12616	
0.7 0.8 5.3 5.4 15854	
0.7 0.8 6.6 6.7 14594	
0.7 0.8 6.9 7.0 11335	
0.7 0.8 7.0 7.1 10256	
0.7 0.8 7.7 7.8 4063	
0.7 0.8 8.3 8.4 1154	
0.7 0.8 9.6 9.7 19	
0.8 0.9 -0.5 -0.4 2964	
0.8 0.9 -1.6 -1.5 7614	
0.8 0.9 -10.0 -9.9 7	
0.8 0.9 -10.3 -10.2 3	
0.8 0.9 -2.2 -2.1 13670	
0.8 0.9 -3.0 -2.9 19154	
0.8 0.9 -3.3 -3.2 18808	
0.8 0.9 -3.7 -3.6 16238	
0.8 0.9 -4.8 -4.7 11509	
0.8 0.9 -5.9 -5.8 16833	
0.8 0.9 -6.5 -6.4 15110	
0.8 0.9 -7.6 -7.5 4992	
0.8 0.9 -8.2 -8.1 1693	
0.8 0.9 -9.0 -8.9 219	
0.8 0.9 -9.3 -9.2 95	
0.8 0.9 -9.7 -9.6 13	
0.8 0.9 0.6 0.7 3191	
0.8 0.9 0.9 1.0 3839	
0.8 0.9 1.2 1.3 5195	
0.8 0.9 10.1 10.2 3	
0.8 0.9 2.5 2.6 17416	
0.8 0.9 3.1 3.2 19080	
0.8 0.9 3.8 3.9 15241	
0.8 0.9 4.4 4.5 11615	
0.8 0.9 5.5 5.6 16094	
0.8 0.9 6.1 6.2 16355	
0.8 0.9 6.8 6.9 11611	
0.8 0.9 7.4 7.5 5725	
0.8 0.9 8.0 8.1 2009	
0.8 0.9 8.7 8.8 374	
0.8 0.9 9.3 9.4 56	
0.9 1.0 -0.3 -0.2 3337	
0.9 1.0 -1.4 -1.3 5833	
0.9 1.0 -2.9 -2.8 18026	
0.9 1.0 -3.1 -3.0 18416	
0.9 1.0 -4.2 -4.1 12160	
0.9 1.0 -4.6 -4.5 10915	
0.9 1.0 -5.7 -5.6 14856	
0.9 1.0 -6.0 -5.9 15457	
0.9 1.0 -6.3 -6.2 14779	
0.9 1.0 -7.4 -7.3 6140	
0.9 1.0 -8.9 -8.8 248	
0.9 1.0 -9.1 -9.0 152	
0.9 1.0 0.5 0.6 3560	
0.9 1.0 1.1 1.2 4683	
0.9 1.0 1.8 1.9 9933	
0.9 1.0 11.0 11.1 1	
0.9 1.0 2.4 2.5 15654	
0.9 1.0 3.5 3.6 16380	
0.9 1.0 4.1 4.2 11865	
0.9 1.0 4.8 4.9 10981	
0.9 1.0 5.4 5.5 13919	
0.9 1.0 6.0 6.1 15214	
0.9 1.0 6.7 6.8 11363	
0.9 1.0 7.3 7.4 6071	
0.9 1.0 8.6 8.7 410	
0.9 1.0 8.9 9.0 223	
0.9 1.0 9.0 9.1 154	
0.9 1.0 9.7 9.8 9	
1.0 1.1 -0.3 -0.2 3934	
1.0 1.1 -1.4 -1.3 5961	
1.0 1.1 -1.8 -1.7 8714	
1.0 1.1 -2.9 -2.8 17234	
1.0 1.1 -3.1 -3.0 17643	
1.0 1.1 -3.5 -3.4 16247	
1.0 1.1 -4.6 -4.5 9870	
1.0 1.1 -5.2 -5.1 11378	
1.0 1.1 -5.7 -5.6 13445	
1.0 1.1 -6.0 -5.9 13901	
1.0 1.1 -6.3 -6.2 13489	
1.0 1.1 -7.4 -7.3 5545	
1.0 1.1 -7.8 -7.7 3010	
1.0 1.1 -8.9 -8.8 242	
1.0 1.1 -9.1 -9.0 138	
1.0 1.1 -9.5 -9.4 35	
1.0 1.1 0.4 0.5 4017	
1.0 1.1 1.0 1.1 4783	
1.0 1.1 1.7 1.8 8677	
1.0 1.1 2.1 2.2 12421	
1.0 1.1 2.8 2.9 17331	
1.0 1.1 3.4 3.5 16088	
1.0 1.1 4.0 4.1 11805	
1.0 1.1 4.7 4.8 10046	
1.0 1.1 5.3 5.4 12430	
1.0 1.1 6.6 6.7 11084	
1.0 1.1 6.9 7.0 8809	
1.0 1.1 7.0 7.1 7866	
1.0 1.1 8.3 8.4 866	
1.0 1.1 9.6 9.7 18	
1.1 1.2 -0.6 -0.5 4557	
1.1 1.2 -1.7 -1.6 7557	
1.1 1.2 -10.3 -10.2 1	
1.1 1.2 -10.8 -10.7 1	
1.1 1.2 -2.0 -1.9 10233	
1.1 1.2 -2.3 -2.2 12804	
1.1 1.2 -3.4 -3.3 16136	
1.1 1.2 -3.8 -3.7 13416	
1.1 1.2 -4.9 -4.8 9547	
1.1 1.2 -5.1 -5.0 9875	
1.1 1.2 -6.6 -6.5 10678	
1.1 1.2 -7.7 -7.6 3149	
1.1 1.2 -8.0 -7.9 1769	
1.1 1.2 -8.3 -8.2 930	
1.1 1.2 -9.4 -9.3 50	
1.1 1.2 -9.8 -9.7 18	
1.1 1.2 0.8 0.9 4672	
1.1 1.2 1.2 1.3 5546	
1.1 1.2 10.2 10.3 1	
1.1 1.2 2.5 2.6 15414	
1.1 1.2 3.1 3.2 16833	
1.1 1.2 3.8 3.9 12707	
1.1 1.2 4.4 4.5 9709	
1.1 1.2 5.7 5.8 12398	
1.1 1.2 6.1 6.2 12367	
1.1 1.2 6.8 6.9 8670	
1.1 1.2 7.4 7.5 4336	
1.1 1.2 8.0 8.1 1496	
1.1 1.2 8.7 8.8 273	
1.1 1.2 9.3 9.4 50	
1.2 1.3 -0.5 -0.4 5463	
1.2 1.3 -0.9 -0.8 5326	
1.2 1.3 -1.1 -1.0 5490	
1.2 1.3 -10.3 -10.2 4	
1.2 1.3 -2.2 -2.1 11794	
1.2 1.3 -2.6 -2.5 14907	
1.2 1.3 -3.7 -3.6 13853	
1.2 1.3 -4.0 -3.9 11573	
1.2 1.3 -4.3 -4.2 9719	
1.2 1.3 -5.4 -5.3 9888	
1.2 1.3 -6.5 -6.4 9770	
1.2 1.3 -6.9 -6.8 7621	
1.2 1.3 -7.1 -7.0 6166	
1.2 1.3 -8.2 -8.1 1064	
1.2 1.3 -8.6 -8.5 436	
1.2 1.3 -9.7 -9.6 12	
1.2 1.3 0.3 0.4 5461	
1.2 1.3 1.6 1.7 7788	
1.2 1.3 1.9 2.0 10144	
1.2 1.3 10.5 10.6 1	
1.2 1.3 2.2 2.3 12646	
1.2 1.3 3.5 3.6 14612	
1.2 1.3 4.6 4.7 8527	
1.2 1.3 4.9 5.0 8607	
1.2 1.3 5.2 5.3 9510	
1.2 1.3 6.5 6.6 9383	
1.2 1.3 7.1 7.2 5678	
1.2 1.3 7.8 7.9 2038	
1.2 1.3 8.4 8.5 555	
1.2 1.3 9.5 9.6 12	
1.2 1.3 9.7 9.8 11	
1.3 1.4 -0.1 0.0 6547	
1.3 1.4 -0.8 -0.7 5806	
1.3 1.4 -1.4 -1.3 6333	
1.3 1.4 -2.5 -2.4 13870	
1.3 1.4 -2.9 -2.8 15721	
1.3 1.4 -3.1 -3.0 15901	
1.3 1.4 -4.2 -4.1 9798	
1.3 1.4 -4.6 -4.5 8113	
1.3 1.4 -5.7 -5.6 9414	
1.3 1.4 -6.0 -5.9 9718	
1.3 1.4 -6.8 -6.7 7151	
1.3 1.4 -7.4 -7.3 3832	
1.3 1.4 -8.5 -8.4 476	
1.3 1.4 -8.9 -8.8 174	
1.3 1.4 -9.1 -9.0 82	
1.3 1.4 0.0 0.1 6614	
1.3 1.4 0.7 0.8 5953	
1.3 1.4 1.3 1.4 6495	
1.3 1.4 10.4 10.5 1	
1.3 1.4 2.4 2.5 13854	
1.3 1.4 2.9 3.0 15981	
1.3 1.4 3.0 3.1 15788	
1.3 1.4 3.7 3.8 12599	
1.3 1.4 4.3 4.4 8808	
1.3 1.4 5.6 5.7 9512	
1.3 1.4 5.9 6.0 9845	
1.3 1.4 6.2 6.3 9228	
1.3 1.4 7.3 7.4 3841	
1.3 1.4 7.5 7.6 2910	
1.3 1.4 8.6 8.7 289	
1.3 1.4 8.9 9.0 130	
1.3 1.4 9.2 9.3 49	
1.4 1.5 -0.2 -0.1 7306	
1.4 1.5 -1.3 -1.2 6596	
1.4 1.5 -1.7 -1.6 8240	
1.4 1.5 -2.0 -1.9 10181	
1.4 1.5 -2.8 -2.7 15414	
1.4 1.5 -3.4 -3.3 14839	
1.4 1.5 -4.5 -4.4 7987	
1.4 1.5 -4.9 -4.8 7093	
1.4 1.5 -5.1 -5.0 7356	
1.4 1.5 -6.2 -6.1 8336	
1.4 1.5 -7.7 -7.6 2090	
1.4 1.5 -8.0 -7.9 1233	
1.4 1.5 -8.8 -8.7 202	
1.4 1.5 -9.4 -9.3 23	
1.4 1.5 0.2 0.3 7500	
1.4 1.5 0.4 0.5 7097	
1.4 1.5 1.5 1.6 7869	
1.4 1.5 10.7 10.8 1	
1.4 1.5 2.1 2.2 11549	
1.4 1.5 2.8 2.9 15603	
1.4 1.5 3.4 3.5 14261	
1.4 1.5 4.0 4.1 10279	
1.4 1.5 4.7 4.8 7311	
1.4 1.5 5.3 5.4 7775	
1.4 1.5 6.4 6.5 7748	
1.4 1.5 7.0 7.1 4858	
1.4 1.5 7.7 7.8 1811	
1.4 1.5 8.3 8.4 552	
1.4 1.5 9.6 9.7 11	
1.5 1.6 -0.5 -0.4 8139	
1.5 1.6 -1.6 -1.5 8057	
1.5 1.6 -10.5 -10.4 1	
1.5 1.6 -2.2 -2.1 11630	
1.5 1.6 -3.3 -3.2 15062	
1.5 1.6 -3.7 -3.6 13136	
1.5 1.6 -4.8 -4.7 6632	
1.5 1.6 -5.4 -5.3 6801	
1.5 1.6 -6.5 -6.4 6615	
1.5 1.6 -7.1 -7.0 4161	
1.5 1.6 -7.6 -7.5 2147	
1.5 1.6 -8.2 -8.1 712	
1.5 1.6 -9.3 -9.2 31	
1.5 1.6 -9.7 -9.6 4	
1.5 1.6 0.6 0.7 7711	
1.5 1.6 0.9 1.0 7205	
1.5 1.6 1.2 1.3 7072	
1.5 1.6 10.1 10.2 1	
1.5 1.6 2.5 2.6 14428	
1.5 1.6 3.1 3.2 15629	
1.5 1.6 3.8 3.9 11522	
1.5 1.6 4.2 4.3 8447	
1.5 1.6 5.5 5.6 7349	
1.5 1.6 6.1 6.2 7383	
1.5 1.6 6.8 6.9 4945	
1.5 1.6 7.4 7.5 2508	
1.5 1.6 8.0 8.1 867	
1.5 1.6 8.7 8.8 175	
1.5 1.6 9.1 9.2 38	
1.6 1.7 -0.8 -0.7 8398	
1.6 1.7 -1.9 -1.8 9781	
1.6 1.7 -10.5 -10.4 2	
1.6 1.7 -2.1 -2.0 11169	
1.6 1.7 -2.5 -2.4 13897	
1.6 1.7 -3.6 -3.5 13769	
1.6 1.7 -4.2 -4.1 9253	
1.6 1.7 -5.0 -4.9 5964	
1.6 1.7 -5.3 -5.2 5901	
1.6 1.7 -5.7 -5.6 6169	
1.6 1.7 -6.8 -6.7 4705	
1.6 1.7 -7.9 -7.8 1083	
1.6 1.7 -8.5 -8.4 323	
1.6 1.7 -9.6 -9.5 16	
1.6 1.7 0.3 0.4 9517	
1.6 1.7 1.6 1.7 8934	
1.6 1.7 1.9 2.0 10628	
1.6 1.7 2.0 2.1 11151	
1.6 1.7 3.3 3.4 15143	
1.6 1.7 4.6 4.7 6419	
1.6 1.7 4.9 5.0 5792	
1.6 1.7 5.2 5.3 5888	
1.6 1.7 6.5 6.6 5176	
1.6 1.7 7.8 7.9 983	
1.6 1.7 8.2 8.3 485	
1.6 1.7 9.5 9.6 7	
1.7 1.8 -0.2 -0.1 11166	
1.7 1.8 -1.0 -0.9 9035	
1.7 1.8 -1.3 -1.2 8412	
1.7 1.8 -2.4 -2.3 13590	
1.7 1.8 -2.8 -2.7 15792	
1.7 1.8 -3.9 -3.8 11707	
1.7 1.8 -4.1 -4.0 9933	
1.7 1.8 -4.5 -4.4 7207	
1.7 1.8 -5.6 -5.5 5270	
1.7 1.8 -6.2 -6.1 5304	
1.7 1.8 -7.0 -6.9 3328	
1.7 1.8 -7.3 -7.2 2332	
1.7 1.8 -8.4 -8.3 345	
1.7 1.8 -8.8 -8.7 100	
1.7 1.8 -9.9 -9.8 4	
1.7 1.8 0.7 0.8 9473	
1.7 1.8 1.1 1.2 8521	
1.7 1.8 1.8 1.9 10119	
1.7 1.8 2.4 2.5 14484	
1.7 1.8 3.0 3.1 16221	
1.7 1.8 3.7 3.8 12484	
1.7 1.8 4.3 4.4 7839	
1.7 1.8 5.6 5.7 5308	
1.7 1.8 5.9 6.0 5470	
1.7 1.8 6.0 6.1 5431	
1.7 1.8 6.7 6.8 3895	
1.7 1.8 7.3 7.4 2078	
1.7 1.8 8.6 8.7 157	
1.7 1.8 8.9 9.0 72	
1.7 1.8 9.2 9.3 33	
1.8 1.9 -0.1 0.0 12568	
1.8 1.9 -0.5 -0.4 11889	
1.8 1.9 -1.6 -1.5 9575	
1.8 1.9 -2.7 -2.6 16144	
1.8 1.9 -3.0 -2.9 16866	
1.8 1.9 -3.3 -3.2 16212	
1.8 1.9 -4.4 -4.3 7663	
1.8 1.9 -4.8 -4.7 5618	
1.8 1.9 -5.9 -5.8 4639	
1.8 1.9 -6.1 -6.0 4415	
1.8 1.9 -6.5 -6.4 3983	
1.8 1.9 -7.6 -7.5 1296	
1.8 1.9 -8.7 -8.6 120	
1.8 1.9 -9.0 -8.9 68	
1.8 1.9 -9.3 -9.2 22	
1.8 1.9 0.2 0.3 12548	
1.8 1.9 1.5 1.6 9405	
1.8 1.9 2.1 2.2 12783	
1.8 1.9 2.8 2.9 16457	
1.8 1.9 3.4 3.5 15166	
1.8 1.9 4.5 4.6 6699	
1.8 1.9 5.1 5.2 4669	
1.8 1.9 5.8 5.9 4601	
1.8 1.9 6.4 6.5 4053	
1.8 1.9 7.0 7.1 2476	
1.8 1.9 7.7 7.8 932	
1.8 1.9 8.3 8.4 276	
1.8 1.9 9.6 9.7 8	
1.8 1.9 9.9 10.0 1	
1.9 2.0 -0.8 -0.7 11703	
1.9 2.0 -1.4 -1.3 9932	
1.9 2.0 -10.0 -9.9 1	
1.9 2.0 -2.5 -2.4 15607	
1.9 2.0 -2.9 -2.8 17344	
1.9 2.0 -3.1 -3.0 17554	
1.9 2.0 -4.2 -4.1 9716	
1.9 2.0 -5.7 -5.6 3917	
1.9 2.0 -6.0 -5.9 3893	
1.9 2.0 -6.8 -6.7 2760	
1.9 2.0 -7.4 -7.3 1441	
1.9 2.0 -8.5 -8.4 173	
1.9 2.0 -8.9 -8.8 67	
1.9 2.0 -9.1 -9.0 26	
1.9 2.0 0.1 0.2 14053	
1.9 2.0 0.8 0.9 11334	
1.9 2.0 1.4 1.5 9960	
1.9 2.0 2.5 2.6 16153	
1.9 2.0 2.7 2.8 17242	
1.9 2.0 3.1 3.2 17106	
1.9 2.0 3.8 3.9 12601	
1.9 2.0 4.4 4.5 7087	
1.9 2.0 5.0 5.1 4356	
1.9 2.0 5.7 5.8 3822	
1.9 2.0 6.3 6.4 3419	
1.9 2.0 7.6 7.7 927	
1.9 2.0 7.9 8.0 531	
1.9 2.0 8.0 8.1 439	
1.9 2.0 8.7 8.8 87	
1.9 2.0 9.3 9.4 16	
10.0 10.1 -0.2 -0.1 5	
10.0 10.1 -0.6 -0.5 7	
10.0 10.1 -1.7 -1.6 1	
10.0 10.1 -2.0 -1.9 1	
10.0 10.1 -2.3 -2.2 1	
10.0 10.1 0.4 0.5 7	
10.0 10.1 1.0 1.1 2	
10.0 10.1 1.7 1.8 1	
10.0 10.1 2.1 2.2 1	
10.1 10.2 -0.4 -0.3 2	
10.1 10.2 -1.9 -1.8 1	
10.1 10.2 -2.1 -2.0 1	
10.1 10.2 0.2 0.3 4	
10.2 10.3 -0.2 -0.1 3	
10.2 10.3 -1.3 -1.2 2	
10.2 10.3 -1.7 -1.6 1	
10.2 10.3 0.2 0.3 3	
10.3 10.4 -0.4 -0.3 1	
10.3 10.4 -0.9 -0.8 1	
10.3 10.4 -1.5 -1.4 2	
10.3 10.4 0.2 0.3 4	
10.3 10.4 1.3 1.4 1	
10.4 10.5 -0.2 -0.1 1	
10.4 10.5 -1.0 -0.9 1	
10.4 10.5 0.0 0.1 1	
10.4 10.5 0.7 0.8 3	
10.4 10.5 1.3 1.4 1	
10.5 10.6 -0.9 -0.8 1	
10.5 10.6 -1.1 -1.0 1	
10.5 10.6 -1.5 -1.4 1	
10.5 10.6 0.0 0.1 2	
10.5 10.6 0.7 0.8 1	
10.5 10.6 1.3 1.4 1	
10.6 10.7 -0.7 -0.6 1	
10.6 10.7 0.5 0.6 2	
10.6 10.7 1.1 1.2 1	
10.8 10.9 -0.3 -0.2 1	
10.8 10.9 0.5 0.6 1	
10.9 11.0 0.5 0.6 1	
2.0 2.1 -0.3 -0.2 15258	
2.0 2.1 -1.4 -1.3 10803	
2.0 2.1 -2.5 -2.4 16336	
2.0 2.1 -2.9 -2.8 18125	
2.0 2.1 -3.1 -3.0 18297	
2.0 2.1 -4.2 -4.1 9823	
2.0 2.1 -4.6 -4.5 6531	
2.0 2.1 -5.7 -5.6 3317	
2.0 2.1 -6.0 -5.9 3114	
2.0 2.1 -6.3 -6.2 2880	
2.0 2.1 -7.4 -7.3 1117	
2.0 2.1 -8.9 -8.8 43	
2.0 2.1 -9.1 -9.0 31	
2.0 2.1 0.0 0.1 15511	
2.0 2.1 0.7 0.8 12850	
2.0 2.1 1.1 1.2 11202	
2.0 2.1 1.8 1.9 12043	
2.0 2.1 2.4 2.5 16254	
2.0 2.1 3.0 3.1 18424	
2.0 2.1 3.7 3.8 13799	
2.0 2.1 4.3 4.4 7980	
2.0 2.1 5.6 5.7 3241	
2.0 2.1 5.9 6.0 3178	
2.0 2.1 6.0 6.1 3079	
2.0 2.1 7.3 7.4 1224	
2.0 2.1 8.6 8.7 91	
2.0 2.1 8.9 9.0 36	
2.0 2.1 9.2 9.3 9	
2.0 2.1 9.9 10.0 1	
2.1 2.2 -0.2 -0.1 16869	
2.1 2.2 -0.6 -0.5 15364	
2.1 2.2 -1.7 -1.6 12034	
2.1 2.2 -2.0 -1.9 13494	
2.1 2.2 -2.8 -2.7 18970	
2.1 2.2 -3.4 -3.3 17965	
2.1 2.2 -4.5 -4.4 7391	
2.1 2.2 -4.9 -4.8 4663	
2.1 2.2 -5.1 -5.0 3755	
2.1 2.2 -6.2 -6.1 2488	
2.1 2.2 -6.6 -6.5 2020	
2.1 2.2 -7.7 -7.6 626	
2.1 2.2 -8.0 -7.9 337	
2.1 2.2 -8.3 -8.2 172	
2.1 2.2 -8.8 -8.7 50	
2.1 2.2 -9.4 -9.3 9	
2.1 2.2 0.2 0.3 16454	
2.1 2.2 1.5 1.6 11739	
2.1 2.2 2.1 2.2 14777	
2.1 2.2 2.8 2.9 19064	
2.1 2.2 3.4 3.5 17212	
2.1 2.2 4.7 4.8 5169	
2.1 2.2 5.1 5.2 3652	
2.1 2.2 5.8 5.9 2661	
2.1 2.2 6.4 6.5 2232	
2.1 2.2 7.0 7.1 1322	
2.1 2.2 7.7 7.8 539	
2.1 2.2 8.3 8.4 140	
2.1 2.2 9.6 9.7 5	
2.2 2.3 -0.5 -0.4 17178	
2.2 2.3 -1.1 -1.0 13348	
2.2 2.3 -2.2 -2.1 15655	
2.2 2.3 -3.3 -3.2 19580	
2.2 2.3 -3.7 -3.6 16574	
2.2 2.3 -4.0 -3.9 12894	
2.2 2.3 -4.8 -4.7 5223	
2.2 2.3 -5.4 -5.3 2896	
2.2 2.3 -6.5 -6.4 1796	
2.2 2.3 -6.9 -6.8 1349	
2.2 2.3 -7.1 -7.0 1105	
2.2 2.3 -8.2 -8.1 178	
2.2 2.3 -9.7 -9.6 3	
2.2 2.3 0.6 0.7 15981	
2.2 2.3 0.9 1.0 14114	
2.2 2.3 1.2 1.3 12489	
2.2 2.3 2.5 2.6 18591	
2.2 2.3 3.6 3.7 16192	
2.2 2.3 3.9 4.0 12927	
2.2 2.3 4.2 4.3 9471	
2.2 2.3 5.5 5.6 2476	
2.2 2.3 6.1 6.2 1986	
2.2 2.3 6.8 6.9 1354	
2.2 2.3 7.4 7.5 645	
2.2 2.3 8.5 8.6 69	
2.2 2.3 8.7 8.8 42	
2.2 2.3 9.1 9.2 11	
2.2 2.3 9.8 9.9 2	
2.3 2.4 -0.8 -0.7 16391	
2.3 2.4 -1.4 -1.3 13118	
2.3 2.4 -2.5 -2.4 18746	
2.3 2.4 -3.1 -3.0 20911	
2.3 2.4 -3.6 -3.5 18204	
2.3 2.4 -4.2 -4.1 11053	
2.3 2.4 -5.3 -5.2 2878	
2.3 2.4 -5.7 -5.6 2022	
2.3 2.4 -6.8 -6.7 1146	
2.3 2.4 -7.4 -7.3 630	
2.3 2.4 -8.5 -8.4 63	
2.3 2.4 -9.1 -9.0 14	
2.3 2.4 -9.6 -9.5 1	
2.3 2.4 0.3 0.4 18866	
2.3 2.4 1.4 1.5 12995	
2.3 2.4 1.9 2.0 14929	
2.3 2.4 2.0 2.1 15548	
2.3 2.4 2.7 2.8 20506	
2.3 2.4 3.3 3.4 19584	
2.3 2.4 4.6 4.7 5920	
2.3 2.4 4.9 5.0 3920	
2.3 2.4 5.2 5.3 2834	
2.3 2.4 6.5 6.6 1376	
2.3 2.4 7.6 7.7 402	
2.3 2.4 7.9 8.0 234	
2.3 2.4 8.2 8.3 119	
2.4 2.5 -0.2 -0.1 20727	
2.4 2.5 -1.0 -0.9 15621	
2.4 2.5 -1.3 -1.2 14089	
2.4 2.5 -1.7 -1.6 13930	
2.4 2.5 -10.2 -10.1 1	
2.4 2.5 -2.8 -2.7 21507	
2.4 2.5 -3.9 -3.8 15264	
2.4 2.5 -4.5 -4.4 7969	
2.4 2.5 -5.6 -5.5 1921	
2.4 2.5 -6.2 -6.1 1225	
2.4 2.5 -7.0 -6.9 778	
2.4 2.5 -7.3 -7.2 552	
2.4 2.5 -7.7 -7.6 329	
2.4 2.5 -8.8 -8.7 26	
2.4 2.5 -9.9 -9.8 1	
2.4 2.5 0.5 0.6 18810	
2.4 2.5 1.1 1.2 14428	
2.4 2.5 1.8 1.9 15016	
2.4 2.5 2.4 2.5 19667	
2.4 2.5 3.0 3.1 22077	
2.4 2.5 3.7 3.8 16516	
2.4 2.5 4.3 4.4 9108	
2.4 2.5 5.4 5.5 2112	
2.4 2.5 6.0 6.1 1394	
2.4 2.5 6.7 6.8 876	
2.4 2.5 7.3 7.4 474	
2.4 2.5 8.6 8.7 33	
2.4 2.5 8.9 9.0 15	
2.4 2.5 9.2 9.3 2	
2.5 2.6 -0.5 -0.4 20618	
2.5 2.6 -1.6 -1.5 14394	
2.5 2.6 -2.2 -2.1 17774	
2.5 2.6 -3.0 -2.9 22551	
2.5 2.6 -3.3 -3.2 21746	
2.5 2.6 -4.4 -4.3 9206	
2.5 2.6 -4.8 -4.7 5390	
2.5 2.6 -5.9 -5.8 1264	
2.5 2.6 -6.1 -6.0 1109	
2.5 2.6 -6.5 -6.4 858	
2.5 2.6 -7.6 -7.5 264	
2.5 2.6 -8.2 -8.1 82	
2.5 2.6 -9.0 -8.9 14	
2.5 2.6 -9.3 -9.2 2	
2.5 2.6 0.2 0.3 21437	
2.5 2.6 1.5 1.6 14626	
2.5 2.6 2.1 2.2 18044	
2.5 2.6 2.8 2.9 22653	
2.5 2.6 3.2 3.3 21784	
2.5 2.6 4.5 4.6 7169	
2.5 2.6 5.1 5.2 2843	
2.5 2.6 5.8 5.9 1293	
2.5 2.6 6.4 6.5 890	
2.5 2.6 7.0 7.1 578	
2.5 2.6 7.7 7.8 236	
2.5 2.6 8.1 8.2 102	
2.5 2.6 9.4 9.5 2	
2.5 2.6 9.9 10.0 1	
2.6 2.7 -0.4 -0.3 22027	
2.6 2.7 -0.8 -0.7 18851	
2.6 2.7 -1.9 -1.8 16032	
2.6 2.7 -10.2 -10.1 1	
2.6 2.7 -2.1 -2.0 17532	
2.6 2.7 -2.5 -2.4 21250	
2.6 2.7 -3.6 -3.5 20114	
2.6 2.7 -4.7 -4.6 6197	
2.6 2.7 -5.0 -4.9 3834	
2.6 2.7 -5.3 -5.2 2398	
2.6 2.7 -6.4 -6.3 756	
2.6 2.7 -6.8 -6.7 536	
2.6 2.7 -7.9 -7.8 137	
2.6 2.7 -8.1 -8.0 106	
2.6 2.7 -8.5 -8.4 43	
2.6 2.7 -9.6 -9.5 2	
2.6 2.7 0.6 0.7 19696	
2.6 2.7 0.9 1.0 17127	
2.6 2.7 1.0 1.1 16459	
2.6 2.7 10.0 10.1 1	
2.6 2.7 2.3 2.4 20162	
2.6 2.7 3.6 3.7 18779	
2.6 2.7 3.9 4.0 14752	
2.6 2.7 4.2 4.3 11032	
2.6 2.7 5.5 5.6 1525	
2.6 2.7 6.1 6.2 875	
2.6 2.7 6.8 6.9 499	
2.6 2.7 7.2 7.3 300	
2.6 2.7 8.5 8.6 37	
2.6 2.7 9.1 9.2 6	
2.7 2.8 -0.1 0.0 24148	
2.7 2.8 -0.7 -0.6 20305	
2.7 2.8 -1.0 -0.9 17743	
2.7 2.8 -1.3 -1.2 15747	
2.7 2.8 -2.4 -2.3 20565	
2.7 2.8 -3.9 -3.8 16641	
2.7 2.8 -4.1 -4.0 13571	
2.7 2.8 -5.2 -5.1 2662	
2.7 2.8 -5.6 -5.5 1468	
2.7 2.8 -6.7 -6.6 510	
2.7 2.8 -7.0 -6.9 374	
2.7 2.8 -7.3 -7.2 258	
2.7 2.8 -8.4 -8.3 29	
2.7 2.8 -8.8 -8.7 11	
2.7 2.8 0.1 0.2 23677	
2.7 2.8 0.8 0.9 18635	
2.7 2.8 1.4 1.5 15289	
2.7 2.8 2.0 2.1 17981	
2.7 2.8 2.7 2.8 23585	
2.7 2.8 3.3 3.4 22345	
2.7 2.8 4.6 4.7 6245	
2.7 2.8 4.9 5.0 3827	
2.7 2.8 5.0 5.1 3221	
2.7 2.8 5.7 5.8 1072	
2.7 2.8 6.3 6.4 608	
2.7 2.8 7.6 7.7 119	
2.7 2.8 7.9 8.0 85	
2.7 2.8 8.2 8.3 47	
2.8 2.9 -1.2 -1.1 16557	
2.8 2.9 -1.6 -1.5 15392	
2.8 2.9 -2.7 -2.6 23228	
2.8 2.9 -3.0 -2.9 24319	
2.8 2.9 -3.3 -3.2 23411	
2.8 2.9 -3.8 -3.7 18019	
2.8 2.9 -4.4 -4.3 9689	
2.8 2.9 -5.5 -5.4 1540	
2.8 2.9 -5.9 -5.8 829	
2.8 2.9 -6.1 -6.0 626	
2.8 2.9 -7.2 -7.1 234	
2.8 2.9 -7.6 -7.5 109	
2.8 2.9 -8.7 -8.6 6	
2.8 2.9 -9.0 -8.9 2	
2.8 2.9 0.5 0.6 21725	
2.8 2.9 1.1 1.2 16876	
2.8 2.9 1.8 1.9 16710	
2.8 2.9 2.4 2.5 21896	
2.8 2.9 3.5 3.6 20741	
2.8 2.9 4.1 4.2 12496	
2.8 2.9 4.8 4.9 4571	
2.8 2.9 5.4 5.5 1520	
2.8 2.9 6.0 6.1 652	
2.8 2.9 6.7 6.8 339	
2.8 2.9 7.3 7.4 170	
2.8 2.9 8.6 8.7 14	
2.8 2.9 8.9 9.0 1	
2.8 2.9 9.0 9.1 5	
2.9 3.0 -0.8 -0.7 19959	
2.9 3.0 -1.9 -1.8 16651	
2.9 3.0 -2.5 -2.4 22036	
2.9 3.0 -3.6 -3.5 20681	
2.9 3.0 -4.2 -4.1 12354	
2.9 3.0 -5.0 -4.9 3663	
2.9 3.0 -5.3 -5.2 2141	
2.9 3.0 -5.7 -5.6 987	
2.9 3.0 -6.8 -6.7 275	
2.9 3.0 -7.4 -7.3 125	
2.9 3.0 -7.9 -7.8 47	
2.9 3.0 -8.5 -8.4 18	
2.9 3.0 -9.6 -9.5 1	
2.9 3.0 0.4 0.5 22793	
2.9 3.0 1.5 1.6 15893	
2.9 3.0 1.7 1.8 16227	
2.9 3.0 2.1 2.2 19260	
2.9 3.0 2.8 2.9 24041	
2.9 3.0 3.4 3.5 21879	
2.9 3.0 4.0 4.1 13725	
2.9 3.0 4.7 4.8 5469	
2.9 3.0 5.3 5.4 1851	
2.9 3.0 6.6 6.7 293	
2.9 3.0 6.9 7.0 219	
2.9 3.0 7.0 7.1 187	
2.9 3.0 7.7 7.8 73	
2.9 3.0 8.3 8.4 21	
2.9 3.0 9.9 10.0 2	
3.0 3.1 -0.8 -0.7 20054	
3.0 3.1 -1.4 -1.3 15710	
3.0 3.1 -2.5 -2.4 21935	
3.0 3.1 -2.9 -2.8 24143	
3.0 3.1 -3.1 -3.0 24529	
3.0 3.1 -4.2 -4.1 12539	
3.0 3.1 -5.7 -5.6 918	
3.0 3.1 -6.0 -5.9 518	
3.0 3.1 -6.8 -6.7 195	
3.0 3.1 -7.4 -7.3 97	
3.0 3.1 -8.5 -8.4 13	
3.0 3.1 -8.9 -8.8 3	
3.0 3.1 -9.1 -9.0 2	
3.0 3.1 0.1 0.2 24664	
3.0 3.1 1.4 1.5 15649	
3.0 3.1 10.4 10.5 1	
3.0 3.1 2.0 2.1 18189	
3.0 3.1 2.7 2.8 23823	
3.0 3.1 3.3 3.4 22802	
3.0 3.1 4.6 4.7 6378	
3.0 3.1 4.9 5.0 3596	
3.0 3.1 5.0 5.1 3049	
3.0 3.1 6.3 6.4 335	
3.0 3.1 7.6 7.7 76	
3.0 3.1 7.9 8.0 35	
3.0 3.1 8.2 8.3 25	
3.1 3.2 -0.2 -0.1 24338	
3.1 3.2 -1.3 -1.2 15909	
3.1 3.2 -1.7 -1.6 15801	
3.1 3.2 -2.8 -2.7 23582	
3.1 3.2 -3.4 -3.3 22388	
3.1 3.2 -4.5 -4.4 8263	
3.1 3.2 -5.1 -5.0 3060	
3.1 3.2 -5.6 -5.5 1010	
3.1 3.2 -6.2 -6.1 365	
3.1 3.2 -7.3 -7.2 74	
3.1 3.2 -7.7 -7.6 46	
3.1 3.2 -8.8 -8.7 3	
3.1 3.2 -9.4 -9.3 1	
3.1 3.2 0.5 0.6 21828	
3.1 3.2 1.1 1.2 16758	
3.1 3.2 1.8 1.9 16643	
3.1 3.2 2.4 2.5 21663	
3.1 3.2 3.0 3.1 23929	
3.1 3.2 3.7 3.8 17891	
3.1 3.2 4.1 4.2 12367	
3.1 3.2 4.8 4.9 4394	
3.1 3.2 5.4 5.5 1339	
3.1 3.2 6.0 6.1 443	
3.1 3.2 6.7 6.8 130	
3.1 3.2 7.3 7.4 75	
3.1 3.2 8.6 8.7 5	
3.1 3.2 9.0 9.1 2	
3.2 3.3 -0.5 -0.4 22071	
3.2 3.3 -1.6 -1.5 15517	
3.2 3.3 -2.2 -2.1 18707	
3.2 3.3 -3.0 -2.9 23658	
3.2 3.3 -3.3 -3.2 22635	
3.2 3.3 -3.7 -3.6 18918	
3.2 3.3 -4.8 -4.7 5041	
3.2 3.3 -5.9 -5.8 522	
3.2 3.3 -6.5 -6.4 161	
3.2 3.3 -7.6 -7.5 34	
3.2 3.3 -8.2 -8.1 12	
3.2 3.3 -9.0 -8.9 2	
3.2 3.3 -9.3 -9.2 1	
3.2 3.3 0.2 0.3 23573	
3.2 3.3 1.5 1.6 14921	
3.2 3.3 2.6 2.7 22527	
3.2 3.3 2.9 3.0 23653	
3.2 3.3 3.2 3.3 22624	
3.2 3.3 4.5 4.6 7112	
3.2 3.3 5.1 5.2 2446	
3.2 3.3 5.8 5.9 518	
3.2 3.3 6.4 6.5 190	
3.2 3.3 7.5 7.6 32	
3.2 3.3 7.7 7.8 26	
3.2 3.3 8.1 8.2 10	
3.2 3.3 8.8 8.9 1	
3.3 3.4 -0.4 -0.3 22570	
3.3 3.4 -0.8 -0.7 19347	
3.3 3.4 -1.9 -1.8 15921	
3.3 3.4 -2.1 -2.0 17314	
3.3 3.4 -2.5 -2.4 20979	
3.3 3.4 -3.6 -3.5 19546	
3.3 3.4 -4.2 -4.1 11612	
3.3 3.4 -5.0 -4.9 3371	
3.3 3.4 -5.3 -5.2 1911	
3.3 3.4 -6.4 -6.3 189	
3.3 3.4 -6.8 -6.7 68	
3.3 3.4 -7.9 -7.8 14	
3.3 3.4 -8.1 -8.0 10	
3.3 3.4 -8.5 -8.4 2	
3.3 3.4 0.4 0.5 21777	
3.3 3.4 0.6 0.7 20023	
3.3 3.4 0.9 1.0 17332	
3.3 3.4 1.0 1.1 16915	
3.3 3.4 1.7 1.8 15187	
3.3 3.4 2.3 2.4 19558	
3.3 3.4 3.6 3.7 18292	
3.3 3.4 3.9 4.0 14394	
3.3 3.4 4.2 4.3 10435	
3.3 3.4 5.5 5.6 950	
3.3 3.4 6.6 6.7 99	
3.3 3.4 6.9 7.0 61	
3.3 3.4 7.2 7.3 40	
3.3 3.4 8.5 8.6 4	
3.3 3.4 9.1 9.2 1	
3.4 3.5 -0.1 0.0 22872	
3.4 3.5 -0.7 -0.6 19615	
3.4 3.5 -1.0 -0.9 16829	
3.4 3.5 -1.3 -1.2 15129	
3.4 3.5 -2.4 -2.3 18882	
3.4 3.5 -2.8 -2.7 21597	
3.4 3.5 -3.9 -3.8 15084	
3.4 3.5 -4.1 -4.0 12420	
3.4 3.5 -4.5 -4.4 7630	
3.4 3.5 -5.6 -5.5 916	
3.4 3.5 -6.7 -6.6 82	
3.4 3.5 -7.0 -6.9 47	
3.4 3.5 -7.3 -7.2 33	
3.4 3.5 -8.4 -8.3 5	
3.4 3.5 0.1 0.2 22584	
3.4 3.5 0.8 0.9 17972	
3.4 3.5 1.4 1.5 14374	
3.4 3.5 2.0 2.1 16533	
3.4 3.5 2.7 2.8 21327	
3.4 3.5 3.3 3.4 20466	
3.4 3.5 4.4 4.5 7571	
3.4 3.5 5.0 5.1 2609	
3.4 3.5 5.7 5.8 538	
3.4 3.5 6.3 6.4 146	
3.4 3.5 7.6 7.7 14	
3.4 3.5 7.9 8.0 8	
3.4 3.5 8.2 8.3 2	
3.5 3.6 -1.2 -1.1 15007	
3.5 3.6 -1.6 -1.5 13676	
3.5 3.6 -2.7 -2.6 20068	
3.5 3.6 -3.0 -2.9 20775	
3.5 3.6 -3.3 -3.2 19834	
3.5 3.6 -4.4 -4.3 8218	
3.5 3.6 -4.8 -4.7 4359	
3.5 3.6 -5.9 -5.8 415	
3.5 3.6 -6.1 -6.0 251	
3.5 3.6 -7.6 -7.5 12	
3.5 3.6 -8.7 -8.6 1	
3.5 3.6 -9.3 -9.2 2	
3.5 3.6 0.5 0.6 19568	
3.5 3.6 1.1 1.2 14836	
3.5 3.6 1.8 1.9 14714	
3.5 3.6 2.2 2.3 17160	
3.5 3.6 3.5 3.6 17591	
3.5 3.6 4.1 4.2 10587	
3.5 3.6 4.8 4.9 3715	
3.5 3.6 5.4 5.5 1098	
3.5 3.6 6.0 6.1 234	
3.5 3.6 6.7 6.8 65	
3.5 3.6 7.1 7.2 28	
3.5 3.6 8.4 8.5 1	
3.6 3.7 -0.4 -0.3 20447	
3.6 3.7 -1.5 -1.4 13042	
3.6 3.7 -1.9 -1.8 13744	
3.6 3.7 -2.1 -2.0 14753	
3.6 3.7 -3.2 -3.1 19378	
3.6 3.7 -3.6 -3.5 16643	
3.6 3.7 -4.7 -4.6 4924	
3.6 3.7 -5.0 -4.9 2885	
3.6 3.7 -5.3 -5.2 1536	
3.6 3.7 -6.4 -6.3 106	
3.6 3.7 -7.5 -7.4 13	
3.6 3.7 -7.9 -7.8 7	
3.6 3.7 -8.1 -8.0 3	
3.6 3.7 0.0 0.1 21421	
3.6 3.7 1.3 1.4 13434	
3.6 3.7 2.6 2.7 18867	
3.6 3.7 2.9 3.0 19629	
3.6 3.7 3.2 3.3 18972	
3.6 3.7 4.5 4.6 6048	
3.6 3.7 5.1 5.2 1939	
3.6 3.7 5.8 5.9 400	
3.6 3.7 6.2 6.3 131	
3.6 3.7 7.5 7.6 14	
3.6 3.7 8.1 8.2 3	
3.7 3.8 -0.7 -0.6 17346	
3.7 3.8 -1.0 -0.9 15176	
3.7 3.8 -1.8 -1.7 12461	
3.7 3.8 -2.4 -2.3 15807	
3.7 3.8 -3.5 -3.4 16434	
3.7 3.8 -3.9 -3.8 12590	
3.7 3.8 -4.1 -4.0 10435	
3.7 3.8 -5.2 -5.1 1807	
3.7 3.8 -5.6 -5.5 697	
3.7 3.8 -6.7 -6.6 43	
3.7 3.8 -7.0 -6.9 16	
3.7 3.8 -7.8 -7.7 4	
3.7 3.8 -8.4 -8.3 1	
3.7 3.8 0.4 0.5 18906	
3.7 3.8 1.0 1.1 14311	
3.7 3.8 1.7 1.8 12442	
3.7 3.8 2.3 2.4 15826	
3.7 3.8 3.6 3.7 14641	
3.7 3.8 3.9 4.0 11524	
3.7 3.8 4.0 4.1 10290	
3.7 3.8 4.7 4.8 3943	
3.7 3.8 5.3 5.4 1135	
3.7 3.8 6.6 6.7 40	
3.7 3.8 6.9 7.0 15	
3.7 3.8 7.2 7.3 15	
3.8 3.9 -0.6 -0.5 17433	
3.8 3.9 -1.2 -1.1 12735	
3.8 3.9 -2.3 -2.2 14104	
3.8 3.9 -2.7 -2.6 16131	
3.8 3.9 -3.0 -2.9 16812	
3.8 3.9 -3.8 -3.7 12602	
3.8 3.9 -4.4 -4.3 6696	
3.8 3.9 -5.5 -5.4 871	
3.8 3.9 -6.1 -6.0 205	
3.8 3.9 -7.2 -7.1 15	
3.8 3.9 -8.3 -8.2 1	
3.8 3.9 0.1 0.2 19267	
3.8 3.9 0.8 0.9 14657	
3.8 3.9 1.4 1.5 11521	
3.8 3.9 2.5 2.6 15944	
3.8 3.9 2.7 2.8 16551	
3.8 3.9 3.1 3.2 16601	
3.8 3.9 3.8 3.9 11441	
3.8 3.9 4.4 4.5 5768	
3.8 3.9 5.0 5.1 2019	
3.8 3.9 5.7 5.8 409	
3.8 3.9 6.3 6.4 68	
3.8 3.9 7.6 7.7 2	
3.8 3.9 8.0 8.1 1	
3.9 4.0 -0.4 -0.3 17533	
3.9 4.0 -0.8 -0.7 14827	
3.9 4.0 -1.9 -1.8 11165	
3.9 4.0 -2.1 -2.0 11987	
3.9 4.0 -2.5 -2.4 14092	
3.9 4.0 -3.6 -3.5 13161	
3.9 4.0 -4.2 -4.1 8017	
3.9 4.0 -4.7 -4.6 3902	
3.9 4.0 -5.0 -4.9 2196	
3.9 4.0 -5.3 -5.2 1240	
3.9 4.0 -6.4 -6.3 54	
3.9 4.0 -6.8 -6.7 20	
3.9 4.0 -7.9 -7.8 1	
3.9 4.0 0.7 0.8 15022	
3.9 4.0 1.1 1.2 12385	
3.9 4.0 1.8 1.9 10925	
3.9 4.0 2.4 2.5 13980	
3.9 4.0 3.0 3.1 15612	
3.9 4.0 3.7 3.8 11483	
3.9 4.0 4.3 4.4 6116	
3.9 4.0 5.6 5.7 484	
3.9 4.0 5.9 6.0 198	
3.9 4.0 6.0 6.1 144	
3.9 4.0 6.7 6.8 23	
3.9 4.0 7.3 7.4 2	
4.0 4.1 -0.8 -0.7 14143	
4.0 4.1 -1.9 -1.8 10366	
4.0 4.1 -2.5 -2.4 12601	
4.0 4.1 -3.6 -3.5 11909	
4.0 4.1 -4.2 -4.1 7202	
4.0 4.1 -5.0 -4.9 1968	
4.0 4.1 -5.3 -5.2 1116	
4.0 4.1 -5.7 -5.6 409	
4.0 4.1 -6.8 -6.7 15	
4.0 4.1 -7.9 -7.8 2	
4.0 4.1 0.4 0.5 16228	
4.0 4.1 1.0 1.1 12098	
4.0 4.1 1.7 1.8 9807	
4.0 4.1 2.3 2.4 12137	
4.0 4.1 3.6 3.7 11200	
4.0 4.1 3.9 4.0 8911	
4.0 4.1 4.0 4.1 7905	
4.0 4.1 5.3 5.4 852	
4.0 4.1 6.6 6.7 12	
4.0 4.1 6.9 7.0 3	
4.0 4.1 7.2 7.3 5	
4.1 4.2 -0.2 -0.1 16642	
4.1 4.2 -1.0 -0.9 11958	
4.1 4.2 -1.3 -1.2 10511	
4.1 4.2 -2.4 -2.3 11072	
4.1 4.2 -2.8 -2.7 12244	
4.1 4.2 -3.9 -3.8 8627	
4.1 4.2 -4.1 -4.0 7029	
4.1 4.2 -4.5 -4.4 4243	
4.1 4.2 -5.6 -5.5 474	
4.1 4.2 -6.2 -6.1 86	
4.1 4.2 -7.0 -6.9 3	
4.1 4.2 -7.3 -7.2 2	
4.1 4.2 0.1 0.2 16900	
4.1 4.2 0.8 0.9 12946	
4.1 4.2 1.4 1.5 9574	
4.1 4.2 2.0 2.1 9871	
4.1 4.2 2.7 2.8 12417	
4.1 4.2 3.1 3.2 12290	
4.1 4.2 3.8 3.9 8695	
4.1 4.2 4.4 4.5 4256	
4.1 4.2 5.0 5.1 1537	
4.1 4.2 5.7 5.8 260	
4.1 4.2 6.3 6.4 48	
4.1 4.2 7.6 7.7 3	
4.1 4.2 8.0 8.1 1	
4.2 4.3 -0.5 -0.4 15115	
4.2 4.3 -1.6 -1.5 8658	
4.2 4.3 -2.7 -2.6 10765	
4.2 4.3 -3.0 -2.9 11212	
4.2 4.3 -3.3 -3.2 10697	
4.2 4.3 -4.4 -4.3 4362	
4.2 4.3 -4.8 -4.7 2230	
4.2 4.3 -5.9 -5.8 208	
4.2 4.3 -6.1 -6.0 89	
4.2 4.3 -6.5 -6.4 37	
4.2 4.3 -9.0 -8.9 1	
4.2 4.3 0.5 0.6 14479	
4.2 4.3 1.6 1.7 8529	
4.2 4.3 2.2 2.3 9591	
4.2 4.3 3.5 3.6 9362	
4.2 4.3 4.1 4.2 5568	
4.2 4.3 4.8 4.9 2004	
4.2 4.3 5.4 5.5 535	
4.2 4.3 6.7 6.8 14	
4.2 4.3 7.1 7.2 4	
4.3 4.4 -0.1 0.0 16018	
4.3 4.4 -0.4 -0.3 15122	
4.3 4.4 -1.9 -1.8 7746	
4.3 4.4 -2.1 -2.0 7976	
4.3 4.4 -3.2 -3.1 9780	
4.3 4.4 -3.6 -3.5 8356	
4.3 4.4 -4.7 -4.6 2445	
4.3 4.4 -5.0 -4.9 1411	
4.3 4.4 -5.3 -5.2 757	
4.3 4.4 -6.4 -6.3 35	
4.3 4.4 -6.8 -6.7 7	
4.3 4.4 -7.9 -7.8 1	
4.3 4.4 0.0 0.1 15981	
4.3 4.4 0.7 0.8 12730	
4.3 4.4 1.3 1.4 8776	
4.3 4.4 2.6 2.7 9458	
4.3 4.4 2.9 3.0 9789	
4.3 4.4 3.2 3.3 9442	
4.3 4.4 4.5 4.6 2939	
4.3 4.4 5.6 5.7 255	
4.3 4.4 5.9 6.0 120	
4.3 4.4 6.2 6.3 38	
4.4 4.5 -0.7 -0.6 13243	
4.4 4.5 -1.0 -0.9 11095	
4.4 4.5 -1.3 -1.2 8743	
4.4 4.5 -2.4 -2.3 7705	
4.4 4.5 -3.5 -3.4 7561	
4.4 4.5 -3.9 -3.8 5830	
4.4 4.5 -4.1 -4.0 4798	
4.4 4.5 -5.2 -5.1 833	
4.4 4.5 -5.6 -5.5 327	
4.4 4.5 -6.7 -6.6 14	
4.4 4.5 -7.0 -6.9 5	
4.4 4.5 -7.3 -7.2 2	
4.4 4.5 0.4 0.5 14571	
4.4 4.5 1.0 1.1 10077	
4.4 4.5 1.7 1.8 7280	
4.4 4.5 2.3 2.4 7714	
4.4 4.5 3.4 3.5 7647	
4.4 4.5 4.0 4.1 4757	
4.4 4.5 4.7 4.8 1838	
4.4 4.5 5.3 5.4 501	
4.4 4.5 6.6 6.7 13	
4.4 4.5 6.9 7.0 6	
4.4 4.5 7.2 7.3 2	
4.5 4.6 -1.2 -1.1 9322	
4.5 4.6 -1.6 -1.5 7214	
4.5 4.6 -2.7 -2.6 7252	
4.5 4.6 -3.0 -2.9 7511	
4.5 4.6 -3.8 -3.7 5418	
4.5 4.6 -4.4 -4.3 2927	
4.5 4.6 -5.5 -5.4 347	
4.5 4.6 -5.9 -5.8 148	
4.5 4.6 -6.1 -6.0 56	
4.5 4.6 0.1 0.2 15589	
4.5 4.6 0.8 0.9 11808	
4.5 4.6 1.2 1.3 8672	
4.5 4.6 2.5 2.6 7156	
4.5 4.6 3.1 3.2 7060	
4.5 4.6 3.8 3.9 5083	
4.5 4.6 4.4 4.5 2477	
4.5 4.6 5.0 5.1 868	
4.5 4.6 5.7 5.8 170	
4.5 4.6 6.1 6.2 56	
4.5 4.6 7.4 7.5 1	
4.5 4.6 8.0 8.1 1	
4.6 4.7 -0.4 -0.3 15009	
4.6 4.7 -1.5 -1.4 7306	
4.6 4.7 -2.1 -2.0 5773	
4.6 4.7 -3.2 -3.1 6260	
4.6 4.7 -4.3 -4.2 2783	
4.6 4.7 -4.7 -4.6 1580	
4.6 4.7 -5.0 -4.9 867	
4.6 4.7 -5.8 -5.7 123	
4.6 4.7 -6.4 -6.3 17	
4.6 4.7 0.3 0.4 15026	
4.6 4.7 1.6 1.7 6581	
4.6 4.7 1.9 2.0 5750	
4.6 4.7 2.2 2.3 5895	
4.6 4.7 3.5 3.6 5262	
4.6 4.7 4.1 4.2 3194	
4.6 4.7 4.8 4.9 1119	
4.6 4.7 5.2 5.3 468	
4.6 4.7 6.5 6.6 14	
4.6 4.7 7.1 7.2 3	
4.7 4.8 -0.3 -0.2 15806	
4.7 4.8 -0.7 -0.6 13194	
4.7 4.8 -1.8 -1.7 5916	
4.7 4.8 -2.4 -2.3 5239	
4.7 4.8 -2.9 -2.8 5349	
4.7 4.8 -3.5 -3.4 4806	
4.7 4.8 -4.6 -4.5 1560	
4.7 4.8 -5.2 -5.1 507	
4.7 4.8 -6.3 -6.2 31	
4.7 4.8 -6.7 -6.6 9	
4.7 4.8 0.0 0.1 16302	
4.7 4.8 0.7 0.8 12675	
4.7 4.8 1.3 1.4 7789	
4.7 4.8 2.6 2.7 5342	
4.7 4.8 2.9 3.0 5184	
4.7 4.8 3.0 3.1 5426	
4.7 4.8 3.7 3.8 4004	
4.7 4.8 4.3 4.4 2043	
4.7 4.8 5.6 5.7 163	
4.7 4.8 5.9 6.0 61	
4.7 4.8 6.2 6.3 29	
4.8 4.9 -0.1 0.0 16520	
4.8 4.9 -0.6 -0.5 14256	
4.8 4.9 -1.2 -1.1 9241	
4.8 4.9 -2.0 -1.9 5017	
4.8 4.9 -2.3 -2.2 4579	
4.8 4.9 -3.8 -3.7 3329	
4.8 4.9 -4.9 -4.8 785	
4.8 4.9 -5.1 -5.0 478	
4.8 4.9 -5.5 -5.4 217	
4.8 4.9 -6.6 -6.5 6	
4.8 4.9 -7.2 -7.1 1	
4.8 4.9 0.4 0.5 15146	
4.8 4.9 1.5 1.6 6422	
4.8 4.9 1.7 1.8 5474	
4.8 4.9 2.1 2.2 4610	
4.8 4.9 2.8 2.9 4674	
4.8 4.9 3.4 3.5 3955	
4.8 4.9 4.0 4.1 2463	
4.8 4.9 4.7 4.8 942	
4.8 4.9 5.3 5.4 279	
4.8 4.9 6.6 6.7 5	
4.8 4.9 6.9 7.0 3	
4.8 4.9 7.0 7.1 1	
4.9 5.0 -0.4 -0.3 16584	
4.9 5.0 -1.5 -1.4 7186	
4.9 5.0 -1.9 -1.8 4978	
4.9 5.0 -2.1 -2.0 4464	
4.9 5.0 -3.2 -3.1 3675	
4.9 5.0 -3.6 -3.5 3134	
4.9 5.0 -4.7 -4.6 928	
4.9 5.0 -5.0 -4.9 572	
4.9 5.0 -5.3 -5.2 303	
4.9 5.0 -6.4 -6.3 13	
4.9 5.0 0.1 0.2 17026	
4.9 5.0 0.8 0.9 12309	
4.9 5.0 1.4 1.5 7141	
4.9 5.0 2.0 2.1 4593	
4.9 5.0 2.7 2.8 3877	
4.9 5.0 3.3 3.4 3312	
4.9 5.0 4.6 4.7 939	
4.9 5.0 4.9 5.0 580	
4.9 5.0 5.0 5.1 455	
4.9 5.0 5.7 5.8 76	
4.9 5.0 6.3 6.4 11	
5.0 5.1 -0.4 -0.3 17213	
5.0 5.1 -0.8 -0.7 14150	
5.0 5.1 -1.9 -1.8 4799	
5.0 5.1 -2.1 -2.0 4106	
5.0 5.1 -2.5 -2.4 3454	
5.0 5.1 -3.6 -3.5 2577	
5.0 5.1 -4.7 -4.6 731	
5.0 5.1 -5.0 -4.9 449	
5.0 5.1 -5.3 -5.2 226	
5.0 5.1 -6.4 -6.3 14	
5.0 5.1 0.0 0.1 18255	
5.0 5.1 0.7 0.8 13871	
5.0 5.1 1.3 1.4 8124	
5.0 5.1 2.6 2.7 3266	
5.0 5.1 2.9 3.0 3235	
5.0 5.1 3.0 3.1 3144	
5.0 5.1 3.2 3.3 3001	
5.0 5.1 4.3 4.4 1142	
5.0 5.1 5.6 5.7 104	
5.0 5.1 5.9 6.0 44	
5.0 5.1 6.2 6.3 12	
5.1 5.2 -0.7 -0.6 15524	
5.1 5.2 -1.0 -0.9 12509	
5.1 5.2 -1.3 -1.2 9199	
5.1 5.2 -2.4 -2.3 3090	
5.1 5.2 -2.8 -2.7 2817	
5.1 5.2 -3.9 -3.8 1649	
5.1 5.2 -4.1 -4.0 1373	
5.1 5.2 -5.6 -5.5 101	
5.1 5.2 -6.7 -6.6 3	
5.1 5.2 -7.0 -6.9 1	
5.1 5.2 0.4 0.5 17152	
5.1 5.2 1.0 1.1 11187	
5.1 5.2 1.7 1.8 5218	
5.1 5.2 2.1 2.2 3505	
5.1 5.2 2.8 2.9 2720	
5.1 5.2 3.4 3.5 2198	
5.1 5.2 4.0 4.1 1391	
5.1 5.2 4.7 4.8 526	
5.1 5.2 5.3 5.4 155	
5.1 5.2 6.6 6.7 4	
5.1 5.2 6.9 7.0 3	
5.1 5.2 7.0 7.1 1	
5.2 5.3 -0.1 0.0 19880	
5.2 5.3 -1.2 -1.1 10640	
5.2 5.3 -1.6 -1.5 6692	
5.2 5.3 -2.7 -2.6 2422	
5.2 5.3 -3.0 -2.9 2231	
5.2 5.3 -3.3 -3.2 1899	
5.2 5.3 -4.4 -4.3 796	
5.2 5.3 -5.5 -5.4 97	
5.2 5.3 -5.9 -5.8 34	
5.2 5.3 -6.1 -6.0 18	
5.2 5.3 -7.2 -7.1 1	
5.2 5.3 0.6 0.7 16195	
5.2 5.3 0.8 0.9 13843	
5.2 5.3 1.2 1.3 9451	
5.2 5.3 2.5 2.6 2445	
5.2 5.3 3.1 3.2 2045	
5.2 5.3 3.8 3.9 1301	
5.2 5.3 4.4 4.5 663	
5.2 5.3 5.7 5.8 42	
5.2 5.3 6.1 6.2 10	
5.3 5.4 -0.4 -0.3 19600	
5.3 5.4 -1.5 -1.4 7624	
5.3 5.4 -1.9 -1.8 4632	
5.3 5.4 -2.1 -2.0 3411	
5.3 5.4 -3.2 -3.1 1628	
5.3 5.4 -3.6 -3.5 1317	
5.3 5.4 -4.7 -4.6 401	
5.3 5.4 -5.0 -4.9 216	
5.3 5.4 -5.8 -5.7 29	
5.3 5.4 -6.4 -6.3 9	
5.3 5.4 -7.5 -7.4 1	
5.3 5.4 0.3 0.4 19486	
5.3 5.4 1.6 1.7 5957	
5.3 5.4 1.9 2.0 4041	
5.3 5.4 2.2 2.3 2792	
5.3 5.4 3.5 3.6 1316	
5.3 5.4 4.6 4.7 383	
5.3 5.4 4.9 5.0 235	
5.3 5.4 5.2 5.3 105	
5.3 5.4 6.5 6.6 6	
5.4 5.5 -0.3 -0.2 21006	
5.4 5.5 -0.7 -0.6 17780	
5.4 5.5 -1.0 -0.9 14084	
5.4 5.5 -1.8 -1.7 5242	
5.4 5.5 -2.4 -2.3 2339	
5.4 5.5 -3.5 -3.4 1068	
5.4 5.5 -4.1 -4.0 700	
5.4 5.5 -5.2 -5.1 129	
5.4 5.5 -6.3 -6.2 11	
5.4 5.5 -6.7 -6.6 5	
5.4 5.5 -7.0 -6.9 2	
5.4 5.5 0.0 0.1 21757	
5.4 5.5 0.7 0.8 16386	
5.4 5.5 1.3 1.4 9074	
5.4 5.5 2.4 2.5 2151	
5.4 5.5 3.0 3.1 1415	
5.4 5.5 3.7 3.8 866	
5.4 5.5 4.3 4.4 500	
5.4 5.5 5.6 5.7 46	
5.4 5.5 5.9 6.0 16	
5.4 5.5 6.2 6.3 2	
5.5 5.6 -0.6 -0.5 19457	
5.5 5.6 -1.2 -1.1 11427	
5.5 5.6 -2.3 -2.2 2511	
5.5 5.6 -2.7 -2.6 1561	
5.5 5.6 -3.8 -3.7 717	
5.5 5.6 -4.4 -4.3 401	
5.5 5.6 -4.9 -4.8 203	
5.5 5.6 -5.5 -5.4 47	
5.5 5.6 -6.6 -6.5 2	
5.5 5.6 0.2 0.3 21955	
5.5 5.6 1.5 1.6 7043	
5.5 5.6 2.1 2.2 2846	
5.5 5.6 2.8 2.9 1254	
5.5 5.6 3.4 3.5 934	
5.5 5.6 4.0 4.1 549	
5.5 5.6 4.7 4.8 195	
5.5 5.6 5.1 5.2 83	
5.5 5.6 5.3 5.4 66	
5.5 5.6 6.4 6.5 4	
5.6 5.7 -0.9 -0.8 16382	
5.6 5.7 -1.1 -1.0 13431	
5.6 5.7 -1.5 -1.4 8354	
5.6 5.7 -2.6 -2.5 1546	
5.6 5.7 -3.2 -3.1 889	
5.6 5.7 -4.0 -3.9 505	
5.6 5.7 -4.3 -4.2 361	
5.6 5.7 -5.8 -5.7 18	
5.6 5.7 -6.9 -6.8 2	
5.6 5.7 0.6 0.7 18605	
5.6 5.7 0.9 1.0 14977	
5.6 5.7 1.2 1.3 10894	
5.6 5.7 2.5 2.6 1532	
5.6 5.7 3.1 3.2 864	
5.6 5.7 3.8 3.9 517	
5.6 5.7 4.2 4.3 351	
5.6 5.7 5.5 5.6 28	
5.6 5.7 6.1 6.2 6	
5.6 5.7 7.4 7.5 1	
5.7 5.8 -0.1 0.0 23567	
5.7 5.8 -0.3 -0.2 22894	
5.7 5.8 -1.4 -1.3 9599	
5.7 5.8 -1.8 -1.7 5412	
5.7 5.8 -2.9 -2.8 1012	
5.7 5.8 -3.1 -3.0 815	
5.7 5.8 -3.5 -3.4 527	
5.7 5.8 -4.6 -4.5 149	
5.7 5.8 -5.2 -5.1 63	
5.7 5.8 -6.0 -5.9 7	
5.7 5.8 -6.3 -6.2 1	
5.7 5.8 0.3 0.4 22327	
5.7 5.8 1.6 1.7 6357	
5.7 5.8 1.9 2.0 3952	
5.7 5.8 2.0 2.1 3215	
5.7 5.8 2.7 2.8 1038	
5.7 5.8 3.3 3.4 621	
5.7 5.8 4.6 4.7 166	
5.7 5.8 4.9 5.0 75	
5.7 5.8 5.2 5.3 41	
5.8 5.9 -0.6 -0.5 20552	
5.8 5.9 -1.7 -1.6 6265	
5.8 5.9 -2.0 -1.9 3780	
5.8 5.9 -2.3 -2.2 2251	
5.8 5.9 -3.4 -3.3 445	
5.8 5.9 -3.8 -3.7 343	
5.8 5.9 -4.9 -4.8 73	
5.8 5.9 -5.1 -5.0 54	
5.8 5.9 -5.5 -5.4 26	
5.8 5.9 0.5 0.6 20594	
5.8 5.9 0.7 0.8 18252	
5.8 5.9 1.1 1.2 12540	
5.8 5.9 1.8 1.9 4493	
5.8 5.9 2.4 2.5 1537	
5.8 5.9 3.0 3.1 629	
5.8 5.9 3.7 3.8 313	
5.8 5.9 4.3 4.4 178	
5.8 5.9 5.6 5.7 16	
5.8 5.9 5.9 6.0 2	
5.8 5.9 6.0 6.1 2	
5.9 6.0 -0.4 -0.3 22494	
5.9 6.0 -1.5 -1.4 8562	
5.9 6.0 -1.9 -1.8 4552	
5.9 6.0 -2.1 -2.0 3194	
5.9 6.0 -3.2 -3.1 458	
5.9 6.0 -4.7 -4.6 88	
5.9 6.0 -5.0 -4.9 48	
5.9 6.0 -5.8 -5.7 8	
5.9 6.0 0.4 0.5 21711	
5.9 6.0 1.0 1.1 14090	
5.9 6.0 1.7 1.8 5342	
5.9 6.0 2.3 2.4 1782	
5.9 6.0 3.6 3.7 264	
5.9 6.0 3.9 4.0 207	
5.9 6.0 4.0 4.1 174	
5.9 6.0 4.7 4.8 52	
5.9 6.0 5.3 5.4 19	
6.0 6.1 -0.4 -0.3 22742	
6.0 6.1 -1.5 -1.4 8487	
6.0 6.1 -1.9 -1.8 4499	
6.0 6.1 -2.1 -2.0 3171	
6.0 6.1 -3.2 -3.1 368	
6.0 6.1 -3.6 -3.5 226	
6.0 6.1 -4.7 -4.6 49	
6.0 6.1 -5.0 -4.9 30	
6.0 6.1 -5.3 -5.2 15	
6.0 6.1 -6.4 -6.3 2	
6.0 6.1 0.3 0.4 22466	
6.0 6.1 1.6 1.7 6346	
6.0 6.1 1.9 2.0 3754	
6.0 6.1 2.0 2.1 3054	
6.0 6.1 2.2 2.3 2085	
6.0 6.1 3.3 3.4 304	
6.0 6.1 4.6 4.7 56	
6.0 6.1 4.9 5.0 39	
6.0 6.1 5.2 5.3 17	
6.1 6.2 -0.7 -0.6 19699	
6.1 6.2 -1.0 -0.9 15127	
6.1 6.2 -1.8 -1.7 5154	
6.1 6.2 -2.4 -2.3 1632	
6.1 6.2 -3.5 -3.4 252	
6.1 6.2 -3.9 -3.8 152	
6.1 6.2 -4.1 -4.0 104	
6.1 6.2 -5.2 -5.1 16	
6.1 6.2 -5.6 -5.5 4	
6.1 6.2 0.0 0.1 23763	
6.1 6.2 0.7 0.8 17953	
6.1 6.2 1.1 1.2 12389	
6.1 6.2 1.8 1.9 4350	
6.1 6.2 2.4 2.5 1332	
6.1 6.2 3.0 3.1 420	
6.1 6.2 3.7 3.8 147	
6.1 6.2 4.3 4.4 80	
6.1 6.2 5.6 5.7 4	
6.1 6.2 5.9 6.0 4	
6.1 6.2 6.0 6.1 3	
6.2 6.3 -1.2 -1.1 11990	
6.2 6.3 -2.3 -2.2 1977	
6.2 6.3 -2.7 -2.6 844	
6.2 6.3 -3.0 -2.9 418	
6.2 6.3 -3.8 -3.7 111	
6.2 6.3 -4.4 -4.3 60	
6.2 6.3 -5.5 -5.4 6	
6.2 6.3 -6.1 -6.0 1	
6.2 6.3 0.2 0.3 22775	
6.2 6.3 1.5 1.6 7056	
6.2 6.3 2.1 2.2 2369	
6.2 6.3 2.8 2.9 520	
6.2 6.3 3.4 3.5 172	
6.2 6.3 4.7 4.8 25	
6.2 6.3 5.1 5.2 11	
6.2 6.3 5.8 5.9 1	
6.3 6.4 -0.4 -0.3 21023	
6.3 6.4 -0.9 -0.8 15810	
6.3 6.4 -1.5 -1.4 7921	
6.3 6.4 -2.6 -2.5 915	
6.3 6.4 -3.2 -3.1 234	
6.3 6.4 -4.3 -4.2 48	
6.3 6.4 -4.7 -4.6 15	
6.3 6.4 -5.8 -5.7 3	
6.3 6.4 0.6 0.7 18080	
6.3 6.4 0.9 1.0 14544	
6.3 6.4 1.2 1.3 10460	
6.3 6.4 2.5 2.6 1002	
6.3 6.4 3.6 3.7 85	
6.3 6.4 3.9 4.0 76	
6.3 6.4 4.2 4.3 52	
6.3 6.4 5.5 5.6 3	
6.4 6.5 -0.3 -0.2 20908	
6.4 6.5 -1.8 -1.7 4838	
6.4 6.5 -2.9 -2.8 425	
6.4 6.5 -3.1 -3.0 270	
6.4 6.5 -3.5 -3.4 136	
6.4 6.5 -4.6 -4.5 18	
6.4 6.5 -5.2 -5.1 8	
6.4 6.5 -6.0 -5.9 1	
6.4 6.5 0.3 0.4 20498	
6.4 6.5 1.4 1.5 7832	
6.4 6.5 2.0 2.1 2711	
6.4 6.5 2.7 2.8 585	
6.4 6.5 3.3 3.4 146	
6.4 6.5 4.6 4.7 14	
6.4 6.5 4.9 5.0 12	
6.4 6.5 5.2 5.3 7	
6.5 6.6 -0.6 -0.5 17728	
6.5 6.6 -1.2 -1.1 10568	
6.5 6.6 -1.7 -1.6 5228	
6.5 6.6 -2.0 -1.9 3085	
6.5 6.6 -2.3 -2.2 1605	
6.5 6.6 -3.4 -3.3 111	
6.5 6.6 -3.8 -3.7 48	
6.5 6.6 -4.9 -4.8 7	
6.5 6.6 -5.1 -5.0 3	
6.5 6.6 -5.5 -5.4 1	
6.5 6.6 0.5 0.6 17839	
6.5 6.6 1.1 1.2 10642	
6.5 6.6 1.8 1.9 3645	
6.5 6.6 2.4 2.5 1058	
6.5 6.6 3.0 3.1 235	
6.5 6.6 3.7 3.8 61	
6.5 6.6 4.1 4.2 12	
6.5 6.6 4.3 4.4 22	
6.5 6.6 5.4 5.5 2	
6.6 6.7 -0.1 0.0 19313	
6.6 6.7 -0.9 -0.8 13458	
6.6 6.7 -1.1 -1.0 11069	
6.6 6.7 -2.6 -2.5 783	
6.6 6.7 -3.7 -3.6 40	
6.6 6.7 -4.0 -3.9 18	
6.6 6.7 -4.3 -4.2 11	
6.6 6.7 -5.4 -5.3 2	
6.6 6.7 -5.8 -5.7 1	
6.6 6.7 0.2 0.3 18917	
6.6 6.7 1.5 1.6 5778	
6.6 6.7 2.1 2.2 2018	
6.6 6.7 2.8 2.9 372	
6.6 6.7 3.2 3.3 113	
6.6 6.7 4.5 4.6 11	
6.6 6.7 5.1 5.2 1	
6.7 6.8 -0.3 -0.2 17650	
6.7 6.8 -1.4 -1.3 7369	
6.7 6.8 -2.9 -2.8 350	
6.7 6.8 -3.1 -3.0 190	
6.7 6.8 -4.2 -4.1 14	
6.7 6.8 -4.6 -4.5 11	
6.7 6.8 0.6 0.7 14705	
6.7 6.8 0.9 1.0 11556	
6.7 6.8 1.0 1.1 10361	
6.7 6.8 1.7 1.8 3957	
6.7 6.8 2.3 2.4 1175	
6.7 6.8 3.6 3.7 30	
6.7 6.8 3.9 4.0 14	
6.7 6.8 4.2 4.3 6	
6.8 6.9 -0.2 -0.1 16563	
6.8 6.9 -0.6 -0.5 14387	
6.8 6.9 -1.7 -1.6 4366	
6.8 6.9 -2.0 -1.9 2547	
6.8 6.9 -2.3 -2.2 1359	
6.8 6.9 -2.8 -2.7 382	
6.8 6.9 -3.4 -3.3 67	
6.8 6.9 -4.5 -4.4 4	
6.8 6.9 -4.9 -4.8 2	
6.8 6.9 -5.1 -5.0 1	
6.8 6.9 0.1 0.2 16738	
6.8 6.9 0.8 0.9 11570	
6.8 6.9 1.4 1.5 5958	
6.8 6.9 2.0 2.1 2070	
6.8 6.9 2.7 2.8 394	
6.8 6.9 3.3 3.4 62	
6.8 6.9 4.6 4.7 4	
6.8 6.9 4.9 5.0 1	
6.8 6.9 5.0 5.1 3	
6.9 7.0 -0.9 -0.8 10572	
6.9 7.0 -1.5 -1.4 5221	
6.9 7.0 -2.6 -2.5 587	
6.9 7.0 -3.2 -3.1 120	
6.9 7.0 -4.0 -3.9 9	
6.9 7.0 -4.3 -4.2 6	
6.9 7.0 -4.7 -4.6 1	
6.9 7.0 -5.8 -5.7 1	
6.9 7.0 0.0 0.1 15144	
6.9 7.0 0.7 0.8 11388	
6.9 7.0 1.3 1.4 6150	
6.9 7.0 2.6 2.7 456	
6.9 7.0 2.9 3.0 190	
6.9 7.0 3.0 3.1 160	
6.9 7.0 3.7 3.8 18	
6.9 7.0 4.3 4.4 5	
7.0 7.1 -0.4 -0.3 13121	
7.0 7.1 -1.5 -1.4 4896	
7.0 7.1 -2.1 -2.0 1725	
7.0 7.1 -3.2 -3.1 97	
7.0 7.1 -4.3 -4.2 5	
7.0 7.1 -4.7 -4.6 1	
7.0 7.1 0.6 0.7 11293	
7.0 7.1 0.9 1.0 8770	
7.0 7.1 1.2 1.3 6429	
7.0 7.1 2.3 2.4 903	
7.0 7.1 3.6 3.7 19	
7.0 7.1 3.9 4.0 11	
7.0 7.1 4.2 4.3 6	
7.1 7.2 -0.3 -0.2 11977	
7.1 7.2 -0.7 -0.6 9911	
7.1 7.2 -1.8 -1.7 2620	
7.1 7.2 -2.4 -2.3 766	
7.1 7.2 -2.9 -2.8 221	
7.1 7.2 -3.5 -3.4 47	
7.1 7.2 -4.6 -4.5 1	
7.1 7.2 0.1 0.2 12185	
7.1 7.2 0.8 0.9 8524	
7.1 7.2 1.4 1.5 4341	
7.1 7.2 2.0 2.1 1463	
7.1 7.2 2.7 2.8 289	
7.1 7.2 3.3 3.4 50	
7.1 7.2 4.6 4.7 1	
7.1 7.2 4.9 5.0 3	
7.1 7.2 5.0 5.1 2	
7.2 7.3 -0.6 -0.5 9428	
7.2 7.3 -1.2 -1.1 5617	
7.2 7.3 -2.0 -1.9 1577	
7.2 7.3 -2.3 -2.2 891	
7.2 7.3 -2.7 -2.6 359	
7.2 7.3 -3.8 -3.7 11	
7.2 7.3 0.5 0.6 9428	
7.2 7.3 1.1 1.2 5590	
7.2 7.3 1.8 1.9 2003	
7.2 7.3 2.4 2.5 529	
7.2 7.3 3.7 3.8 14	
7.2 7.3 4.1 4.2 2	
7.2 7.3 4.8 4.9 2	
7.2 7.3 6.7 6.8 1	
7.3 7.4 -0.9 -0.8 6669	
7.3 7.4 -1.1 -1.0 5623	
7.3 7.4 -1.5 -1.4 3286	
7.3 7.4 -2.6 -2.5 392	
7.3 7.4 -3.2 -3.1 61	
7.3 7.4 -4.0 -3.9 6	
7.3 7.4 -4.3 -4.2 2	
7.3 7.4 0.2 0.3 9446	
7.3 7.4 1.5 1.6 2920	
7.3 7.4 2.6 2.7 294	
7.3 7.4 2.9 3.0 130	
7.3 7.4 3.2 3.3 49	
7.3 7.4 4.5 4.6 1	
7.4 7.5 -0.3 -0.2 8070	
7.4 7.5 -1.4 -1.3 3331	
7.4 7.5 -1.8 -1.7 1785	
7.4 7.5 -2.9 -2.8 126	
7.4 7.5 -3.1 -3.0 69	
7.4 7.5 -3.5 -3.4 27	
7.4 7.5 0.4 0.5 7626	
7.4 7.5 0.9 1.0 5345	
7.4 7.5 1.0 1.1 4781	
7.4 7.5 1.7 1.8 1841	
7.4 7.5 2.3 2.4 524	
7.4 7.5 3.6 3.7 13	
7.4 7.5 3.9 4.0 2	
7.4 7.5 4.2 4.3 1	
7.5 7.6 -0.2 -0.1 6994	
7.5 7.6 -0.6 -0.5 6126	
7.5 7.6 -1.7 -1.6 1838	
7.5 7.6 -2.0 -1.9 1089	
7.5 7.6 -2.3 -2.2 604	
7.5 7.6 -3.4 -3.3 33	
7.5 7.6 0.1 0.2 7106	
7.5 7.6 0.8 0.9 4945	
7.5 7.6 1.4 1.5 2511	
7.5 7.6 2.0 2.1 936	
7.5 7.6 2.7 2.8 168	
7.5 7.6 3.3 3.4 31	
7.6 7.7 -0.5 -0.4 5601	
7.6 7.7 -0.9 -0.8 4322	
7.6 7.7 -1.1 -1.0 3501	
7.6 7.7 -2.2 -2.1 634	
7.6 7.7 -2.6 -2.5 237	
7.6 7.7 -3.7 -3.6 5	
7.6 7.7 -4.0 -3.9 3	
7.6 7.7 -4.3 -4.2 1	
7.6 7.7 0.5 0.6 5268	
7.6 7.7 1.1 1.2 3085	
7.6 7.7 1.8 1.9 1145	
7.6 7.7 2.2 2.3 488	
7.6 7.7 3.5 3.6 14	
7.6 7.7 4.1 4.2 2	
7.7 7.8 -0.8 -0.7 3876	
7.7 7.8 -1.4 -1.3 2114	
7.7 7.8 -2.5 -2.4 262	
7.7 7.8 -2.9 -2.8 103	
7.7 7.8 -3.1 -3.0 48	
7.7 7.8 0.0 0.1 5055	
7.7 7.8 0.7 0.8 3919	
7.7 7.8 1.3 1.4 2074	
7.7 7.8 2.6 2.7 167	
7.7 7.8 2.9 3.0 61	
7.7 7.8 3.2 3.3 22	
7.8 7.9 -0.2 -0.1 4303	
7.8 7.9 -1.3 -1.2 2016	
7.8 7.9 -1.7 -1.6 1054	
7.8 7.9 -2.8 -2.7 98	
7.8 7.9 -3.4 -3.3 12	
7.8 7.9 0.4 0.5 3852	
7.8 7.9 1.0 1.1 2568	
7.8 7.9 1.7 1.8 1002	
7.8 7.9 2.3 2.4 265	
7.8 7.9 3.6 3.7 3	
7.9 8.0 -0.9 -0.8 2484	
7.9 8.0 -1.1 -1.0 1991	
7.9 8.0 -1.5 -1.4 1260	
7.9 8.0 -2.6 -2.5 126	
7.9 8.0 -3.7 -3.6 6	
7.9 8.0 -4.0 -3.9 2	
7.9 8.0 0.3 0.4 3318	
7.9 8.0 1.6 1.7 908	
7.9 8.0 1.9 2.0 492	
7.9 8.0 2.0 2.1 426	
7.9 8.0 2.7 2.8 75	
7.9 8.0 3.3 3.4 17	
8.0 8.1 -0.9 -0.8 2060	
8.0 8.1 -1.1 -1.0 1663	
8.0 8.1 -1.5 -1.4 1062	
8.0 8.1 -2.6 -2.5 131	
8.0 8.1 -3.2 -3.1 20	
8.0 8.1 0.2 0.3 2755	
8.0 8.1 1.3 1.4 1200	
8.0 8.1 2.6 2.7 82	
8.0 8.1 2.9 3.0 34	
8.0 8.1 3.2 3.3 18	
8.1 8.2 -0.3 -0.2 2208	
8.1 8.2 -1.4 -1.3 887	
8.1 8.2 -1.8 -1.7 554	
8.1 8.2 -2.9 -2.8 38	
8.1 8.2 -3.1 -3.0 26	
8.1 8.2 -3.5 -3.4 7	
8.1 8.2 0.4 0.5 2081	
8.1 8.2 1.0 1.1 1408	
8.1 8.2 1.7 1.8 552	
8.1 8.2 2.3 2.4 152	
8.1 8.2 3.6 3.7 5	
8.1 8.2 4.0 4.1 1	
8.2 8.3 -0.1 0.0 1875	
8.2 8.3 -0.6 -0.5 1573	
8.2 8.3 -1.7 -1.6 441	
8.2 8.3 -2.0 -1.9 280	
8.2 8.3 -2.3 -2.2 139	
8.2 8.3 -3.4 -3.3 4	
8.2 8.3 -3.8 -3.7 1	
8.2 8.3 0.1 0.2 1880	
8.2 8.3 0.8 0.9 1386	
8.2 8.3 1.4 1.5 670	
8.2 8.3 2.7 2.8 61	
8.2 8.3 3.1 3.2 19	
8.3 8.4 -0.9 -0.8 1052	
8.3 8.4 -1.1 -1.0 872	
8.3 8.4 -2.2 -2.1 148	
8.3 8.4 -2.6 -2.5 66	
8.3 8.4 -3.7 -3.6 5	
8.3 8.4 -4.3 -4.2 1	
8.3 8.4 0.5 0.6 1320	
8.3 8.4 1.6 1.7 390	
8.3 8.4 1.9 2.0 201	
8.3 8.4 2.2 2.3 112	
8.3 8.4 3.5 3.6 4	
8.3 8.4 4.1 4.2 1	
8.4 8.5 -0.3 -0.2 1129	
8.4 8.5 -0.8 -0.7 888	
8.4 8.5 -1.4 -1.3 487	
8.4 8.5 -2.5 -2.4 62	
8.4 8.5 -2.9 -2.8 20	
8.4 8.5 -3.1 -3.0 11	
8.4 8.5 0.0 0.1 1166	
8.4 8.5 0.7 0.8 935	
8.4 8.5 1.3 1.4 464	
8.4 8.5 2.6 2.7 29	
8.4 8.5 2.9 3.0 15	
8.4 8.5 3.2 3.3 9	
8.4 8.5 4.5 4.6 1	
8.5 8.6 -0.2 -0.1 947	
8.5 8.6 -1.7 -1.6 249	
8.5 8.6 -2.0 -1.9 146	
8.5 8.6 -2.8 -2.7 18	
8.5 8.6 -3.4 -3.3 6	
8.5 8.6 0.4 0.5 821	
8.5 8.6 1.0 1.1 507	
8.5 8.6 1.7 1.8 201	
8.5 8.6 2.3 2.4 60	
8.5 8.6 3.4 3.5 1	
8.5 8.6 4.0 4.1 1	
8.6 8.7 -0.5 -0.4 673	
8.6 8.7 -1.1 -1.0 412	
8.6 8.7 -1.6 -1.5 204	
8.6 8.7 -2.2 -2.1 64	
8.6 8.7 -3.3 -3.2 3	
8.6 8.7 0.1 0.2 714	
8.6 8.7 0.8 0.9 544	
8.6 8.7 1.2 1.3 334	
8.6 8.7 2.5 2.6 23	
8.6 8.7 3.1 3.2 6	
8.6 8.7 3.8 3.9 1	
8.7 8.8 -0.8 -0.7 400	
8.7 8.8 -1.9 -1.8 89	
8.7 8.8 -2.5 -2.4 31	
8.7 8.8 -3.6 -3.5 2	
8.7 8.8 0.3 0.4 512	
8.7 8.8 1.6 1.7 138	
8.7 8.8 1.9 2.0 87	
8.7 8.8 2.2 2.3 42	
8.7 8.8 3.5 3.6 1	
8.8 8.9 -0.2 -0.1 457	
8.8 8.9 -1.0 -0.9 269	
8.8 8.9 -1.3 -1.2 197	
8.8 8.9 -2.8 -2.7 8	
8.8 8.9 -3.9 -3.8 1	
8.8 8.9 0.0 0.1 415	
8.8 8.9 0.7 0.8 309	
8.8 8.9 1.3 1.4 168	
8.8 8.9 2.6 2.7 8	
8.8 8.9 2.9 3.0 7	
8.8 8.9 3.0 3.1 6	
8.9 9.0 -0.5 -0.4 286	
8.9 9.0 -0.9 -0.8 213	
8.9 9.0 -1.1 -1.0 171	
8.9 9.0 -2.2 -2.1 30	
8.9 9.0 -2.6 -2.5 8	
8.9 9.0 0.6 0.7 238	
8.9 9.0 0.9 1.0 217	
8.9 9.0 1.0 1.1 162	
8.9 9.0 1.7 1.8 61	
8.9 9.0 2.3 2.4 24	
8.9 9.0 4.2 4.3 1	
9.0 9.1 -0.9 -0.8 172	
9.0 9.1 -1.1 -1.0 138	
9.0 9.1 -1.5 -1.4 95	
9.0 9.1 -2.6 -2.5 10	
9.0 9.1 0.3 0.4 202	
9.0 9.1 1.6 1.7 60	
9.0 9.1 1.9 2.0 36	
9.0 9.1 2.2 2.3 20	
9.1 9.2 -0.1 0.0 174	
9.1 9.2 -0.3 -0.2 147	
9.1 9.2 -1.4 -1.3 49	
9.1 9.2 0.0 0.1 181	
9.1 9.2 0.7 0.8 135	
9.1 9.2 1.3 1.4 75	
9.1 9.2 2.6 2.7 6	
9.1 9.2 2.9 3.0 3	
9.1 9.2 3.0 3.1 1	
9.2 9.3 -0.2 -0.1 112	
9.2 9.3 -0.6 -0.5 128	
9.2 9.3 -1.7 -1.6 37	
9.2 9.3 -2.0 -1.9 14	
9.2 9.3 -2.3 -2.2 9	
9.2 9.3 -2.8 -2.7 2	
9.2 9.3 0.4 0.5 95	
9.2 9.3 1.7 1.8 19	
9.2 9.3 2.1 2.2 13	
9.2 9.3 2.8 2.9 1	
9.2 9.3 3.4 3.5 1	
9.3 9.4 -0.5 -0.4 84	
9.3 9.4 -0.9 -0.8 56	
9.3 9.4 -1.1 -1.0 56	
9.3 9.4 -2.2 -2.1 7	
9.3 9.4 0.6 0.7 60	
9.3 9.4 0.9 1.0 59	
9.3 9.4 1.2 1.3 52	
9.3 9.4 2.5 2.6 1	
9.4 9.5 -0.8 -0.7 54	
9.4 9.5 -1.4 -1.3 27	
9.4 9.5 -2.5 -2.4 2	
9.4 9.5 -3.1 -3.0 1	
9.4 9.5 0.3 0.4 57	
9.4 9.5 1.6 1.7 10	
9.4 9.5 1.9 2.0 12	
9.4 9.5 2.2 2.3 9	
9.5 9.6 -0.2 -0.1 32	
9.5 9.6 -1.0 -0.9 34	
9.5 9.6 -1.3 -1.2 24	
9.5 9.6 -1.7 -1.6 13	
9.5 9.6 -2.8 -2.7 2	
9.5 9.6 -3.4 -3.3 2	
9.5 9.6 0.0 0.1 46	
9.5 9.6 0.7 0.8 33	
9.5 9.6 1.3 1.4 20	
9.5 9.6 2.4 2.5 2	
9.5 9.6 3.0 3.1 1	
9.6 9.7 -0.1 0.0 31	
9.6 9.7 -0.5 -0.4 26	
9.6 9.7 -1.6 -1.5 8	
9.6 9.7 -2.2 -2.1 3	
9.6 9.7 0.2 0.3 30	
9.6 9.7 1.5 1.6 4	
9.6 9.7 2.1 2.2 5	
9.7 9.8 -0.4 -0.3 24	
9.7 9.8 -0.8 -0.7 10	
9.7 9.8 -1.9 -1.8 3	
9.7 9.8 -2.1 -2.0 1	
9.7 9.8 -2.5 -2.4 1	
9.7 9.8 0.6 0.7 20	
9.7 9.8 0.9 1.0 14	
9.7 9.8 1.2 1.3 21	
9.8 9.9 -0.7 -0.6 9	
9.8 9.9 -1.0 -0.9 14	
9.8 9.9 -1.3 -1.2 8	
9.8 9.9 -2.4 -2.3 1	
9.8 9.9 0.3 0.4 19	
9.8 9.9 1.6 1.7 1	
9.8 9.9 2.0 2.1 1	
9.8 9.9 2.7 2.8 1	
9.9 10.0 -0.1 0.0 10	
9.9 10.0 -0.4 -0.3 7	
9.9 10.0 -0.8 -0.7 13	
9.9 10.0 -1.9 -1.8 1	
9.9 10.0 -2.1 -2.0 1	
9.9 10.0 -2.5 -2.4 2	
9.9 10.0 0.6 0.7 10	
9.9 10.0 0.9 1.0 8	
9.9 10.0 1.0 1.1 6	
9.9 10.0 1.7 1.8 2	
9.9 10.0 2.3 2.4 1	
