-0.1 0.0 -0.5 -0.4 1487	
-0.1 0.0 -0.9 -0.8 2845	
-0.1 0.0 -1.1 -1.0 3996	
-0.1 0.0 -10.3 -10.2 2	
-0.1 0.0 -2.2 -2.1 16933	
-0.1 0.0 -3.7 -3.6 21428	
-0.1 0.0 -4.0 -3.9 18638	
-0.1 0.0 -4.8 -4.7 16280	
-0.1 0.0 -5.4 -5.3 20951	
-0.1 0.0 -6.5 -6.4 21406	
-0.1 0.0 -6.9 -6.8 16497	
-0.1 0.0 -7.1 -7.0 13469	
-0.1 0.0 -8.2 -8.1 2257	
-0.1 0.0 -8.6 -8.5 950	
-0.1 0.0 -9.7 -9.6 29	
-0.1 0.0 0.3 0.4 1359	
-0.1 0.0 1.6 1.7 9936	
-0.1 0.0 1.9 2.0 14202	
-0.1 0.0 10.1 10.2 5	
-0.1 0.0 10.5 10.6 1	
-0.1 0.0 2.2 2.3 18653	
-0.1 0.0 3.5 3.6 22210	
-0.1 0.0 4.6 4.7 15736	
-0.1 0.0 4.9 5.0 17577	
-0.1 0.0 5.2 5.3 20092	
-0.1 0.0 6.5 6.6 20517	
-0.1 0.0 7.1 7.2 12504	
-0.1 0.0 7.8 7.9 4205	
-0.1 0.0 8.4 8.5 1143	
-0.1 0.0 9.5 9.6 47	
-0.2 -0.1 -0.3 -0.2 1253	
-0.2 -0.1 -1.4 -1.3 6432	
-0.2 -0.1 -1.8 -1.7 11125	
-0.2 -0.1 -2.9 -2.8 24328	
-0.2 -0.1 -3.1 -3.0 24428	
-0.2 -0.1 -4.6 -4.5 15626	
-0.2 -0.1 -5.7 -5.6 22955	
-0.2 -0.1 -6.0 -5.9 24008	
-0.2 -0.1 -6.3 -6.2 22983	
-0.2 -0.1 -7.4 -7.3 9499	
-0.2 -0.1 -7.8 -7.7 5278	
-0.2 -0.1 -8.9 -8.8 399	
-0.2 -0.1 -9.1 -9.0 249	
-0.2 -0.1 -9.5 -9.4 51	
-0.2 -0.1 0.4 0.5 1513	
-0.2 -0.1 1.5 1.6 8522	
-0.2 -0.1 2.1 2.2 16977	
-0.2 -0.1 2.8 2.9 24204	
-0.2 -0.1 3.4 3.5 22847	
-0.2 -0.1 4.0 4.1 17447	
-0.2 -0.1 4.7 4.8 15968	
-0.2 -0.1 5.3 5.4 20584	
-0.2 -0.1 6.4 6.5 21382	
-0.2 -0.1 6.9 7.0 15203	
-0.2 -0.1 7.0 7.1 13565	
-0.2 -0.1 7.7 7.8 5177	
-0.2 -0.1 8.3 8.4 1469	
-0.2 -0.1 9.6 9.7 32	
-0.3 -0.2 -1.2 -1.1 4644	
-0.3 -0.2 -1.6 -1.5 8519	
-0.3 -0.2 -2.7 -2.6 22372	
-0.3 -0.2 -3.0 -2.9 24007	
-0.3 -0.2 -3.3 -3.2 23303	
-0.3 -0.2 -4.4 -4.3 15563	
-0.3 -0.2 -5.5 -5.4 20952	
-0.3 -0.2 -5.9 -5.8 23606	
-0.3 -0.2 -6.1 -6.0 23384	
-0.3 -0.2 -7.2 -7.1 11990	
-0.3 -0.2 -7.6 -7.5 6946	
-0.3 -0.2 -8.7 -8.6 744	
-0.3 -0.2 -9.0 -8.9 285	
-0.3 -0.2 -9.3 -9.2 116	
-0.3 -0.2 0.2 0.3 1259	
-0.3 -0.2 1.5 1.6 8552	
-0.3 -0.2 10.9 11.0 1	
-0.3 -0.2 2.1 2.2 16859	
-0.3 -0.2 2.8 2.9 23651	
-0.3 -0.2 3.4 3.5 22417	
-0.3 -0.2 4.5 4.6 15300	
-0.3 -0.2 5.1 5.2 18464	
-0.3 -0.2 5.8 5.9 23277	
-0.3 -0.2 6.4 6.5 21101	
-0.3 -0.2 7.0 7.1 13406	
-0.3 -0.2 7.7 7.8 4991	
-0.3 -0.2 8.3 8.4 1446	
-0.3 -0.2 9.6 9.7 29	
-0.4 -0.3 -0.8 -0.7 2434	
-0.4 -0.3 -1.4 -1.3 6132	
-0.4 -0.3 -2.5 -2.4 19982	
-0.4 -0.3 -2.9 -2.8 23447	
-0.4 -0.3 -3.1 -3.0 23448	
-0.4 -0.3 -4.2 -4.1 16337	
-0.4 -0.3 -4.6 -4.5 14833	
-0.4 -0.3 -5.7 -5.6 21810	
-0.4 -0.3 -6.0 -5.9 22384	
-0.4 -0.3 -6.8 -6.7 16963	
-0.4 -0.3 -7.4 -7.3 9077	
-0.4 -0.3 -8.5 -8.4 1101	
-0.4 -0.3 -8.9 -8.8 373	
-0.4 -0.3 -9.1 -9.0 208	
-0.4 -0.3 0.2 0.3 1370	
-0.4 -0.3 1.5 1.6 8480	
-0.4 -0.3 2.6 2.7 21921	
-0.4 -0.3 3.2 3.3 22840	
-0.4 -0.3 4.5 4.6 14825	
-0.4 -0.3 5.1 5.2 18129	
-0.4 -0.3 5.8 5.9 22734	
-0.4 -0.3 6.4 6.5 20255	
-0.4 -0.3 7.7 7.8 4826	
-0.4 -0.3 8.1 8.2 2219	
-0.4 -0.3 8.8 8.9 370	
-0.4 -0.3 9.4 9.5 47	
-0.5 -0.4 -0.1 0.0 1534	
-0.5 -0.4 -0.6 -0.5 2008	
-0.5 -0.4 -1.2 -1.1 4624	
-0.5 -0.4 -2.3 -2.2 16936	
-0.5 -0.4 -2.7 -2.6 21647	
-0.5 -0.4 -3.8 -3.7 18637	
-0.5 -0.4 -4.4 -4.3 14639	
-0.5 -0.4 -5.5 -5.4 19542	
-0.5 -0.4 -6.1 -6.0 21701	
-0.5 -0.4 -7.2 -7.1 10978	
-0.5 -0.4 -8.3 -8.2 1823	
-0.5 -0.4 -8.7 -8.6 636	
-0.5 -0.4 -9.0 -8.9 272	
-0.5 -0.4 -9.8 -9.7 18	
-0.5 -0.4 0.0 0.1 1497	
-0.5 -0.4 0.7 0.8 2545	
-0.5 -0.4 1.3 1.4 6286	
-0.5 -0.4 10.2 10.3 6	
-0.5 -0.4 10.6 10.7 1	
-0.5 -0.4 2.6 2.7 21259	
-0.5 -0.4 2.9 3.0 22708	
-0.5 -0.4 3.2 3.3 22229	
-0.5 -0.4 4.5 4.6 14221	
-0.5 -0.4 5.8 5.9 21896	
-0.5 -0.4 6.2 6.3 21092	
-0.5 -0.4 7.5 7.6 6470	
-0.5 -0.4 8.1 8.2 2132	
-0.5 -0.4 8.8 8.9 400	
-0.5 -0.4 9.4 9.5 57	
-0.5 -0.4 9.9 10.0 7	
-0.6 -0.5 -0.8 -0.7 2745	
-0.6 -0.5 -1.9 -1.8 11390	
-0.6 -0.5 -10.1 -10.0 6	
-0.6 -0.5 -2.5 -2.4 18811	
-0.6 -0.5 -3.6 -3.5 19522	
-0.6 -0.5 -4.2 -4.1 15033	
-0.6 -0.5 -5.0 -4.9 14982	
-0.6 -0.5 -5.3 -5.2 17181	
-0.6 -0.5 -5.7 -5.6 20183	
-0.6 -0.5 -6.8 -6.7 15571	
-0.6 -0.5 -7.4 -7.3 8334	
-0.6 -0.5 -7.9 -7.8 3787	
-0.6 -0.5 -8.5 -8.4 1075	
-0.6 -0.5 -9.6 -9.5 45	
-0.6 -0.5 0.0 0.1 1737	
-0.6 -0.5 0.7 0.8 2687	
-0.6 -0.5 1.3 1.4 6111	
-0.6 -0.5 10.4 10.5 1	
-0.6 -0.5 2.6 2.7 20590	
-0.6 -0.5 2.9 3.0 21974	
-0.6 -0.5 3.0 3.1 21766	
-0.6 -0.5 4.3 4.4 13840	
-0.6 -0.5 5.6 5.7 20023	
-0.6 -0.5 5.9 6.0 20496	
-0.6 -0.5 6.2 6.3 19952	
-0.6 -0.5 7.5 7.6 6163	
-0.6 -0.5 8.8 8.9 382	
-0.6 -0.5 9.2 9.3 91	
-0.7 -0.6 -0.6 -0.5 2366	
-0.7 -0.6 -1.2 -1.1 4594	
-0.7 -0.6 -10.2 -10.1 5	
-0.7 -0.6 -2.0 -1.9 12372	
-0.7 -0.6 -2.3 -2.2 15796	
-0.7 -0.6 -3.4 -3.3 20061	
-0.7 -0.6 -3.8 -3.7 17357	
-0.7 -0.6 -4.9 -4.8 13836	
-0.7 -0.6 -5.1 -5.0 14798	
-0.7 -0.6 -5.5 -5.4 17800	
-0.7 -0.6 -6.6 -6.5 16885	
-0.7 -0.6 -7.2 -7.1 10073	
-0.7 -0.6 -8.0 -7.9 2971	
-0.7 -0.6 -8.3 -8.2 1589	
-0.7 -0.6 -9.4 -9.3 66	
-0.7 -0.6 -9.8 -9.7 17	
-0.7 -0.6 0.0 0.1 1997	
-0.7 -0.6 0.7 0.8 2869	
-0.7 -0.6 1.1 1.2 4579	
-0.7 -0.6 2.4 2.5 18081	
-0.7 -0.6 3.0 3.1 20991	
-0.7 -0.6 3.7 3.8 17144	
-0.7 -0.6 4.3 4.4 13481	
-0.7 -0.6 5.6 5.7 18718	
-0.7 -0.6 5.9 6.0 19435	
-0.7 -0.6 6.0 6.1 19415	
-0.7 -0.6 7.3 7.4 7593	
-0.7 -0.6 8.6 8.7 572	
-0.7 -0.6 8.9 9.0 243	
-0.7 -0.6 9.2 9.3 112	
-0.8 -0.7 -0.4 -0.3 2437	
-0.8 -0.7 -0.8 -0.7 3018	
-0.8 -0.7 -1.9 -1.8 10577	
-0.8 -0.7 -10.3 -10.2 2	
-0.8 -0.7 -2.1 -2.0 12967	
-0.8 -0.7 -2.5 -2.4 17341	
-0.8 -0.7 -3.6 -3.5 18010	
-0.8 -0.7 -4.7 -4.6 12426	
-0.8 -0.7 -5.0 -4.9 13407	
-0.8 -0.7 -5.3 -5.2 15184	
-0.8 -0.7 -6.4 -6.3 17183	
-0.8 -0.7 -6.8 -6.7 13642	
-0.8 -0.7 -7.9 -7.8 3288	
-0.8 -0.7 -8.1 -8.0 2244	
-0.8 -0.7 -8.5 -8.4 871	
-0.8 -0.7 -9.6 -9.5 23	
-0.8 -0.7 0.5 0.6 2695	
-0.8 -0.7 1.1 1.2 4562	
-0.8 -0.7 1.8 1.9 10686	
-0.8 -0.7 10.0 10.1 3	
-0.8 -0.7 2.4 2.5 17398	
-0.8 -0.7 3.0 3.1 20217	
-0.8 -0.7 3.7 3.8 16433	
-0.8 -0.7 4.1 4.2 13491	
-0.8 -0.7 5.4 5.5 16477	
-0.8 -0.7 6.0 6.1 17972	
-0.8 -0.7 6.7 6.8 13598	
-0.8 -0.7 7.3 7.4 7164	
-0.8 -0.7 8.6 8.7 545	
-0.8 -0.7 8.9 9.0 237	
-0.8 -0.7 9.2 9.3 88	
-0.9 -0.8 -0.2 -0.1 2771	
-0.9 -0.8 -0.6 -0.5 3109	
-0.9 -0.8 -1.7 -1.6 8286	
-0.9 -0.8 -10.4 -10.3 4	
-0.9 -0.8 -2.0 -1.9 11141	
-0.9 -0.8 -2.3 -2.2 14499	
-0.9 -0.8 -3.4 -3.3 18698	
-0.9 -0.8 -4.5 -4.4 11677	
-0.9 -0.8 -4.9 -4.8 11805	
-0.9 -0.8 -5.1 -5.0 13168	
-0.9 -0.8 -6.2 -6.1 16594	
-0.9 -0.8 -6.6 -6.5 14522	
-0.9 -0.8 -7.7 -7.6 4246	
-0.9 -0.8 -8.0 -7.9 2545	
-0.9 -0.8 -8.3 -8.2 1362	
-0.9 -0.8 -9.4 -9.3 55	
-0.9 -0.8 0.5 0.6 2891	
-0.9 -0.8 1.1 1.2 4648	
-0.9 -0.8 1.8 1.9 10239	
-0.9 -0.8 10.2 10.3 1	
-0.9 -0.8 2.2 2.3 14477	
-0.9 -0.8 3.5 3.6 17186	
-0.9 -0.8 4.1 4.2 12717	
-0.9 -0.8 4.8 4.9 12088	
-0.9 -0.8 5.4 5.5 15054	
-0.9 -0.8 6.0 6.1 16720	
-0.9 -0.8 6.7 6.8 12681	
-0.9 -0.8 7.3 7.4 6628	
-0.9 -0.8 8.4 8.5 843	
-0.9 -0.8 9.0 9.1 140	
-0.9 -0.8 9.7 9.8 25	
-0.9 -0.8 9.9 10.0 4	
-1.0 -0.9 -0.2 -0.1 3344	
-1.0 -0.9 -0.6 -0.5 3461	
-1.0 -0.9 -1.7 -1.6 7769	
-1.0 -0.9 -10.3 -10.2 1	
-1.0 -0.9 -2.0 -1.9 10871	
-1.0 -0.9 -2.3 -2.2 13962	
-1.0 -0.9 -3.4 -3.3 17490	
-1.0 -0.9 -4.9 -4.8 10974	
-1.0 -0.9 -5.1 -5.0 12064	
-1.0 -0.9 -6.2 -6.1 15369	
-1.0 -0.9 -6.6 -6.5 13089	
-1.0 -0.9 -7.7 -7.6 3933	
-1.0 -0.9 -8.0 -7.9 2292	
-1.0 -0.9 -8.3 -8.2 1245	
-1.0 -0.9 -9.4 -9.3 63	
-1.0 -0.9 0.3 0.4 3369	
-1.0 -0.9 1.6 1.7 8022	
-1.0 -0.9 1.9 2.0 10891	
-1.0 -0.9 2.2 2.3 13921	
-1.0 -0.9 3.5 3.6 16656	
-1.0 -0.9 4.6 4.7 10719	
-1.0 -0.9 4.9 5.0 11429	
-1.0 -0.9 5.2 5.3 12808	
-1.0 -0.9 6.5 6.6 12974	
-1.0 -0.9 7.1 7.2 7816	
-1.0 -0.9 7.8 7.9 2718	
-1.0 -0.9 8.4 8.5 761	
-1.0 -0.9 9.5 9.6 25	
-1.1 -1.0 -0.8 -0.7 3999	
-1.1 -1.0 -1.4 -1.3 5922	
-1.1 -1.0 -1.9 -1.8 9597	
-1.1 -1.0 -10.1 -10.0 5	
-1.1 -1.0 -2.5 -2.4 15066	
-1.1 -1.0 -3.6 -3.5 15565	
-1.1 -1.0 -4.2 -4.1 11351	
-1.1 -1.0 -5.3 -5.2 11774	
-1.1 -1.0 -5.7 -5.6 13436	
-1.1 -1.0 -6.8 -6.7 10556	
-1.1 -1.0 -7.4 -7.3 5387	
-1.1 -1.0 -8.5 -8.4 669	
-1.1 -1.0 -9.1 -9.0 124	
-1.1 -1.0 -9.6 -9.5 22	
-1.1 -1.0 0.5 0.6 4143	
-1.1 -1.0 1.8 1.9 9515	
-1.1 -1.0 2.2 2.3 13510	
-1.1 -1.0 3.5 3.6 15546	
-1.1 -1.0 4.1 4.2 11409	
-1.1 -1.0 4.8 4.9 10074	
-1.1 -1.0 5.4 5.5 12586	
-1.1 -1.0 6.7 6.8 10528	
-1.1 -1.0 7.1 7.2 7040	
-1.1 -1.0 7.8 7.9 2584	
-1.1 -1.0 8.4 8.5 679	
-1.1 -1.0 9.0 9.1 110	
-1.1 -1.0 9.7 9.8 15	
-1.2 -1.1 -0.6 -0.5 4526	
-1.2 -1.1 -1.2 -1.1 5219	
-1.2 -1.1 -10.2 -10.1 3	
-1.2 -1.1 -2.0 -1.9 10288	
-1.2 -1.1 -2.3 -2.2 12949	
-1.2 -1.1 -3.8 -3.7 13531	
-1.2 -1.1 -4.9 -4.8 9501	
-1.2 -1.1 -5.1 -5.0 9953	
-1.2 -1.1 -5.5 -5.4 11445	
-1.2 -1.1 -6.6 -6.5 10727	
-1.2 -1.1 -7.2 -7.1 6324	
-1.2 -1.1 -8.0 -7.9 1864	
-1.2 -1.1 -8.3 -8.2 966	
-1.2 -1.1 -9.8 -9.7 10	
-1.2 -1.1 0.3 0.4 4743	
-1.2 -1.1 1.6 1.7 7775	
-1.2 -1.1 1.9 2.0 10215	
-1.2 -1.1 2.2 2.3 12964	
-1.2 -1.1 3.5 3.6 14860	
-1.2 -1.1 4.8 4.9 9315	
-1.2 -1.1 5.2 5.3 10500	
-1.2 -1.1 6.5 6.6 10440	
-1.2 -1.1 7.1 7.2 6251	
-1.2 -1.1 7.8 7.9 2161	
-1.2 -1.1 8.4 8.5 616	
-1.2 -1.1 9.0 9.1 125	
-1.2 -1.1 9.7 9.8 11	
-1.3 -1.2 -0.4 -0.3 5324	
-1.3 -1.2 -0.8 -0.7 5219	
-1.3 -1.2 -1.9 -1.8 9140	
-1.3 -1.2 -2.1 -2.0 10851	
-1.3 -1.2 -2.5 -2.4 14030	
-1.3 -1.2 -3.6 -3.5 14436	
-1.3 -1.2 -4.2 -4.1 10098	
-1.3 -1.2 -4.7 -4.6 8734	
-1.3 -1.2 -5.0 -4.9 8636	
-1.3 -1.2 -5.3 -5.2 9540	
-1.3 -1.2 -6.4 -6.3 10398	
-1.3 -1.2 -6.8 -6.7 8454	
-1.3 -1.2 -7.9 -7.8 2002	
-1.3 -1.2 -8.1 -8.0 1363	
-1.3 -1.2 -8.5 -8.4 524	
-1.3 -1.2 -9.6 -9.5 18	
-1.3 -1.2 0.3 0.4 5483	
-1.3 -1.2 1.6 1.7 7679	
-1.3 -1.2 1.9 2.0 10100	
-1.3 -1.2 10.0 10.1 5	
-1.3 -1.2 2.0 2.1 10789	
-1.3 -1.2 3.3 3.4 15831	
-1.3 -1.2 4.6 4.7 8400	
-1.3 -1.2 4.9 5.0 8879	
-1.3 -1.2 5.2 5.3 9482	
-1.3 -1.2 6.5 6.6 9379	
-1.3 -1.2 7.1 7.2 5531	
-1.3 -1.2 7.8 7.9 1991	
-1.3 -1.2 8.2 8.3 873	
-1.3 -1.2 9.5 9.6 18	
-1.4 -1.3 -0.2 -0.1 6494	
-1.4 -1.3 -0.6 -0.5 6112	
-1.4 -1.3 -1.7 -1.6 8030	
-1.4 -1.3 -2.0 -1.9 9950	
-1.4 -1.3 -2.3 -2.2 12406	
-1.4 -1.3 -3.4 -3.3 14936	
-1.4 -1.3 -4.9 -4.8 7761	
-1.4 -1.3 -5.1 -5.0 8037	
-1.4 -1.3 -6.2 -6.1 9634	
-1.4 -1.3 -6.6 -6.5 8339	
-1.4 -1.3 -7.7 -7.6 2380	
-1.4 -1.3 -8.0 -7.9 1477	
-1.4 -1.3 -8.3 -8.2 776	
-1.4 -1.3 -9.4 -9.3 25	
-1.4 -1.3 -9.8 -9.7 10	
-1.4 -1.3 0.1 0.2 6452	
-1.4 -1.3 1.4 1.5 6815	
-1.4 -1.3 10.2 10.3 1	
-1.4 -1.3 2.0 2.1 10585	
-1.4 -1.3 2.7 2.8 15464	
-1.4 -1.3 3.3 3.4 15154	
-1.4 -1.3 4.6 4.7 7686	
-1.4 -1.3 4.9 5.0 7843	
-1.4 -1.3 5.2 5.3 8565	
-1.4 -1.3 6.3 6.4 9073	
-1.4 -1.3 7.6 7.7 2392	
-1.4 -1.3 7.9 8.0 1438	
-1.4 -1.3 8.2 8.3 777	
-1.4 -1.3 9.5 9.6 18	
-1.4 -1.3 9.9 10.0 4	
-1.5 -1.4 -0.4 -0.3 7145	
-1.5 -1.4 -1.5 -1.4 7211	
-1.5 -1.4 -1.9 -1.8 9315	
-1.5 -1.4 -2.1 -2.0 10931	
-1.5 -1.4 -3.2 -3.1 15607	
-1.5 -1.4 -3.6 -3.5 13721	
-1.5 -1.4 -4.7 -4.6 7372	
-1.5 -1.4 -5.0 -4.9 7218	
-1.5 -1.4 -5.3 -5.2 7441	
-1.5 -1.4 -5.8 -5.7 8289	
-1.5 -1.4 -6.4 -6.3 7835	
-1.5 -1.4 -7.5 -7.4 2959	
-1.5 -1.4 -7.9 -7.8 1504	
-1.5 -1.4 -8.1 -8.0 1045	
-1.5 -1.4 -9.2 -9.1 62	
-1.5 -1.4 -9.6 -9.5 20	
-1.5 -1.4 0.1 0.2 7514	
-1.5 -1.4 0.8 0.9 6519	
-1.5 -1.4 1.4 1.5 7201	
-1.5 -1.4 10.0 10.1 5	
-1.5 -1.4 2.0 2.1 10638	
-1.5 -1.4 2.7 2.8 15223	
-1.5 -1.4 3.3 3.4 14764	
-1.5 -1.4 4.4 4.5 8046	
-1.5 -1.4 5.0 5.1 7243	
-1.5 -1.4 5.7 5.8 8450	
-1.5 -1.4 6.3 6.4 7815	
-1.5 -1.4 7.6 7.7 2048	
-1.5 -1.4 7.9 8.0 1244	
-1.5 -1.4 8.2 8.3 631	
-1.5 -1.4 9.3 9.4 29	
-1.6 -1.5 -0.2 -0.1 8625	
-1.6 -1.5 -1.3 -1.2 7223	
-1.6 -1.5 -1.7 -1.6 8314	
-1.6 -1.5 -2.0 -1.9 10307	
-1.6 -1.5 -2.8 -2.7 15100	
-1.6 -1.5 -3.4 -3.3 14884	
-1.6 -1.5 -4.5 -4.4 7450	
-1.6 -1.5 -4.9 -4.8 6577	
-1.6 -1.5 -5.1 -5.0 6565	
-1.6 -1.5 -6.2 -6.1 7120	
-1.6 -1.5 -7.7 -7.6 1830	
-1.6 -1.5 -8.0 -7.9 1095	
-1.6 -1.5 -8.8 -8.7 171	
-1.6 -1.5 -9.4 -9.3 21	
-1.6 -1.5 0.1 0.2 8699	
-1.6 -1.5 0.8 0.9 7354	
-1.6 -1.5 1.4 1.5 7678	
-1.6 -1.5 2.5 2.6 14524	
-1.6 -1.5 3.1 3.2 15550	
-1.6 -1.5 3.8 3.9 11509	
-1.6 -1.5 4.4 4.5 7588	
-1.6 -1.5 5.0 5.1 6462	
-1.6 -1.5 5.7 5.8 7310	
-1.6 -1.5 6.3 6.4 6802	
-1.6 -1.5 7.4 7.5 2472	
-1.6 -1.5 8.0 8.1 818	
-1.6 -1.5 8.7 8.8 158	
-1.6 -1.5 9.3 9.4 26	
-1.7 -1.6 -0.4 -0.3 9396	
-1.7 -1.6 -0.9 -0.8 8251	
-1.7 -1.6 -1.5 -1.4 8127	
-1.7 -1.6 -2.6 -2.5 14649	
-1.7 -1.6 -3.2 -3.1 15789	
-1.7 -1.6 -4.3 -4.2 8642	
-1.7 -1.6 -4.7 -4.6 6442	
-1.7 -1.6 -5.8 -5.7 6451	
-1.7 -1.6 -6.4 -6.3 5796	
-1.7 -1.6 -7.5 -7.4 2235	
-1.7 -1.6 -8.1 -8.0 746	
-1.7 -1.6 -8.6 -8.5 258	
-1.7 -1.6 -9.2 -9.1 44	
-1.7 -1.6 0.6 0.7 8869	
-1.7 -1.6 0.9 1.0 7761	
-1.7 -1.6 1.2 1.3 7872	
-1.7 -1.6 2.5 2.6 14585	
-1.7 -1.6 3.1 3.2 15678	
-1.7 -1.6 3.8 3.9 11583	
-1.7 -1.6 4.4 4.5 7518	
-1.7 -1.6 5.5 5.6 6064	
-1.7 -1.6 6.1 6.2 6212	
-1.7 -1.6 6.8 6.9 4181	
-1.7 -1.6 7.4 7.5 2210	
-1.7 -1.6 8.0 8.1 711	
-1.7 -1.6 8.7 8.8 137	
-1.7 -1.6 9.3 9.4 29	
-1.8 -1.7 -0.2 -0.1 11316	
-1.8 -1.7 -1.0 -0.9 8853	
-1.8 -1.7 -1.3 -1.2 8435	
-1.8 -1.7 -2.8 -2.7 16020	
-1.8 -1.7 -3.9 -3.8 11713	
-1.8 -1.7 -4.1 -4.0 10059	
-1.8 -1.7 -4.5 -4.4 7181	
-1.8 -1.7 -5.6 -5.5 5418	
-1.8 -1.7 -6.2 -6.1 5211	
-1.8 -1.7 -7.0 -6.9 3225	
-1.8 -1.7 -7.3 -7.2 2311	
-1.8 -1.7 -7.7 -7.6 1342	
-1.8 -1.7 -8.8 -8.7 117	
-1.8 -1.7 -9.9 -9.8 5	
-1.8 -1.7 0.6 0.7 9726	
-1.8 -1.7 0.9 1.0 9004	
-1.8 -1.7 1.2 1.3 8481	
-1.8 -1.7 2.5 2.6 15026	
-1.8 -1.7 3.6 3.7 13416	
-1.8 -1.7 3.9 4.0 11006	
-1.8 -1.7 4.2 4.3 8529	
-1.8 -1.7 5.5 5.6 5372	
-1.8 -1.7 6.1 6.2 5297	
-1.8 -1.7 6.8 6.9 3581	
-1.8 -1.7 7.4 7.5 1802	
-1.8 -1.7 8.5 8.6 192	
-1.8 -1.7 9.1 9.2 27	
-1.8 -1.7 9.8 9.9 5	
-1.9 -1.8 -0.9 -0.8 10123	
-1.9 -1.8 -1.1 -1.0 9562	
-1.9 -1.8 -1.5 -1.4 9361	
-1.9 -1.8 -10.1 -10.0 2	
-1.9 -1.8 -2.6 -2.5 15515	
-1.9 -1.8 -3.2 -3.1 16370	
-1.9 -1.8 -3.7 -3.6 13627	
-1.9 -1.8 -4.0 -3.9 11118	
-1.9 -1.8 -4.3 -4.2 8480	
-1.9 -1.8 -5.4 -5.3 4547	
-1.9 -1.8 -5.8 -5.7 4600	
-1.9 -1.8 -6.9 -6.8 3034	
-1.9 -1.8 -7.1 -7.0 2501	
-1.9 -1.8 -7.5 -7.4 1552	
-1.9 -1.8 -8.6 -8.5 157	
-1.9 -1.8 -9.2 -9.1 40	
-1.9 -1.8 0.6 0.7 11020	
-1.9 -1.8 0.9 1.0 9843	
-1.9 -1.8 1.0 1.1 9494	
-1.9 -1.8 1.7 1.8 10033	
-1.9 -1.8 2.3 2.4 14221	
-1.9 -1.8 3.6 3.7 13964	
-1.9 -1.8 3.9 4.0 11230	
-1.9 -1.8 4.2 4.3 8523	
-1.9 -1.8 5.5 5.6 4541	
-1.9 -1.8 6.6 6.7 3522	
-1.9 -1.8 6.9 7.0 2763	
-1.9 -1.8 7.2 7.3 2020	
-1.9 -1.8 8.5 8.6 158	
-1.9 -1.8 9.1 9.2 27	
-1.9 -1.8 9.8 9.9 2	
-10.0 -9.9 -0.1 0.0 10	
-10.0 -9.9 -0.4 -0.3 11	
-10.0 -9.9 -1.5 -1.4 4	
-10.0 -9.9 -2.1 -2.0 1	
-10.0 -9.9 0.2 0.3 14	
-10.0 -9.9 1.3 1.4 3	
-10.1 -10.0 -0.4 -0.3 4	
-10.1 -10.0 -1.5 -1.4 2	
-10.1 -10.0 -2.1 -2.0 1	
-10.1 -10.0 0.6 0.7 9	
-10.1 -10.0 0.9 1.0 3	
-10.1 -10.0 1.0 1.1 6	
-10.1 -10.0 1.2 1.3 3	
-10.2 -10.1 -0.2 -0.1 2	
-10.2 -10.1 -1.3 -1.2 1	
-10.2 -10.1 0.2 0.3 5	
-10.2 -10.1 1.5 1.6 1	
-10.2 -10.1 2.1 2.2 1	
-10.3 -10.2 -0.9 -0.8 1	
-10.3 -10.2 -1.5 -1.4 2	
-10.3 -10.2 0.0 0.1 1	
-10.3 -10.2 0.7 0.8 1	
-10.4 -10.3 -0.2 -0.1 3	
-10.4 -10.3 -1.0 -0.9 3	
-10.4 -10.3 -1.3 -1.2 2	
-10.4 -10.3 0.5 0.6 2	
-10.4 -10.3 1.8 1.9 3	
-10.5 -10.4 -0.9 -0.8 1	
-10.5 -10.4 -1.1 -1.0 2	
-10.5 -10.4 1.4 1.5 1	
-10.6 -10.5 -0.7 -0.6 1	
-10.7 -10.6 1.0 1.1 1	
-10.8 -10.7 -1.0 -0.9 1	
-10.9 -10.8 -0.5 -0.4 1	
-10.9 -10.8 -2.2 -2.1 1	
-11.4 -11.3 -0.5 -0.4 1	
-2.0 -1.9 -0.1 0.0 14237	
-2.0 -1.9 -0.9 -0.8 11354	
-2.0 -1.9 -1.1 -1.0 10469	
-2.0 -1.9 -1.5 -1.4 10018	
-2.0 -1.9 -2.6 -2.5 15979	
-2.0 -1.9 -3.2 -3.1 17083	
-2.0 -1.9 -3.7 -3.6 14330	
-2.0 -1.9 -4.0 -3.9 11545	
-2.0 -1.9 -4.3 -4.2 8874	
-2.0 -1.9 -5.4 -5.3 3997	
-2.0 -1.9 -5.8 -5.7 3756	
-2.0 -1.9 -6.9 -6.8 2518	
-2.0 -1.9 -7.1 -7.0 2095	
-2.0 -1.9 -7.5 -7.4 1247	
-2.0 -1.9 -8.6 -8.5 155	
-2.0 -1.9 -9.2 -9.1 24	
-2.0 -1.9 0.4 0.5 13135	
-2.0 -1.9 1.0 1.1 10653	
-2.0 -1.9 1.7 1.8 10872	
-2.0 -1.9 2.1 2.2 13567	
-2.0 -1.9 2.8 2.9 17314	
-2.0 -1.9 3.4 3.5 15658	
-2.0 -1.9 4.0 4.1 10553	
-2.0 -1.9 4.7 4.8 5436	
-2.0 -1.9 5.3 5.4 3941	
-2.0 -1.9 6.6 6.7 2886	
-2.0 -1.9 6.9 7.0 2272	
-2.0 -1.9 7.0 7.1 2055	
-2.0 -1.9 8.3 8.4 234	
-2.0 -1.9 9.6 9.7 5	
-2.0 -1.9 9.9 10.0 2	
-2.1 -2.0 -0.2 -0.1 15386	
-2.1 -2.0 -1.7 -1.6 11458	
-2.1 -2.0 -2.0 -1.9 12760	
-2.1 -2.0 -2.8 -2.7 17893	
-2.1 -2.0 -3.4 -3.3 17206	
-2.1 -2.0 -4.5 -4.4 7149	
-2.1 -2.0 -4.9 -4.8 4885	
-2.1 -2.0 -5.1 -5.0 4077	
-2.1 -2.0 -6.2 -6.1 2979	
-2.1 -2.0 -6.6 -6.5 2603	
-2.1 -2.0 -7.7 -7.6 769	
-2.1 -2.0 -8.0 -7.9 447	
-2.1 -2.0 -8.8 -8.7 73	
-2.1 -2.0 -9.4 -9.3 15	
-2.1 -2.0 0.4 0.5 14570	
-2.1 -2.0 1.0 1.1 11594	
-2.1 -2.0 1.7 1.8 11516	
-2.1 -2.0 2.3 2.4 15525	
-2.1 -2.0 3.6 3.7 14665	
-2.1 -2.0 3.9 4.0 11934	
-2.1 -2.0 4.2 4.3 8915	
-2.1 -2.0 5.3 5.4 3549	
-2.1 -2.0 6.6 6.7 2413	
-2.1 -2.0 6.9 7.0 1849	
-2.1 -2.0 7.2 7.3 1363	
-2.1 -2.0 8.5 8.6 105	
-2.1 -2.0 9.1 9.2 22	
-2.1 -2.0 9.8 9.9 3	
-2.2 -2.1 -0.4 -0.3 16156	
-2.2 -2.1 -1.5 -1.4 11704	
-2.2 -2.1 -2.1 -2.0 13916	
-2.2 -2.1 -2.6 -2.5 17743	
-2.2 -2.1 -3.2 -3.1 18641	
-2.2 -2.1 -4.3 -4.2 9259	
-2.2 -2.1 -4.7 -4.6 5842	
-2.2 -2.1 -5.8 -5.7 2705	
-2.2 -2.1 -6.4 -6.3 2390	
-2.2 -2.1 -7.5 -7.4 815	
-2.2 -2.1 -8.1 -8.0 289	
-2.2 -2.1 -9.2 -9.1 18	
-2.2 -2.1 0.4 0.5 15678	
-2.2 -2.1 1.0 1.1 12617	
-2.2 -2.1 1.7 1.8 12223	
-2.2 -2.1 2.3 2.4 16697	
-2.2 -2.1 3.4 3.5 17402	
-2.2 -2.1 4.0 4.1 11331	
-2.2 -2.1 4.7 4.8 5212	
-2.2 -2.1 5.3 5.4 3206	
-2.2 -2.1 6.6 6.7 2005	
-2.2 -2.1 6.9 7.0 1537	
-2.2 -2.1 7.2 7.3 1088	
-2.2 -2.1 8.3 8.4 157	
-2.2 -2.1 9.6 9.7 2	
-2.3 -2.2 -0.2 -0.1 18364	
-2.3 -2.2 -1.0 -0.9 14011	
-2.3 -2.2 -1.3 -1.2 12634	
-2.3 -2.2 -1.7 -1.6 12679	
-2.3 -2.2 -2.8 -2.7 19559	
-2.3 -2.2 -3.9 -3.8 14115	
-2.3 -2.2 -4.5 -4.4 7567	
-2.3 -2.2 -5.6 -5.5 2512	
-2.3 -2.2 -6.2 -6.1 2030	
-2.3 -2.2 -7.0 -6.9 1225	
-2.3 -2.2 -7.3 -7.2 846	
-2.3 -2.2 -7.7 -7.6 514	
-2.3 -2.2 -8.8 -8.7 38	
-2.3 -2.2 -9.4 -9.3 7	
-2.3 -2.2 0.4 0.5 17028	
-2.3 -2.2 1.5 1.6 12407	
-2.3 -2.2 2.1 2.2 15776	
-2.3 -2.2 2.8 2.9 20124	
-2.3 -2.2 3.4 3.5 18132	
-2.3 -2.2 4.0 4.1 11796	
-2.3 -2.2 4.7 4.8 5184	
-2.3 -2.2 5.3 5.4 2796	
-2.3 -2.2 6.4 6.5 1770	
-2.3 -2.2 6.9 7.0 1263	
-2.3 -2.2 7.0 7.1 1101	
-2.3 -2.2 7.7 7.8 361	
-2.3 -2.2 8.3 8.4 118	
-2.3 -2.2 9.6 9.7 2	
-2.4 -2.3 -0.9 -0.8 15357	
-2.4 -2.3 -1.1 -1.0 14218	
-2.4 -2.3 -1.5 -1.4 13048	
-2.4 -2.3 -10.1 -10.0 1	
-2.4 -2.3 -2.6 -2.5 19672	
-2.4 -2.3 -3.2 -3.1 21002	
-2.4 -2.3 -4.0 -3.9 13422	
-2.4 -2.3 -4.3 -4.2 9794	
-2.4 -2.3 -5.4 -5.3 2487	
-2.4 -2.3 -5.8 -5.7 1935	
-2.4 -2.3 -6.9 -6.8 1077	
-2.4 -2.3 -7.1 -7.0 871	
-2.4 -2.3 -7.5 -7.4 547	
-2.4 -2.3 -8.6 -8.5 63	
-2.4 -2.3 -9.2 -9.1 14	
-2.4 -2.3 0.2 0.3 19254	
-2.4 -2.3 1.5 1.6 12909	
-2.4 -2.3 2.1 2.2 16456	
-2.4 -2.3 2.8 2.9 20973	
-2.4 -2.3 3.4 3.5 18898	
-2.4 -2.3 4.5 4.6 6788	
-2.4 -2.3 5.1 5.2 3137	
-2.4 -2.3 5.8 5.9 1854	
-2.4 -2.3 6.4 6.5 1446	
-2.4 -2.3 7.0 7.1 878	
-2.4 -2.3 7.7 7.8 327	
-2.4 -2.3 8.3 8.4 103	
-2.4 -2.3 9.6 9.7 4	
-2.5 -2.4 -0.7 -0.6 18030	
-2.5 -2.4 -1.0 -0.9 15774	
-2.5 -2.4 -1.3 -1.2 14257	
-2.5 -2.4 -2.4 -2.3 18993	
-2.5 -2.4 -2.8 -2.7 21494	
-2.5 -2.4 -3.9 -3.8 15101	
-2.5 -2.4 -4.1 -4.0 12808	
-2.5 -2.4 -4.5 -4.4 7952	
-2.5 -2.4 -5.6 -5.5 1910	
-2.5 -2.4 -6.7 -6.6 990	
-2.5 -2.4 -7.0 -6.9 780	
-2.5 -2.4 -7.3 -7.2 538	
-2.5 -2.4 -8.4 -8.3 67	
-2.5 -2.4 -8.8 -8.7 26	
-2.5 -2.4 -9.9 -9.8 2	
-2.5 -2.4 0.2 0.3 20741	
-2.5 -2.4 1.5 1.6 13729	
-2.5 -2.4 2.6 2.7 21107	
-2.5 -2.4 2.9 3.0 22102	
-2.5 -2.4 3.2 3.3 21138	
-2.5 -2.4 4.5 4.6 6872	
-2.5 -2.4 5.1 5.2 2987	
-2.5 -2.4 5.8 5.9 1579	
-2.5 -2.4 6.4 6.5 1172	
-2.5 -2.4 7.7 7.8 236	
-2.5 -2.4 8.1 8.2 102	
-2.5 -2.4 8.8 8.9 29	
-2.5 -2.4 9.4 9.5 3	
-2.6 -2.5 -0.1 0.0 22015	
-2.6 -2.5 -0.5 -0.4 20521	
-2.6 -2.5 -0.9 -0.8 17346	
-2.6 -2.5 -1.1 -1.0 15761	
-2.6 -2.5 -2.2 -2.1 17765	
-2.6 -2.5 -2.6 -2.5 21156	
-2.6 -2.5 -3.7 -3.6 18217	
-2.6 -2.5 -4.0 -3.9 14591	
-2.6 -2.5 -4.3 -4.2 10484	
-2.6 -2.5 -5.4 -5.3 2170	
-2.6 -2.5 -6.9 -6.8 687	
-2.6 -2.5 -7.1 -7.0 507	
-2.6 -2.5 -8.2 -8.1 106	
-2.6 -2.5 -8.6 -8.5 45	
-2.6 -2.5 -9.7 -9.6 1	
-2.6 -2.5 0.0 0.1 22191	
-2.6 -2.5 0.7 0.8 18114	
-2.6 -2.5 1.3 1.4 14527	
-2.6 -2.5 10.1 10.2 1	
-2.6 -2.5 10.5 10.6 1	
-2.6 -2.5 2.6 2.7 21727	
-2.6 -2.5 2.9 3.0 22696	
-2.6 -2.5 3.2 3.3 21956	
-2.6 -2.5 4.5 4.6 7135	
-2.6 -2.5 5.8 5.9 1293	
-2.6 -2.5 6.2 6.3 1043	
-2.6 -2.5 7.5 7.6 244	
-2.6 -2.5 8.1 8.2 91	
-2.6 -2.5 8.8 8.9 15	
-2.6 -2.5 9.4 9.5 4	
-2.7 -2.6 -0.7 -0.6 19744	
-2.7 -2.6 -1.0 -0.9 17288	
-2.7 -2.6 -1.8 -1.7 15454	
-2.7 -2.6 -2.4 -2.3 20181	
-2.7 -2.6 -3.5 -3.4 20989	
-2.7 -2.6 -3.9 -3.8 16572	
-2.7 -2.6 -4.1 -4.0 13600	
-2.7 -2.6 -5.2 -5.1 2744	
-2.7 -2.6 -5.6 -5.5 1509	
-2.7 -2.6 -6.7 -6.6 560	
-2.7 -2.6 -7.0 -6.9 475	
-2.7 -2.6 -7.8 -7.7 134	
-2.7 -2.6 -8.4 -8.3 51	
-2.7 -2.6 -9.5 -9.4 3	
-2.7 -2.6 -9.9 -9.8 1	
-2.7 -2.6 0.0 0.1 23117	
-2.7 -2.6 0.7 0.8 18759	
-2.7 -2.6 1.3 1.4 14906	
-2.7 -2.6 2.6 2.7 22534	
-2.7 -2.6 2.9 3.0 23235	
-2.7 -2.6 3.0 3.1 23362	
-2.7 -2.6 4.3 4.4 9561	
-2.7 -2.6 5.6 5.7 1363	
-2.7 -2.6 5.9 6.0 970	
-2.7 -2.6 6.2 6.3 833	
-2.7 -2.6 7.5 7.6 221	
-2.7 -2.6 8.8 8.9 22	
-2.7 -2.6 9.2 9.3 1	
-2.8 -2.7 -0.5 -0.4 22100	
-2.8 -2.7 -1.1 -1.0 16838	
-2.8 -2.7 -2.2 -2.1 18650	
-2.8 -2.7 -3.3 -3.2 23397	
-2.8 -2.7 -3.7 -3.6 19065	
-2.8 -2.7 -4.0 -3.9 15196	
-2.8 -2.7 -4.8 -4.7 5295	
-2.8 -2.7 -5.4 -5.3 1947	
-2.8 -2.7 -6.5 -6.4 584	
-2.8 -2.7 -7.1 -7.0 348	
-2.8 -2.7 -8.2 -8.1 51	
-2.8 -2.7 -9.3 -9.2 2	
-2.8 -2.7 0.0 0.1 23651	
-2.8 -2.7 0.7 0.8 19739	
-2.8 -2.7 1.1 1.2 16366	
-2.8 -2.7 2.4 2.5 21182	
-2.8 -2.7 3.0 3.1 23959	
-2.8 -2.7 3.7 3.8 17952	
-2.8 -2.7 4.3 4.4 9524	
-2.8 -2.7 5.6 5.7 1242	
-2.8 -2.7 5.9 6.0 878	
-2.8 -2.7 6.0 6.1 795	
-2.8 -2.7 7.3 7.4 220	
-2.8 -2.7 8.6 8.7 18	
-2.8 -2.7 8.9 9.0 4	
-2.8 -2.7 9.2 9.3 4	
-2.9 -2.8 -0.3 -0.2 23473	
-2.9 -2.8 -0.7 -0.6 20825	
-2.9 -2.8 -1.8 -1.7 16130	
-2.9 -2.8 -2.9 -2.8 24076	
-2.9 -2.8 -3.5 -3.4 21630	
-2.9 -2.8 -4.6 -4.5 7454	
-2.9 -2.8 -5.2 -5.1 2662	
-2.9 -2.8 -6.3 -6.2 544	
-2.9 -2.8 -6.7 -6.6 329	
-2.9 -2.8 -7.8 -7.7 98	
-2.9 -2.8 -8.4 -8.3 27	
-2.9 -2.8 -8.9 -8.8 8	
-2.9 -2.8 -9.5 -9.4 4	
-2.9 -2.8 0.5 0.6 21796	
-2.9 -2.8 1.1 1.2 16621	
-2.9 -2.8 1.8 1.9 16709	
-2.9 -2.8 2.4 2.5 21779	
-2.9 -2.8 3.0 3.1 24377	
-2.9 -2.8 3.7 3.8 18225	
-2.9 -2.8 4.1 4.2 12523	
-2.9 -2.8 5.4 5.5 1647	
-2.9 -2.8 6.0 6.1 643	
-2.9 -2.8 6.7 6.8 319	
-2.9 -2.8 7.3 7.4 183	
-2.9 -2.8 8.6 8.7 16	
-2.9 -2.8 8.9 9.0 3	
-2.9 -2.8 9.0 9.1 4	
-2.9 -2.8 9.2 9.3 1	
-3.0 -2.9 -0.3 -0.2 23843	
-3.0 -2.9 -0.7 -0.6 21035	
-3.0 -2.9 -1.8 -1.7 16292	
-3.0 -2.9 -2.9 -2.8 24304	
-3.0 -2.9 -3.5 -3.4 21843	
-3.0 -2.9 -4.6 -4.5 7272	
-3.0 -2.9 -5.2 -5.1 2626	
-3.0 -2.9 -6.3 -6.2 420	
-3.0 -2.9 -6.7 -6.6 287	
-3.0 -2.9 -7.8 -7.7 69	
-3.0 -2.9 -8.4 -8.3 18	
-3.0 -2.9 -8.9 -8.8 4	
-3.0 -2.9 0.3 0.4 23158	
-3.0 -2.9 1.6 1.7 15776	
-3.0 -2.9 1.9 2.0 17569	
-3.0 -2.9 2.2 2.3 20245	
-3.0 -2.9 3.5 3.6 20844	
-3.0 -2.9 4.1 4.2 12544	
-3.0 -2.9 4.8 4.9 4505	
-3.0 -2.9 5.4 5.5 1515	
-3.0 -2.9 6.5 6.6 289	
-3.0 -2.9 7.1 7.2 150	
-3.0 -2.9 7.8 7.9 59	
-3.0 -2.9 8.4 8.5 14	
-3.0 -2.9 9.0 9.1 2	
-3.1 -3.0 -0.1 0.0 24699	
-3.1 -3.0 -0.9 -0.8 19543	
-3.1 -3.0 -1.1 -1.0 17457	
-3.1 -3.0 -2.2 -2.1 19188	
-3.1 -3.0 -2.6 -2.5 22535	
-3.1 -3.0 -3.7 -3.6 19451	
-3.1 -3.0 -4.0 -3.9 15408	
-3.1 -3.0 -4.3 -4.2 10931	
-3.1 -3.0 -5.4 -5.3 1684	
-3.1 -3.0 -5.8 -5.7 779	
-3.1 -3.0 -6.9 -6.8 172	
-3.1 -3.0 -7.1 -7.0 144	
-3.1 -3.0 -8.6 -8.5 9	
-3.1 -3.0 0.5 0.6 22068	
-3.1 -3.0 1.1 1.2 16716	
-3.1 -3.0 1.8 1.9 17118	
-3.1 -3.0 2.4 2.5 21691	
-3.1 -3.0 3.7 3.8 18278	
-3.1 -3.0 4.1 4.2 12351	
-3.1 -3.0 4.8 4.9 4506	
-3.1 -3.0 5.4 5.5 1379	
-3.1 -3.0 6.0 6.1 473	
-3.1 -3.0 6.7 6.8 198	
-3.1 -3.0 7.3 7.4 93	
-3.1 -3.0 8.6 8.7 6	
-3.1 -3.0 8.9 9.0 3	
-3.1 -3.0 9.0 9.1 1	
-3.2 -3.1 -0.7 -0.6 21003	
-3.2 -3.1 -1.0 -0.9 18500	
-3.2 -3.1 -1.3 -1.2 16201	
-3.2 -3.1 -1.8 -1.7 16037	
-3.2 -3.1 -2.4 -2.3 20695	
-3.2 -3.1 -3.5 -3.4 21516	
-3.2 -3.1 -3.9 -3.8 16588	
-3.2 -3.1 -4.1 -4.0 13570	
-3.2 -3.1 -5.2 -5.1 2469	
-3.2 -3.1 -5.6 -5.5 1073	
-3.2 -3.1 -6.7 -6.6 162	
-3.2 -3.1 -7.0 -6.9 123	
-3.2 -3.1 -7.3 -7.2 79	
-3.2 -3.1 -7.8 -7.7 37	
-3.2 -3.1 -8.4 -8.3 12	
-3.2 -3.1 -9.9 -9.8 1	
-3.2 -3.1 0.5 0.6 22035	
-3.2 -3.1 1.8 1.9 16828	
-3.2 -3.1 2.2 2.3 19941	
-3.2 -3.1 3.5 3.6 20477	
-3.2 -3.1 4.1 4.2 12173	
-3.2 -3.1 4.8 4.9 4374	
-3.2 -3.1 5.4 5.5 1264	
-3.2 -3.1 6.7 6.8 183	
-3.2 -3.1 7.1 7.2 91	
-3.2 -3.1 7.8 7.9 30	
-3.2 -3.1 8.4 8.5 12	
-3.3 -3.2 -0.5 -0.4 22608	
-3.3 -3.2 -0.9 -0.8 18888	
-3.3 -3.2 -1.1 -1.0 17270	
-3.3 -3.2 -2.2 -2.1 18740	
-3.3 -3.2 -3.7 -3.6 18871	
-3.3 -3.2 -4.0 -3.9 15041	
-3.3 -3.2 -4.8 -4.7 5153	
-3.3 -3.2 -5.4 -5.3 1613	
-3.3 -3.2 -6.5 -6.4 168	
-3.3 -3.2 -6.9 -6.8 100	
-3.3 -3.2 -7.1 -7.0 71	
-3.3 -3.2 -8.2 -8.1 18	
-3.3 -3.2 0.3 0.4 22963	
-3.3 -3.2 1.6 1.7 15447	
-3.3 -3.2 1.9 2.0 16735	
-3.3 -3.2 2.2 2.3 19193	
-3.3 -3.2 3.5 3.6 19897	
-3.3 -3.2 4.8 4.9 4295	
-3.3 -3.2 5.2 5.3 1966	
-3.3 -3.2 6.5 6.6 149	
-3.3 -3.2 7.1 7.2 65	
-3.3 -3.2 7.8 7.9 29	
-3.3 -3.2 8.4 8.5 5	
-3.3 -3.2 9.0 9.1 1	
-3.4 -3.3 -0.3 -0.2 23064	
-3.4 -3.3 -0.7 -0.6 20224	
-3.4 -3.3 -1.8 -1.7 15081	
-3.4 -3.3 -2.4 -2.3 19701	
-3.4 -3.3 -2.9 -2.8 22742	
-3.4 -3.3 -3.5 -3.4 20170	
-3.4 -3.3 -4.6 -4.5 6676	
-3.4 -3.3 -5.2 -5.1 2269	
-3.4 -3.3 -6.3 -6.2 201	
-3.4 -3.3 -6.7 -6.6 94	
-3.4 -3.3 -7.8 -7.7 19	
-3.4 -3.3 -8.4 -8.3 14	
-3.4 -3.3 0.3 0.4 22424	
-3.4 -3.3 1.6 1.7 14818	
-3.4 -3.3 1.9 2.0 16596	
-3.4 -3.3 2.0 2.1 17112	
-3.4 -3.3 3.3 3.4 21172	
-3.4 -3.3 4.6 4.7 5760	
-3.4 -3.3 4.9 5.0 3438	
-3.4 -3.3 5.2 5.3 1987	
-3.4 -3.3 6.5 6.6 117	
-3.4 -3.3 7.1 7.2 55	
-3.4 -3.3 7.8 7.9 17	
-3.4 -3.3 8.2 8.3 9	
-3.5 -3.4 -0.1 0.0 22906	
-3.5 -3.4 -0.5 -0.4 21008	
-3.5 -3.4 -1.6 -1.5 14380	
-3.5 -3.4 -2.2 -2.1 17354	
-3.5 -3.4 -3.0 -2.9 21777	
-3.5 -3.4 -3.3 -3.2 21129	
-3.5 -3.4 -4.8 -4.7 4751	
-3.5 -3.4 -5.9 -5.8 427	
-3.5 -3.4 -6.1 -6.0 231	
-3.5 -3.4 -6.5 -6.4 122	
-3.5 -3.4 -7.6 -7.5 20	
-3.5 -3.4 -8.2 -8.1 12	
-3.5 -3.4 -9.7 -9.6 1	
-3.5 -3.4 0.1 0.2 22638	
-3.5 -3.4 1.4 1.5 14539	
-3.5 -3.4 2.0 2.1 16558	
-3.5 -3.4 2.7 2.8 21394	
-3.5 -3.4 3.3 3.4 20707	
-3.5 -3.4 4.6 4.7 5617	
-3.5 -3.4 4.9 5.0 3244	
-3.5 -3.4 5.2 5.3 1773	
-3.5 -3.4 6.3 6.4 134	
-3.5 -3.4 7.6 7.7 15	
-3.5 -3.4 7.9 8.0 10	
-3.5 -3.4 8.2 8.3 5	
-3.6 -3.5 -0.3 -0.2 21629	
-3.6 -3.5 -1.4 -1.3 14019	
-3.6 -3.5 -1.8 -1.7 14019	
-3.6 -3.5 -2.9 -2.8 20742	
-3.6 -3.5 -3.1 -3.0 20560	
-3.6 -3.5 -3.5 -3.4 18737	
-3.6 -3.5 -4.6 -4.5 6372	
-3.6 -3.5 -5.2 -5.1 2053	
-3.6 -3.5 -5.7 -5.6 691	
-3.6 -3.5 -6.0 -5.9 291	
-3.6 -3.5 -6.3 -6.2 137	
-3.6 -3.5 -7.4 -7.3 17	
-3.6 -3.5 -7.8 -7.7 11	
-3.6 -3.5 0.1 0.2 22070	
-3.6 -3.5 0.8 0.9 17072	
-3.6 -3.5 1.4 1.5 13764	
-3.6 -3.5 2.0 2.1 15599	
-3.6 -3.5 2.7 2.8 20452	
-3.6 -3.5 3.3 3.4 19286	
-3.6 -3.5 4.4 4.5 7290	
-3.6 -3.5 5.0 5.1 2471	
-3.6 -3.5 5.7 5.8 530	
-3.6 -3.5 6.3 6.4 109	
-3.6 -3.5 7.6 7.7 11	
-3.6 -3.5 7.9 8.0 2	
-3.6 -3.5 8.2 8.3 4	
-3.7 -3.6 -1.2 -1.1 14071	
-3.7 -3.6 -1.6 -1.5 12903	
-3.7 -3.6 -2.7 -2.6 18712	
-3.7 -3.6 -3.0 -2.9 19385	
-3.7 -3.6 -3.3 -3.2 18989	
-3.7 -3.6 -4.4 -4.3 7686	
-3.7 -3.6 -4.8 -4.7 4227	
-3.7 -3.6 -5.9 -5.8 392	
-3.7 -3.6 -6.1 -6.0 237	
-3.7 -3.6 -7.6 -7.5 11	
-3.7 -3.6 -9.0 -8.9 1	
-3.7 -3.6 0.1 0.2 21154	
-3.7 -3.6 0.8 0.9 16412	
-3.7 -3.6 1.4 1.5 12928	
-3.7 -3.6 2.5 2.6 18145	
-3.7 -3.6 3.1 3.2 19239	
-3.7 -3.6 3.8 3.9 13478	
-3.7 -3.6 4.4 4.5 6733	
-3.7 -3.6 5.0 5.1 2389	
-3.7 -3.6 5.7 5.8 473	
-3.7 -3.6 6.3 6.4 95	
-3.7 -3.6 7.4 7.5 15	
-3.7 -3.6 8.0 8.1 9	
-3.7 -3.6 8.7 8.8 1	
-3.8 -3.7 -0.3 -0.2 19622	
-3.8 -3.7 -0.8 -0.7 16657	
-3.8 -3.7 -1.4 -1.3 12592	
-3.8 -3.7 -2.5 -2.4 16608	
-3.8 -3.7 -2.9 -2.8 18107	
-3.8 -3.7 -3.1 -3.0 18562	
-3.8 -3.7 -4.2 -4.1 9230	
-3.8 -3.7 -4.6 -4.5 5451	
-3.8 -3.7 -5.7 -5.6 521	
-3.8 -3.7 -6.0 -5.9 230	
-3.8 -3.7 -6.3 -6.2 107	
-3.8 -3.7 -7.4 -7.3 12	
-3.8 -3.7 0.6 0.7 17267	
-3.8 -3.7 0.9 1.0 14926	
-3.8 -3.7 1.2 1.3 13069	
-3.8 -3.7 2.5 2.6 17010	
-3.8 -3.7 3.1 3.2 17735	
-3.8 -3.7 3.8 3.9 12644	
-3.8 -3.7 4.4 4.5 6282	
-3.8 -3.7 5.5 5.6 757	
-3.8 -3.7 6.1 6.2 154	
-3.8 -3.7 6.8 6.9 35	
-3.8 -3.7 7.4 7.5 8	
-3.8 -3.7 8.0 8.1 1	
-3.9 -3.8 -1.2 -1.1 12817	
-3.9 -3.8 -2.7 -2.6 16223	
-3.9 -3.8 -3.0 -2.9 16883	
-3.9 -3.8 -3.8 -3.7 12572	
-3.9 -3.8 -4.4 -4.3 6717	
-3.9 -3.8 -5.5 -5.4 817	
-3.9 -3.8 -5.9 -5.8 302	
-3.9 -3.8 -6.1 -6.0 153	
-3.9 -3.8 -7.2 -7.1 16	
-3.9 -3.8 0.6 0.7 16380	
-3.9 -3.8 0.9 1.0 14137	
-3.9 -3.8 1.2 1.3 12274	
-3.9 -3.8 2.5 2.6 15806	
-3.9 -3.8 3.6 3.7 13507	
-3.9 -3.8 3.9 4.0 10709	
-3.9 -3.8 4.2 4.3 7652	
-3.9 -3.8 5.5 5.6 661	
-3.9 -3.8 6.1 6.2 126	
-3.9 -3.8 6.8 6.9 29	
-3.9 -3.8 7.4 7.5 8	
-3.9 -3.8 8.5 8.6 2	
-4.0 -3.9 -1.2 -1.1 12169	
-4.0 -3.9 -2.7 -2.6 14948	
-4.0 -3.9 -3.0 -2.9 15441	
-4.0 -3.9 -3.8 -3.7 11599	
-4.0 -3.9 -4.4 -4.3 6173	
-4.0 -3.9 -5.5 -5.4 752	
-4.0 -3.9 -5.9 -5.8 263	
-4.0 -3.9 -6.1 -6.0 143	
-4.0 -3.9 -7.2 -7.1 6	
-4.0 -3.9 0.4 0.5 16930	
-4.0 -3.9 1.0 1.1 12530	
-4.0 -3.9 1.7 1.8 11042	
-4.0 -3.9 2.3 2.4 13465	
-4.0 -3.9 3.6 3.7 12312	
-4.0 -3.9 3.9 4.0 9563	
-4.0 -3.9 4.0 4.1 8861	
-4.0 -3.9 4.7 4.8 3324	
-4.0 -3.9 5.3 5.4 1006	
-4.0 -3.9 6.6 6.7 27	
-4.0 -3.9 6.9 7.0 15	
-4.0 -3.9 7.2 7.3 5	
-4.1 -4.0 -0.3 -0.2 17133	
-4.1 -4.0 -1.4 -1.3 10554	
-4.1 -4.0 -1.8 -1.7 10197	
-4.1 -4.0 -2.9 -2.8 14033	
-4.1 -4.0 -3.1 -3.0 13884	
-4.1 -4.0 -3.5 -3.4 12573	
-4.1 -4.0 -4.6 -4.5 4236	
-4.1 -4.0 -5.2 -5.1 1381	
-4.1 -4.0 -6.0 -5.9 188	
-4.1 -4.0 -6.3 -6.2 64	
-4.1 -4.0 -7.4 -7.3 5	
-4.1 -4.0 0.6 0.7 15065	
-4.1 -4.0 0.9 1.0 12679	
-4.1 -4.0 1.2 1.3 10911	
-4.1 -4.0 2.3 2.4 12453	
-4.1 -4.0 3.6 3.7 11089	
-4.1 -4.0 3.9 4.0 8871	
-4.1 -4.0 4.2 4.3 6332	
-4.1 -4.0 5.5 5.6 564	
-4.1 -4.0 6.1 6.2 119	
-4.1 -4.0 6.8 6.9 12	
-4.1 -4.0 7.2 7.3 4	
-4.2 -4.1 -1.6 -1.5 9280	
-4.2 -4.1 -2.7 -2.6 12048	
-4.2 -4.1 -3.0 -2.9 12289	
-4.2 -4.1 -3.3 -3.2 11767	
-4.2 -4.1 -4.4 -4.3 5090	
-4.2 -4.1 -4.8 -4.7 2663	
-4.2 -4.1 -5.9 -5.8 222	
-4.2 -4.1 -6.1 -6.0 113	
-4.2 -4.1 -6.5 -6.4 33	
-4.2 -4.1 -7.6 -7.5 2	
-4.2 -4.1 0.4 0.5 15474	
-4.2 -4.1 1.0 1.1 11670	
-4.2 -4.1 1.7 1.8 9407	
-4.2 -4.1 2.3 2.4 11083	
-4.2 -4.1 3.6 3.7 9950	
-4.2 -4.1 3.9 4.0 7881	
-4.2 -4.1 4.2 4.3 5618	
-4.2 -4.1 5.3 5.4 808	
-4.2 -4.1 6.6 6.7 21	
-4.2 -4.1 6.9 7.0 6	
-4.2 -4.1 7.2 7.3 5	
-4.3 -4.2 -0.3 -0.2 15946	
-4.3 -4.2 -1.4 -1.3 9290	
-4.3 -4.2 -2.5 -2.4 10150	
-4.3 -4.2 -2.9 -2.8 11095	
-4.3 -4.2 -3.1 -3.0 11237	
-4.3 -4.2 -4.2 -4.1 5747	
-4.3 -4.2 -4.6 -4.5 3313	
-4.3 -4.2 -5.7 -5.6 355	
-4.3 -4.2 -6.0 -5.9 132	
-4.3 -4.2 -6.3 -6.2 51	
-4.3 -4.2 -7.4 -7.3 2	
-4.3 -4.2 -8.9 -8.8 1	
-4.3 -4.2 0.4 0.5 14813	
-4.3 -4.2 1.0 1.1 10991	
-4.3 -4.2 1.7 1.8 8486	
-4.3 -4.2 2.3 2.4 9759	
-4.3 -4.2 3.4 3.5 9651	
-4.3 -4.2 4.0 4.1 6274	
-4.3 -4.2 4.7 4.8 2396	
-4.3 -4.2 5.3 5.4 685	
-4.3 -4.2 6.6 6.7 10	
-4.3 -4.2 6.9 7.0 7	
-4.3 -4.2 7.2 7.3 1	
-4.4 -4.3 -1.2 -1.1 9717	
-4.4 -4.3 -1.6 -1.5 7965	
-4.4 -4.3 -2.7 -2.6 9484	
-4.4 -4.3 -3.0 -2.9 9804	
-4.4 -4.3 -3.8 -3.7 7226	
-4.4 -4.3 -4.4 -4.3 3805	
-4.4 -4.3 -5.5 -5.4 456	
-4.4 -4.3 -5.9 -5.8 168	
-4.4 -4.3 -6.1 -6.0 108	
-4.4 -4.3 -7.2 -7.1 2	
-4.4 -4.3 -7.6 -7.5 1	
-4.4 -4.3 0.4 0.5 14530	
-4.4 -4.3 1.5 1.6 7984	
-4.4 -4.3 2.1 2.2 8256	
-4.4 -4.3 2.8 2.9 9908	
-4.4 -4.3 3.4 3.5 8726	
-4.4 -4.3 4.0 4.1 5526	
-4.4 -4.3 4.7 4.8 2029	
-4.4 -4.3 5.3 5.4 613	
-4.4 -4.3 6.4 6.5 34	
-4.4 -4.3 6.9 7.0 4	
-4.4 -4.3 7.0 7.1 4	
-4.4 -4.3 8.3 8.4 1	
-4.5 -4.4 -0.8 -0.7 12219	
-4.5 -4.4 -1.4 -1.3 8447	
-4.5 -4.4 -2.5 -2.4 7919	
-4.5 -4.4 -3.1 -3.0 8662	
-4.5 -4.4 -4.2 -4.1 4342	
-4.5 -4.4 -5.3 -5.2 678	
-4.5 -4.4 -5.7 -5.6 278	
-4.5 -4.4 -6.0 -5.9 121	
-4.5 -4.4 -6.8 -6.7 14	
-4.5 -4.4 -7.4 -7.3 1	
-4.5 -4.4 0.2 0.3 15376	
-4.5 -4.4 1.5 1.6 7618	
-4.5 -4.4 2.1 2.2 7347	
-4.5 -4.4 2.8 2.9 8479	
-4.5 -4.4 3.4 3.5 7590	
-4.5 -4.4 4.5 4.6 2448	
-4.5 -4.4 5.1 5.2 790	
-4.5 -4.4 5.8 5.9 152	
-4.5 -4.4 6.4 6.5 17	
-4.5 -4.4 7.0 7.1 1	
-4.6 -4.5 -0.6 -0.5 13895	
-4.6 -4.5 -1.2 -1.1 9325	
-4.6 -4.5 -2.0 -1.9 6497	
-4.6 -4.5 -2.3 -2.2 6555	
-4.6 -4.5 -2.7 -2.6 7246	
-4.6 -4.5 -3.8 -3.7 5496	
-4.6 -4.5 -4.9 -4.8 1361	
-4.6 -4.5 -5.5 -5.4 363	
-4.6 -4.5 -6.6 -6.5 21	
-4.6 -4.5 -7.2 -7.1 1	
-4.6 -4.5 0.2 0.3 15156	
-4.6 -4.5 1.5 1.6 7313	
-4.6 -4.5 2.6 2.7 7277	
-4.6 -4.5 2.9 3.0 7572	
-4.6 -4.5 3.2 3.3 6902	
-4.6 -4.5 4.5 4.6 2093	
-4.6 -4.5 5.1 5.2 720	
-4.6 -4.5 5.8 5.9 134	
-4.6 -4.5 6.4 6.5 23	
-4.6 -4.5 7.5 7.6 1	
-4.7 -4.6 -0.1 0.0 15998	
-4.7 -4.6 -0.4 -0.3 15043	
-4.7 -4.6 -0.8 -0.7 12423	
-4.7 -4.6 -1.9 -1.8 6065	
-4.7 -4.6 -2.1 -2.0 5794	
-4.7 -4.6 -2.5 -2.4 5964	
-4.7 -4.6 -3.6 -3.5 5366	
-4.7 -4.6 -4.2 -4.1 3064	
-4.7 -4.6 -5.0 -4.9 943	
-4.7 -4.6 -5.3 -5.2 462	
-4.7 -4.6 -6.4 -6.3 24	
-4.7 -4.6 -6.8 -6.7 2	
-4.7 -4.6 0.0 0.1 15745	
-4.7 -4.6 0.7 0.8 12231	
-4.7 -4.6 1.3 1.4 7953	
-4.7 -4.6 2.6 2.7 6143	
-4.7 -4.6 2.9 3.0 6281	
-4.7 -4.6 3.2 3.3 5944	
-4.7 -4.6 4.5 4.6 1861	
-4.7 -4.6 5.6 5.7 186	
-4.7 -4.6 5.8 5.9 129	
-4.7 -4.6 6.2 6.3 38	
-4.7 -4.6 7.5 7.6 1	
-4.8 -4.7 -0.6 -0.5 14088	
-4.8 -4.7 -1.7 -1.6 6233	
-4.8 -4.7 -2.0 -1.9 5439	
-4.8 -4.7 -2.3 -2.2 5176	
-4.8 -4.7 -3.4 -3.3 4858	
-4.8 -4.7 -3.8 -3.7 3984	
-4.8 -4.7 -4.9 -4.8 953	
-4.8 -4.7 -5.1 -5.0 606	
-4.8 -4.7 -5.5 -5.4 252	
-4.8 -4.7 -6.6 -6.5 6	
-4.8 -4.7 0.0 0.1 16164	
-4.8 -4.7 0.7 0.8 12465	
-4.8 -4.7 1.3 1.4 7762	
-4.8 -4.7 2.6 2.7 5287	
-4.8 -4.7 2.9 3.0 5391	
-4.8 -4.7 3.0 3.1 5368	
-4.8 -4.7 3.7 3.8 3928	
-4.8 -4.7 4.3 4.4 2086	
-4.8 -4.7 5.6 5.7 165	
-4.8 -4.7 5.9 6.0 63	
-4.8 -4.7 6.2 6.3 24	
-4.9 -4.8 -0.4 -0.3 15909	
-4.9 -4.8 -1.5 -1.4 7067	
-4.9 -4.8 -1.9 -1.8 5176	
-4.9 -4.8 -2.1 -2.0 4763	
-4.9 -4.8 -3.2 -3.1 4241	
-4.9 -4.8 -3.6 -3.5 3783	
-4.9 -4.8 -4.7 -4.6 1100	
-4.9 -4.8 -5.0 -4.9 633	
-4.9 -4.8 -5.3 -5.2 364	
-4.9 -4.8 -6.4 -6.3 15	
-4.9 -4.8 0.0 0.1 16945	
-4.9 -4.8 0.7 0.8 12842	
-4.9 -4.8 1.1 1.2 9428	
-4.9 -4.8 1.8 1.9 5363	
-4.9 -4.8 2.4 2.5 4584	
-4.9 -4.8 3.0 3.1 4542	
-4.9 -4.8 3.7 3.8 3309	
-4.9 -4.8 4.3 4.4 1671	
-4.9 -4.8 5.6 5.7 136	
-4.9 -4.8 5.9 6.0 49	
-4.9 -4.8 6.0 6.1 45	
-4.9 -4.8 7.3 7.4 1	
-5.0 -4.9 -0.1 0.0 17173	
-5.0 -4.9 -0.4 -0.3 16279	
-5.0 -4.9 -1.5 -1.4 6918	
-5.0 -4.9 -1.9 -1.8 5090	
-5.0 -4.9 -2.1 -2.0 4361	
-5.0 -4.9 -3.2 -3.1 3695	
-5.0 -4.9 -3.6 -3.5 3103	
-5.0 -4.9 -4.7 -4.6 927	
-5.0 -4.9 -5.0 -4.9 468	
-5.0 -4.9 -5.3 -5.2 283	
-5.0 -4.9 -6.4 -6.3 19	
-5.0 -4.9 0.5 0.6 15068	
-5.0 -4.9 1.1 1.2 9770	
-5.0 -4.9 1.8 1.9 4971	
-5.0 -4.9 2.2 2.3 4097	
-5.0 -4.9 3.5 3.6 3082	
-5.0 -4.9 4.1 4.2 1889	
-5.0 -4.9 4.8 4.9 660	
-5.0 -4.9 5.4 5.5 183	
-5.0 -4.9 6.0 6.1 32	
-5.0 -4.9 6.7 6.8 4	
-5.0 -4.9 7.1 7.2 1	
-5.1 -5.0 -0.6 -0.5 15850	
-5.1 -5.0 -1.2 -1.1 9960	
-5.1 -5.0 -2.3 -2.2 3614	
-5.1 -5.0 -2.7 -2.6 3402	
-5.1 -5.0 -3.8 -3.7 2145	
-5.1 -5.0 -4.4 -4.3 1147	
-5.1 -5.0 -5.5 -5.4 165	
-5.1 -5.0 -6.6 -6.5 8	
-5.1 -5.0 0.5 0.6 15774	
-5.1 -5.0 1.1 1.2 9926	
-5.1 -5.0 1.8 1.9 4708	
-5.1 -5.0 2.4 2.5 3471	
-5.1 -5.0 3.0 3.1 3122	
-5.1 -5.0 3.7 3.8 2279	
-5.1 -5.0 4.3 4.4 1208	
-5.1 -5.0 5.4 5.5 128	
-5.1 -5.0 5.6 5.7 85	
-5.1 -5.0 5.9 6.0 39	
-5.1 -5.0 6.0 6.1 33	
-5.1 -5.0 6.7 6.8 4	
-5.1 -5.0 7.3 7.4 1	
-5.2 -5.1 -0.8 -0.7 14505	
-5.2 -5.1 -1.9 -1.8 4761	
-5.2 -5.1 -2.1 -2.0 3847	
-5.2 -5.1 -2.5 -2.4 2928	
-5.2 -5.1 -3.6 -3.5 1998	
-5.2 -5.1 -4.2 -4.1 1195	
-5.2 -5.1 -5.0 -4.9 343	
-5.2 -5.1 -5.3 -5.2 186	
-5.2 -5.1 -6.8 -6.7 1	
-5.2 -5.1 0.5 0.6 16455	
-5.2 -5.1 1.1 1.2 10277	
-5.2 -5.1 1.8 1.9 4684	
-5.2 -5.1 2.4 2.5 2896	
-5.2 -5.1 3.5 3.6 2095	
-5.2 -5.1 3.7 3.8 1799	
-5.2 -5.1 4.1 4.2 1246	
-5.2 -5.1 4.8 4.9 419	
-5.2 -5.1 5.4 5.5 105	
-5.2 -5.1 6.0 6.1 18	
-5.2 -5.1 6.7 6.8 1	
-5.2 -5.1 7.3 7.4 1	
-5.3 -5.2 -0.6 -0.5 17269	
-5.3 -5.2 -1.7 -1.6 5809	
-5.3 -5.2 -2.0 -1.9 3976	
-5.3 -5.2 -2.3 -2.2 2997	
-5.3 -5.2 -3.4 -3.3 1856	
-5.3 -5.2 -3.8 -3.7 1350	
-5.3 -5.2 -4.9 -4.8 355	
-5.3 -5.2 -5.1 -5.0 231	
-5.3 -5.2 -5.5 -5.4 113	
-5.3 -5.2 -6.6 -6.5 2	
-5.3 -5.2 0.5 0.6 17304	
-5.3 -5.2 1.6 1.7 5928	
-5.3 -5.2 1.8 1.9 4471	
-5.3 -5.2 2.2 2.3 3052	
-5.3 -5.2 3.5 3.6 1682	
-5.3 -5.2 4.1 4.2 1002	
-5.3 -5.2 4.8 4.9 356	
-5.3 -5.2 5.4 5.5 92	
-5.3 -5.2 6.7 6.8 2	
-5.4 -5.3 -0.4 -0.3 19683	
-5.4 -5.3 -1.9 -1.8 4626	
-5.4 -5.3 -2.1 -2.0 3488	
-5.4 -5.3 -3.2 -3.1 1673	
-5.4 -5.3 -3.6 -3.5 1293	
-5.4 -5.3 -4.7 -4.6 371	
-5.4 -5.3 -5.0 -4.9 223	
-5.4 -5.3 -5.3 -5.2 128	
-5.4 -5.3 -6.4 -6.3 4	
-5.4 -5.3 -6.8 -6.7 4	
-5.4 -5.3 0.3 0.4 19657	
-5.4 -5.3 1.6 1.7 5771	
-5.4 -5.3 1.9 2.0 3884	
-5.4 -5.3 2.2 2.3 2814	
-5.4 -5.3 3.5 3.6 1339	
-5.4 -5.3 4.8 4.9 292	
-5.4 -5.3 5.2 5.3 121	
-5.4 -5.3 6.5 6.6 5	
-5.5 -5.4 -0.2 -0.1 21727	
-5.5 -5.4 -0.6 -0.5 18515	
-5.5 -5.4 -1.7 -1.6 6126	
-5.5 -5.4 -2.0 -1.9 3896	
-5.5 -5.4 -2.3 -2.2 2590	
-5.5 -5.4 -2.8 -2.7 1655	
-5.5 -5.4 -3.4 -3.3 1237	
-5.5 -5.4 -4.5 -4.4 416	
-5.5 -5.4 -4.9 -4.8 191	
-5.5 -5.4 -5.1 -5.0 145	
-5.5 -5.4 -6.2 -6.1 5	
-5.5 -5.4 0.3 0.4 20254	
-5.5 -5.4 1.6 1.7 5979	
-5.5 -5.4 1.9 2.0 3857	
-5.5 -5.4 2.0 2.1 3422	
-5.5 -5.4 3.3 3.4 1223	
-5.5 -5.4 4.6 4.7 337	
-5.5 -5.4 4.9 5.0 186	
-5.5 -5.4 5.2 5.3 98	
-5.5 -5.4 6.5 6.6 3	
-5.5 -5.4 7.1 7.2 1	
-5.6 -5.5 -0.1 0.0 22560	
-5.6 -5.5 -0.4 -0.3 21378	
-5.6 -5.5 -1.5 -1.4 8098	
-5.6 -5.5 -1.9 -1.8 4597	
-5.6 -5.5 -2.1 -2.0 3348	
-5.6 -5.5 -3.2 -3.1 1042	
-5.6 -5.5 -4.7 -4.6 241	
-5.6 -5.5 -5.0 -4.9 142	
-5.6 -5.5 -5.8 -5.7 21	
-5.6 -5.5 -6.4 -6.3 3	
-5.6 -5.5 -7.5 -7.4 1	
-5.6 -5.5 0.1 0.2 22202	
-5.6 -5.5 1.4 1.5 8173	
-5.6 -5.5 2.0 2.1 3360	
-5.6 -5.5 2.7 2.8 1426	
-5.6 -5.5 3.3 3.4 949	
-5.6 -5.5 4.6 4.7 257	
-5.6 -5.5 4.9 5.0 151	
-5.6 -5.5 5.0 5.1 95	
-5.6 -5.5 5.2 5.3 81	
-5.7 -5.6 -0.2 -0.1 22910	
-5.7 -5.6 -1.3 -1.2 10678	
-5.7 -5.6 -1.7 -1.6 6233	
-5.7 -5.6 -2.8 -2.7 1251	
-5.7 -5.6 -3.4 -3.3 732	
-5.7 -5.6 -4.5 -4.4 250	
-5.7 -5.6 -5.1 -5.0 82	
-5.7 -5.6 -5.6 -5.5 23	
-5.7 -5.6 -6.2 -6.1 5	
-5.7 -5.6 0.1 0.2 22903	
-5.7 -5.6 0.8 0.9 15890	
-5.7 -5.6 1.4 1.5 8230	
-5.7 -5.6 2.0 2.1 3296	
-5.7 -5.6 2.7 2.8 1240	
-5.7 -5.6 3.1 3.2 886	
-5.7 -5.6 3.3 3.4 717	
-5.7 -5.6 4.4 4.5 246	
-5.7 -5.6 5.0 5.1 91	
-5.7 -5.6 5.7 5.8 17	
-5.7 -5.6 6.3 6.4 4	
-5.8 -5.7 -0.9 -0.8 16656	
-5.8 -5.7 -1.1 -1.0 13785	
-5.8 -5.7 -1.5 -1.4 8274	
-5.8 -5.7 -2.6 -2.5 1395	
-5.8 -5.7 -3.2 -3.1 690	
-5.8 -5.7 -4.0 -3.9 383	
-5.8 -5.7 -4.3 -4.2 256	
-5.8 -5.7 -4.7 -4.6 131	
-5.8 -5.7 -5.8 -5.7 12	
-5.8 -5.7 0.1 0.2 23367	
-5.8 -5.7 0.8 0.9 16298	
-5.8 -5.7 1.2 1.3 11059	
-5.8 -5.7 1.4 1.5 8526	
-5.8 -5.7 2.5 2.6 1431	
-5.8 -5.7 3.1 3.2 692	
-5.8 -5.7 3.8 3.9 415	
-5.8 -5.7 4.4 4.5 207	
-5.8 -5.7 5.0 5.1 65	
-5.8 -5.7 5.7 5.8 13	
-5.8 -5.7 6.3 6.4 1	
-5.9 -5.8 -0.2 -0.1 23818	
-5.9 -5.8 -0.7 -0.6 19302	
-5.9 -5.8 -1.0 -0.9 15334	
-5.9 -5.8 -1.3 -1.2 11092	
-5.9 -5.8 -2.4 -2.3 1881	
-5.9 -5.8 -2.8 -2.7 915	
-5.9 -5.8 -3.9 -3.8 290	
-5.9 -5.8 -4.1 -4.0 227	
-5.9 -5.8 -4.5 -4.4 136	
-5.9 -5.8 -5.6 -5.5 14	
-5.9 -5.8 -6.2 -6.1 7	
-5.9 -5.8 -6.7 -6.6 1	
-5.9 -5.8 -7.0 -6.9 1	
-5.9 -5.8 0.6 0.7 19444	
-5.9 -5.8 0.9 1.0 15251	
-5.9 -5.8 1.2 1.3 11153	
-5.9 -5.8 2.5 2.6 1415	
-5.9 -5.8 3.1 3.2 585	
-5.9 -5.8 3.8 3.9 333	
-5.9 -5.8 4.4 4.5 161	
-5.9 -5.8 5.5 5.6 11	
-5.9 -5.8 6.8 6.9 1	
-6.0 -5.9 -0.2 -0.1 23687	
-6.0 -5.9 -0.7 -0.6 19674	
-6.0 -5.9 -1.0 -0.9 15448	
-6.0 -5.9 -1.3 -1.2 11150	
-6.0 -5.9 -2.4 -2.3 1787	
-6.0 -5.9 -2.8 -2.7 824	
-6.0 -5.9 -3.9 -3.8 231	
-6.0 -5.9 -4.1 -4.0 194	
-6.0 -5.9 -4.5 -4.4 118	
-6.0 -5.9 -5.6 -5.5 10	
-6.0 -5.9 0.6 0.7 19756	
-6.0 -5.9 0.9 1.0 15337	
-6.0 -5.9 1.0 1.1 14126	
-6.0 -5.9 1.7 1.8 5393	
-6.0 -5.9 2.3 2.4 1828	
-6.0 -5.9 3.6 3.7 292	
-6.0 -5.9 3.9 4.0 205	
-6.0 -5.9 4.2 4.3 173	
-6.0 -5.9 5.5 5.6 11	
-6.1 -6.0 -0.1 0.0 23907	
-6.1 -6.0 -0.4 -0.3 22561	
-6.1 -6.0 -1.5 -1.4 8376	
-6.1 -6.0 -1.9 -1.8 4373	
-6.1 -6.0 -2.1 -2.0 3138	
-6.1 -6.0 -3.2 -3.1 422	
-6.1 -6.0 -3.6 -3.5 251	
-6.1 -6.0 -4.7 -4.6 49	
-6.1 -6.0 -5.0 -4.9 38	
-6.1 -6.0 -5.8 -5.7 3	
-6.1 -6.0 -6.4 -6.3 2	
-6.1 -6.0 0.6 0.7 19311	
-6.1 -6.0 0.9 1.0 15216	
-6.1 -6.0 1.2 1.3 11093	
-6.1 -6.0 2.5 2.6 1184	
-6.1 -6.0 3.1 3.2 411	
-6.1 -6.0 3.8 3.9 164	
-6.1 -6.0 4.2 4.3 118	
-6.1 -6.0 5.5 5.6 9	
-6.1 -6.0 6.1 6.2 2	
-6.2 -6.1 -0.2 -0.1 23419	
-6.2 -6.1 -1.3 -1.2 10971	
-6.2 -6.1 -1.7 -1.6 6185	
-6.2 -6.1 -2.8 -2.7 744	
-6.2 -6.1 -3.4 -3.3 254	
-6.2 -6.1 -4.5 -4.4 63	
-6.2 -6.1 -5.1 -5.0 15	
-6.2 -6.1 0.6 0.7 19166	
-6.2 -6.1 0.9 1.0 14995	
-6.2 -6.1 1.0 1.1 13737	
-6.2 -6.1 1.2 1.3 10756	
-6.2 -6.1 2.3 2.4 1712	
-6.2 -6.1 3.6 3.7 163	
-6.2 -6.1 3.9 4.0 117	
-6.2 -6.1 4.2 4.3 103	
-6.2 -6.1 5.5 5.6 11	
-6.2 -6.1 6.1 6.2 2	
-6.3 -6.2 -0.9 -0.8 16346	
-6.3 -6.2 -1.5 -1.4 8163	
-6.3 -6.2 -2.6 -2.5 981	
-6.3 -6.2 -3.2 -3.1 271	
-6.3 -6.2 -4.0 -3.9 100	
-6.3 -6.2 -4.3 -4.2 54	
-6.3 -6.2 -4.7 -4.6 34	
-6.3 -6.2 -5.8 -5.7 2	
-6.3 -6.2 0.4 0.5 20965	
-6.3 -6.2 1.0 1.1 13546	
-6.3 -6.2 1.7 1.8 5163	
-6.3 -6.2 2.3 2.4 1519	
-6.3 -6.2 3.6 3.7 124	
-6.3 -6.2 3.9 4.0 91	
-6.3 -6.2 4.2 4.3 54	
-6.3 -6.2 5.3 5.4 7	
-6.4 -6.3 -0.2 -0.1 22373	
-6.4 -6.3 -1.0 -0.9 14467	
-6.4 -6.3 -1.3 -1.2 10389	
-6.4 -6.3 -2.4 -2.3 1478	
-6.4 -6.3 -2.8 -2.7 610	
-6.4 -6.3 -3.9 -3.8 89	
-6.4 -6.3 -4.1 -4.0 56	
-6.4 -6.3 -4.5 -4.4 35	
-6.4 -6.3 -5.6 -5.5 2	
-6.4 -6.3 -6.2 -6.1 4	
-6.4 -6.3 0.4 0.5 20516	
-6.4 -6.3 1.0 1.1 13186	
-6.4 -6.3 1.7 1.8 4839	
-6.4 -6.3 2.3 2.4 1562	
-6.4 -6.3 3.4 3.5 150	
-6.4 -6.3 4.0 4.1 69	
-6.4 -6.3 4.7 4.8 16	
-6.4 -6.3 5.3 5.4 8	
-6.5 -6.4 -0.9 -0.8 15079	
-6.5 -6.4 -1.1 -1.0 12557	
-6.5 -6.4 -1.5 -1.4 7622	
-6.5 -6.4 -2.6 -2.5 888	
-6.5 -6.4 -3.7 -3.6 67	
-6.5 -6.4 -4.0 -3.9 60	
-6.5 -6.4 -4.3 -4.2 31	
-6.5 -6.4 -5.4 -5.3 5	
-6.5 -6.4 0.4 0.5 19571	
-6.5 -6.4 1.5 1.6 6554	
-6.5 -6.4 2.1 2.2 2236	
-6.5 -6.4 2.8 2.9 440	
-6.5 -6.4 3.4 3.5 137	
-6.5 -6.4 4.0 4.1 48	
-6.5 -6.4 4.7 4.8 9	
-6.5 -6.4 5.3 5.4 2	
-6.6 -6.5 -0.7 -0.6 16582	
-6.6 -6.5 -1.0 -0.9 13036	
-6.6 -6.5 -1.3 -1.2 9153	
-6.6 -6.5 -2.4 -2.3 1407	
-6.6 -6.5 -3.5 -3.4 89	
-6.6 -6.5 -3.9 -3.8 40	
-6.6 -6.5 -4.1 -4.0 28	
-6.6 -6.5 -5.2 -5.1 8	
-6.6 -6.5 -5.6 -5.5 1	
-6.6 -6.5 0.2 0.3 20171	
-6.6 -6.5 1.5 1.6 6144	
-6.6 -6.5 2.1 2.2 2090	
-6.6 -6.5 2.8 2.9 405	
-6.6 -6.5 3.4 3.5 81	
-6.6 -6.5 4.5 4.6 14	
-6.6 -6.5 5.1 5.2 3	
-6.6 -6.5 5.8 5.9 1	
-6.7 -6.6 -0.5 -0.4 17367	
-6.7 -6.6 -0.9 -0.8 13273	
-6.7 -6.6 -1.1 -1.0 11317	
-6.7 -6.6 -2.2 -2.1 1925	
-6.7 -6.6 -2.6 -2.5 735	
-6.7 -6.6 -3.7 -3.6 51	
-6.7 -6.6 -4.0 -3.9 29	
-6.7 -6.6 -4.8 -4.7 9	
-6.7 -6.6 -5.4 -5.3 1	
-6.7 -6.6 0.2 0.3 18759	
-6.7 -6.6 1.5 1.6 5798	
-6.7 -6.6 2.6 2.7 641	
-6.7 -6.6 2.9 3.0 302	
-6.7 -6.6 3.2 3.3 131	
-6.7 -6.6 4.5 4.6 8	
-6.7 -6.6 5.1 5.2 6	
-6.8 -6.7 -0.3 -0.2 17367	
-6.8 -6.7 -0.7 -0.6 14793	
-6.8 -6.7 -1.8 -1.7 3895	
-6.8 -6.7 -2.4 -2.3 1178	
-6.8 -6.7 -3.5 -3.4 66	
-6.8 -6.7 -4.1 -4.0 15	
-6.8 -6.7 -5.2 -5.1 1	
-6.8 -6.7 0.0 0.1 17987	
-6.8 -6.7 0.7 0.8 13651	
-6.8 -6.7 1.3 1.4 7258	
-6.8 -6.7 2.6 2.7 527	
-6.8 -6.7 2.9 3.0 249	
-6.8 -6.7 3.2 3.3 107	
-6.8 -6.7 4.5 4.6 6	
-6.8 -6.7 6.2 6.3 1	
-6.9 -6.8 -0.5 -0.4 15039	
-6.9 -6.8 -1.6 -1.5 4959	
-6.9 -6.8 -2.2 -2.1 1632	
-6.9 -6.8 -3.0 -2.9 235	
-6.9 -6.8 -3.3 -3.2 99	
-6.9 -6.8 -3.7 -3.6 44	
-6.9 -6.8 -4.8 -4.7 2	
-6.9 -6.8 0.0 0.1 16704	
-6.9 -6.8 0.7 0.8 12476	
-6.9 -6.8 1.3 1.4 6564	
-6.9 -6.8 2.6 2.7 503	
-6.9 -6.8 2.9 3.0 203	
-6.9 -6.8 3.0 3.1 185	
-6.9 -6.8 3.7 3.8 27	
-6.9 -6.8 4.3 4.4 12	
-7.0 -6.9 -0.5 -0.4 13654	
-7.0 -6.9 -1.6 -1.5 4580	
-7.0 -6.9 -2.2 -2.1 1561	
-7.0 -6.9 -3.0 -2.9 208	
-7.0 -6.9 -3.3 -3.2 93	
-7.0 -6.9 -3.7 -3.6 20	
-7.0 -6.9 -4.8 -4.7 5	
-7.0 -6.9 -5.9 -5.8 1	
-7.0 -6.9 0.5 0.6 13104	
-7.0 -6.9 1.1 1.2 7866	
-7.0 -6.9 1.8 1.9 2781	
-7.0 -6.9 2.4 2.5 783	
-7.0 -6.9 3.0 3.1 169	
-7.0 -6.9 3.7 3.8 21	
-7.0 -6.9 4.1 4.2 5	
-7.1 -7.0 -0.7 -0.6 11247	
-7.1 -7.0 -1.0 -0.9 8683	
-7.1 -7.0 -1.3 -1.2 6359	
-7.1 -7.0 -2.4 -2.3 892	
-7.1 -7.0 -3.9 -3.8 16	
-7.1 -7.0 -4.1 -4.0 7	
-7.1 -7.0 0.0 0.1 13849	
-7.1 -7.0 0.7 0.8 10285	
-7.1 -7.0 1.3 1.4 5458	
-7.1 -7.0 2.4 2.5 693	
-7.1 -7.0 2.9 3.0 189	
-7.1 -7.0 3.0 3.1 146	
-7.1 -7.0 3.7 3.8 24	
-7.1 -7.0 4.3 4.4 2	
-7.2 -7.1 -0.5 -0.4 11010	
-7.2 -7.1 -0.9 -0.8 8687	
-7.2 -7.1 -1.1 -1.0 7082	
-7.2 -7.1 -2.2 -2.1 1267	
-7.2 -7.1 -2.6 -2.5 464	
-7.2 -7.1 -3.7 -3.6 20	
-7.2 -7.1 -4.0 -3.9 7	
-7.2 -7.1 -4.3 -4.2 3	
-7.2 -7.1 -4.8 -4.7 1	
-7.2 -7.1 0.5 0.6 10694	
-7.2 -7.1 1.1 1.2 6234	
-7.2 -7.1 1.8 1.9 2223	
-7.2 -7.1 2.4 2.5 614	
-7.2 -7.1 3.0 3.1 136	
-7.2 -7.1 3.7 3.8 22	
-7.2 -7.1 4.3 4.4 3	
-7.3 -7.2 -0.3 -0.2 10677	
-7.3 -7.2 -0.7 -0.6 8816	
-7.3 -7.2 -1.0 -0.9 7014	
-7.3 -7.2 -1.8 -1.7 2404	
-7.3 -7.2 -2.4 -2.3 756	
-7.3 -7.2 -3.5 -3.4 29	
-7.3 -7.2 -3.9 -3.8 21	
-7.3 -7.2 -4.1 -4.0 2	
-7.3 -7.2 -5.2 -5.1 1	
-7.3 -7.2 0.5 0.6 9652	
-7.3 -7.2 1.1 1.2 5716	
-7.3 -7.2 1.8 1.9 2022	
-7.3 -7.2 2.4 2.5 548	
-7.3 -7.2 3.5 3.6 22	
-7.3 -7.2 3.7 3.8 11	
-7.3 -7.2 4.1 4.2 1	
-7.3 -7.2 4.8 4.9 1	
-7.4 -7.3 -0.5 -0.4 8495	
-7.4 -7.3 -1.6 -1.5 2841	
-7.4 -7.3 -2.2 -2.1 927	
-7.4 -7.3 -3.3 -3.2 42	
-7.4 -7.3 -3.7 -3.6 13	
-7.4 -7.3 -4.8 -4.7 1	
-7.4 -7.3 0.5 0.6 8235	
-7.4 -7.3 1.6 1.7 2415	
-7.4 -7.3 1.8 1.9 1732	
-7.4 -7.3 2.2 2.3 784	
-7.4 -7.3 3.5 3.6 23	
-7.4 -7.3 4.8 4.9 1	
-7.5 -7.4 -0.3 -0.2 8233	
-7.5 -7.4 -1.8 -1.7 1794	
-7.5 -7.4 -2.9 -2.8 138	
-7.5 -7.4 -3.1 -3.0 71	
-7.5 -7.4 -3.5 -3.4 24	
-7.5 -7.4 0.3 0.4 7990	
-7.5 -7.4 1.6 1.7 2092	
-7.5 -7.4 1.9 2.0 1280	
-7.5 -7.4 2.2 2.3 633	
-7.5 -7.4 3.5 3.6 18	
-7.6 -7.5 -0.5 -0.4 6478	
-7.6 -7.5 -1.6 -1.5 2214	
-7.6 -7.5 -2.2 -2.1 723	
-7.6 -7.5 -2.7 -2.6 237	
-7.6 -7.5 -3.0 -2.9 78	
-7.6 -7.5 -3.3 -3.2 44	
-7.6 -7.5 0.3 0.4 6574	
-7.6 -7.5 1.6 1.7 1838	
-7.6 -7.5 1.9 2.0 1088	
-7.6 -7.5 2.0 2.1 867	
-7.6 -7.5 3.3 3.4 21	
-7.7 -7.6 -0.1 0.0 6202	
-7.7 -7.6 -0.3 -0.2 5875	
-7.7 -7.6 -1.4 -1.3 2531	
-7.7 -7.6 -1.8 -1.7 1325	
-7.7 -7.6 -2.9 -2.8 112	
-7.7 -7.6 -3.1 -3.0 57	
-7.7 -7.6 0.1 0.2 6191	
-7.7 -7.6 1.4 1.5 2091	
-7.7 -7.6 2.0 2.1 751	
-7.7 -7.6 2.7 2.8 128	
-7.7 -7.6 3.3 3.4 23	
-7.8 -7.7 -1.2 -1.1 2586	
-7.8 -7.7 -1.6 -1.5 1529	
-7.8 -7.7 -2.7 -2.6 153	
-7.8 -7.7 -3.0 -2.9 74	
-7.8 -7.7 -3.3 -3.2 22	
-7.8 -7.7 0.1 0.2 5083	
-7.8 -7.7 0.8 0.9 3612	
-7.8 -7.7 1.4 1.5 1850	
-7.8 -7.7 2.0 2.1 618	
-7.8 -7.7 2.7 2.8 121	
-7.8 -7.7 3.1 3.2 36	
-7.8 -7.7 3.3 3.4 27	
-7.9 -7.8 -0.8 -0.7 3280	
-7.9 -7.8 -1.4 -1.3 1823	
-7.9 -7.8 -2.5 -2.4 205	
-7.9 -7.8 -2.9 -2.8 74	
-7.9 -7.8 -3.1 -3.0 58	
-7.9 -7.8 -4.2 -4.1 1	
-7.9 -7.8 0.1 0.2 4248	
-7.9 -7.8 0.8 0.9 3130	
-7.9 -7.8 1.2 1.3 1933	
-7.9 -7.8 1.4 1.5 1505	
-7.9 -7.8 2.5 2.6 165	
-7.9 -7.8 3.1 3.2 35	
-7.9 -7.8 3.8 3.9 1	
-7.9 -7.8 4.4 4.5 2	
-8.0 -7.9 -0.1 0.0 3531	
-8.0 -7.9 -0.8 -0.7 2693	
-8.0 -7.9 -1.4 -1.3 1456	
-8.0 -7.9 -2.5 -2.4 167	
-8.0 -7.9 -2.9 -2.8 76	
-8.0 -7.9 -3.1 -3.0 35	
-8.0 -7.9 0.6 0.7 2993	
-8.0 -7.9 0.9 1.0 2279	
-8.0 -7.9 1.2 1.3 1599	
-8.0 -7.9 2.5 2.6 140	
-8.0 -7.9 3.6 3.7 4	
-8.0 -7.9 3.9 4.0 2	
-8.1 -8.0 -0.5 -0.4 2595	
-8.1 -8.0 -1.6 -1.5 861	
-8.1 -8.0 -2.2 -2.1 325	
-8.1 -8.0 -3.0 -2.9 44	
-8.1 -8.0 -3.3 -3.2 13	
-8.1 -8.0 0.8 0.9 2080	
-8.1 -8.0 1.2 1.3 1343	
-8.1 -8.0 2.5 2.6 132	
-8.1 -8.0 3.1 3.2 18	
-8.1 -8.0 3.8 3.9 1	
-8.2 -8.1 -0.1 0.0 2409	
-8.2 -8.1 -0.3 -0.2 2315	
-8.2 -8.1 -1.4 -1.3 986	
-8.2 -8.1 -1.8 -1.7 504	
-8.2 -8.1 -2.9 -2.8 37	
-8.2 -8.1 -3.1 -3.0 26	
-8.2 -8.1 -3.5 -3.4 11	
-8.2 -8.1 0.6 0.7 1957	
-8.2 -8.1 0.9 1.0 1595	
-8.2 -8.1 1.2 1.3 1021	
-8.2 -8.1 2.5 2.6 114	
-8.2 -8.1 3.1 3.2 15	
-8.2 -8.1 3.8 3.9 2	
-8.3 -8.2 -1.2 -1.1 955	
-8.3 -8.2 -1.6 -1.5 551	
-8.3 -8.2 -2.7 -2.6 68	
-8.3 -8.2 -3.0 -2.9 26	
-8.3 -8.2 -3.3 -3.2 10	
-8.3 -8.2 0.6 0.7 1517	
-8.3 -8.2 0.9 1.0 1251	
-8.3 -8.2 1.0 1.1 1113	
-8.3 -8.2 1.2 1.3 854	
-8.3 -8.2 2.3 2.4 129	
-8.3 -8.2 3.6 3.7 3	
-8.3 -8.2 3.9 4.0 1	
-8.4 -8.3 -0.8 -0.7 1114	
-8.4 -8.3 -1.4 -1.3 591	
-8.4 -8.3 -2.5 -2.4 55	
-8.4 -8.3 -2.9 -2.8 27	
-8.4 -8.3 -3.1 -3.0 15	
-8.4 -8.3 0.4 0.5 1388	
-8.4 -8.3 1.0 1.1 878	
-8.4 -8.3 1.7 1.8 349	
-8.4 -8.3 2.3 2.4 86	
-8.4 -8.3 3.6 3.7 2	
-8.4 -8.3 3.9 4.0 1	
-8.5 -8.4 -1.2 -1.1 637	
-8.5 -8.4 -2.3 -2.2 89	
-8.5 -8.4 -2.7 -2.6 43	
-8.5 -8.4 -3.0 -2.9 15	
-8.5 -8.4 0.4 0.5 1083	
-8.5 -8.4 1.0 1.1 696	
-8.5 -8.4 1.7 1.8 237	
-8.5 -8.4 2.3 2.4 70	
-8.5 -8.4 3.4 3.5 5	
-8.6 -8.5 -0.1 0.0 897	
-8.6 -8.5 -0.8 -0.7 681	
-8.6 -8.5 -1.9 -1.8 152	
-8.6 -8.5 -2.5 -2.4 51	
-8.6 -8.5 -3.6 -3.5 2	
-8.6 -8.5 0.4 0.5 811	
-8.6 -8.5 1.5 1.6 288	
-8.6 -8.5 2.1 2.2 94	
-8.6 -8.5 2.8 2.9 17	
-8.6 -8.5 3.4 3.5 3	
-8.7 -8.6 -0.6 -0.5 664	
-8.7 -8.6 -1.2 -1.1 375	
-8.7 -8.6 -2.0 -1.9 99	
-8.7 -8.6 -2.3 -2.2 62	
-8.7 -8.6 -3.4 -3.3 3	
-8.7 -8.6 -3.8 -3.7 1	
-8.7 -8.6 0.2 0.3 728	
-8.7 -8.6 1.5 1.6 219	
-8.7 -8.6 2.1 2.2 79	
-8.7 -8.6 2.8 2.9 12	
-8.7 -8.6 3.4 3.5 1	
-8.8 -8.7 -0.4 -0.3 519	
-8.8 -8.7 -0.8 -0.7 414	
-8.8 -8.7 -1.9 -1.8 111	
-8.8 -8.7 -2.1 -2.0 73	
-8.8 -8.7 -2.5 -2.4 27	
-8.8 -8.7 0.2 0.3 490	
-8.8 -8.7 1.5 1.6 136	
-8.8 -8.7 2.6 2.7 14	
-8.8 -8.7 2.9 3.0 5	
-8.8 -8.7 3.2 3.3 3	
-8.9 -8.8 -0.2 -0.1 456	
-8.9 -8.8 -0.6 -0.5 359	
-8.9 -8.8 -1.7 -1.6 96	
-8.9 -8.8 -2.0 -1.9 49	
-8.9 -8.8 -2.3 -2.2 38	
-8.9 -8.8 0.0 0.1 415	
-8.9 -8.8 0.7 0.8 294	
-8.9 -8.8 1.3 1.4 150	
-8.9 -8.8 2.6 2.7 17	
-8.9 -8.8 2.9 3.0 4	
-8.9 -8.8 3.2 3.3 1	
-9.0 -8.9 -0.2 -0.1 330	
-9.0 -8.9 -0.6 -0.5 241	
-9.0 -8.9 -1.7 -1.6 79	
-9.0 -8.9 -2.0 -1.9 38	
-9.0 -8.9 -2.3 -2.2 36	
-9.0 -8.9 -3.4 -3.3 2	
-9.0 -8.9 0.0 0.1 327	
-9.0 -8.9 0.7 0.8 226	
-9.0 -8.9 1.1 1.2 155	
-9.0 -8.9 1.8 1.9 46	
-9.0 -8.9 2.4 2.5 16	
-9.0 -8.9 3.0 3.1 1	
-9.1 -9.0 -0.1 0.0 221	
-9.1 -9.0 -0.8 -0.7 165	
-9.1 -9.0 -1.4 -1.3 103	
-9.1 -9.0 -1.9 -1.8 28	
-9.1 -9.0 -2.5 -2.4 8	
-9.1 -9.0 -3.6 -3.5 1	
-9.1 -9.0 0.0 0.1 252	
-9.1 -9.0 0.7 0.8 163	
-9.1 -9.0 1.3 1.4 106	
-9.1 -9.0 2.6 2.7 4	
-9.1 -9.0 2.9 3.0 2	
-9.1 -9.0 3.2 3.3 1	
-9.2 -9.1 -0.6 -0.5 134	
-9.2 -9.1 -1.2 -1.1 80	
-9.2 -9.1 -2.0 -1.9 23	
-9.2 -9.1 -2.3 -2.2 11	
-9.2 -9.1 0.0 0.1 148	
-9.2 -9.1 0.7 0.8 128	
-9.2 -9.1 1.3 1.4 69	
-9.2 -9.1 2.4 2.5 8	
-9.2 -9.1 3.0 3.1 1	
-9.3 -9.2 -0.4 -0.3 101	
-9.3 -9.2 -0.8 -0.7 81	
-9.3 -9.2 -1.9 -1.8 23	
-9.3 -9.2 -2.1 -2.0 15	
-9.3 -9.2 -2.5 -2.4 7	
-9.3 -9.2 -3.6 -3.5 1	
-9.3 -9.2 -4.2 -4.1 1	
-9.3 -9.2 0.5 0.6 82	
-9.3 -9.2 1.1 1.2 59	
-9.3 -9.2 1.8 1.9 13	
-9.3 -9.2 2.4 2.5 5	
-9.3 -9.2 3.0 3.1 2	
-9.4 -9.3 -0.2 -0.1 81	
-9.4 -9.3 -0.6 -0.5 64	
-9.4 -9.3 -1.7 -1.6 18	
-9.4 -9.3 -2.0 -1.9 7	
-9.4 -9.3 -2.3 -2.2 5	
-9.4 -9.3 0.5 0.6 72	
-9.4 -9.3 1.1 1.2 52	
-9.4 -9.3 1.8 1.9 13	
-9.4 -9.3 2.4 2.5 4	
-9.4 -9.3 4.1 4.2 1	
-9.5 -9.4 -0.4 -0.3 71	
-9.5 -9.4 -1.5 -1.4 22	
-9.5 -9.4 -1.9 -1.8 10	
-9.5 -9.4 -2.1 -2.0 10	
-9.5 -9.4 0.5 0.6 50	
-9.5 -9.4 1.6 1.7 20	
-9.5 -9.4 1.8 1.9 10	
-9.5 -9.4 2.2 2.3 3	
-9.6 -9.5 -0.2 -0.1 44	
-9.6 -9.5 -1.7 -1.6 14	
-9.6 -9.5 -2.0 -1.9 9	
-9.6 -9.5 -2.8 -2.7 1	
-9.6 -9.5 0.3 0.4 41	
-9.6 -9.5 1.6 1.7 14	
-9.6 -9.5 1.9 2.0 7	
-9.7 -9.6 -0.4 -0.3 28	
-9.7 -9.6 -1.5 -1.4 7	
-9.7 -9.6 -2.1 -2.0 6	
-9.7 -9.6 -2.6 -2.5 2	
-9.7 -9.6 0.3 0.4 22	
-9.7 -9.6 1.6 1.7 7	
-9.7 -9.6 1.9 2.0 4	
-9.7 -9.6 2.0 2.1 5	
-9.8 -9.7 -0.2 -0.1 27	
-9.8 -9.7 -1.0 -0.9 13	
-9.8 -9.7 -1.3 -1.2 8	
-9.8 -9.7 -2.8 -2.7 2	
-9.8 -9.7 0.1 0.2 14	
-9.8 -9.7 1.4 1.5 6	
-9.8 -9.7 2.0 2.1 3	
-9.8 -9.7 2.7 2.8 1	
-9.9 -9.8 -0.9 -0.8 9	
-9.9 -9.8 -1.1 -1.0 6	
-9.9 -9.8 -1.5 -1.4 3	
-9.9 -9.8 0.1 0.2 14	
-9.9 -9.8 0.8 0.9 11	
-9.9 -9.8 1.4 1.5 4	
0.0 0.1 -0.4 -0.3 1344	
0.0 0.1 -1.5 -1.4 7473	
0.0 0.1 -1.9 -1.8 12684	
0.0 0.1 -2.1 -2.0 15536	
0.0 0.1 -3.2 -3.1 24792	
0.0 0.1 -3.6 -3.5 21917	
0.0 0.1 -4.7 -4.6 15829	
0.0 0.1 -5.0 -4.9 17488	
0.0 0.1 -5.8 -5.7 24013	
0.0 0.1 -6.4 -6.3 22454	
0.0 0.1 -7.5 -7.4 8510	
0.0 0.1 -7.9 -7.8 4307	
0.0 0.1 -8.1 -8.0 2924	
0.0 0.1 -9.2 -9.1 189	
0.0 0.1 -9.6 -9.5 47	
0.0 0.1 0.5 0.6 1695	
0.0 0.1 1.1 1.2 4648	
0.0 0.1 1.8 1.9 12544	
0.0 0.1 10.0 10.1 5	
0.0 0.1 2.4 2.5 20995	
0.0 0.1 3.5 3.6 22119	
0.0 0.1 4.1 4.2 16999	
0.0 0.1 4.8 4.9 16789	
0.0 0.1 5.4 5.5 21759	
0.0 0.1 6.0 6.1 24266	
0.0 0.1 6.7 6.8 17891	
0.0 0.1 7.3 7.4 9625	
0.0 0.1 8.4 8.5 1148	
0.0 0.1 8.6 8.7 701	
0.0 0.1 8.9 9.0 341	
0.0 0.1 9.0 9.1 250	
0.0 0.1 9.7 9.8 23	
0.1 0.2 -0.1 0.0 1205	
0.1 0.2 -0.3 -0.2 1206	
0.1 0.2 -0.7 -0.6 2017	
0.1 0.2 -1.8 -1.7 11495	
0.1 0.2 -10.3 -10.2 3	
0.1 0.2 -2.4 -2.3 19749	
0.1 0.2 -3.5 -3.4 22757	
0.1 0.2 -4.1 -4.0 17439	
0.1 0.2 -5.2 -5.1 18748	
0.1 0.2 -6.3 -6.2 23124	
0.1 0.2 -6.7 -6.6 18831	
0.1 0.2 -7.0 -6.9 14997	
0.1 0.2 -7.8 -7.7 5032	
0.1 0.2 -8.4 -8.3 1489	
0.1 0.2 -9.5 -9.4 70	
0.1 0.2 0.2 0.3 1215	
0.1 0.2 1.3 1.4 6564	
0.1 0.2 10.3 10.4 3	
0.1 0.2 2.6 2.7 22733	
0.1 0.2 2.9 3.0 24455	
0.1 0.2 3.2 3.3 23959	
0.1 0.2 4.5 4.6 15394	
0.1 0.2 5.1 5.2 18738	
0.1 0.2 5.8 5.9 23772	
0.1 0.2 6.4 6.5 21424	
0.1 0.2 7.5 7.6 7196	
0.1 0.2 8.1 8.2 2241	
0.1 0.2 8.8 8.9 404	
0.1 0.2 9.4 9.5 60	
0.1 0.2 9.9 10.0 10	
0.2 0.3 -0.6 -0.5 1714	
0.2 0.3 -1.2 -1.1 4690	
0.2 0.3 -2.0 -1.9 13865	
0.2 0.3 -2.3 -2.2 18189	
0.2 0.3 -2.7 -2.6 22254	
0.2 0.3 -3.8 -3.7 19728	
0.2 0.3 -4.4 -4.3 15411	
0.2 0.3 -4.9 -4.8 16176	
0.2 0.3 -5.5 -5.4 21063	
0.2 0.3 -6.6 -6.5 19841	
0.2 0.3 -7.2 -7.1 11861	
0.2 0.3 -8.3 -8.2 1847	
0.2 0.3 -8.7 -8.6 673	
0.2 0.3 -9.8 -9.7 20	
0.2 0.3 0.4 0.5 1590	
0.2 0.3 1.0 1.1 3875	
0.2 0.3 1.7 1.8 10925	
0.2 0.3 10.2 10.3 2	
0.2 0.3 2.3 2.4 19371	
0.2 0.3 3.6 3.7 20594	
0.2 0.3 3.9 4.0 18036	
0.2 0.3 4.2 4.3 15687	
0.2 0.3 5.3 5.4 20420	
0.2 0.3 6.6 6.7 18646	
0.2 0.3 6.9 7.0 14685	
0.2 0.3 7.2 7.3 10464	
0.2 0.3 8.5 8.6 901	
0.2 0.3 9.1 9.2 132	
0.2 0.3 9.8 9.9 17	
0.3 0.4 -0.9 -0.8 2877	
0.3 0.4 -1.1 -1.0 4019	
0.3 0.4 -1.5 -1.4 7176	
0.3 0.4 -10.5 -10.4 1	
0.3 0.4 -2.6 -2.5 21052	
0.3 0.4 -3.2 -3.1 23517	
0.3 0.4 -4.0 -3.9 17353	
0.3 0.4 -4.3 -4.2 15458	
0.3 0.4 -5.8 -5.7 22271	
0.3 0.4 -6.9 -6.8 15553	
0.3 0.4 -7.1 -7.0 12979	
0.3 0.4 -7.5 -7.4 7974	
0.3 0.4 -8.6 -8.5 829	
0.3 0.4 -9.2 -9.1 114	
0.3 0.4 0.1 0.2 1316	
0.3 0.4 0.8 0.9 2888	
0.3 0.4 1.4 1.5 7359	
0.3 0.4 2.0 2.1 14968	
0.3 0.4 2.7 2.8 22660	
0.3 0.4 3.1 3.2 23235	
0.3 0.4 3.8 3.9 18453	
0.3 0.4 4.4 4.5 14932	
0.3 0.4 5.0 5.1 17152	
0.3 0.4 5.7 5.8 22392	
0.3 0.4 6.3 6.4 21258	
0.3 0.4 7.6 7.7 5651	
0.3 0.4 7.9 8.0 3362	
0.3 0.4 8.0 8.1 2650	
0.3 0.4 9.3 9.4 94	
0.4 0.5 -0.3 -0.2 1544	
0.4 0.5 -1.4 -1.3 6171	
0.4 0.5 -1.8 -1.7 10515	
0.4 0.5 -10.5 -10.4 1	
0.4 0.5 -2.9 -2.8 22696	
0.4 0.5 -3.1 -3.0 22725	
0.4 0.5 -3.5 -3.4 21372	
0.4 0.5 -4.6 -4.5 14309	
0.4 0.5 -5.2 -5.1 17311	
0.4 0.5 -5.7 -5.6 20879	
0.4 0.5 -6.0 -5.9 21849	
0.4 0.5 -6.3 -6.2 20983	
0.4 0.5 -7.4 -7.3 8640	
0.4 0.5 -7.8 -7.7 4599	
0.4 0.5 -8.9 -8.8 368	
0.4 0.5 -9.1 -9.0 208	
0.4 0.5 -9.5 -9.4 62	
0.4 0.5 0.5 0.6 2020	
0.4 0.5 1.8 1.9 12029	
0.4 0.5 2.2 2.3 17041	
0.4 0.5 3.5 3.6 20240	
0.4 0.5 4.1 4.2 15426	
0.4 0.5 4.8 4.9 14997	
0.4 0.5 5.4 5.5 19601	
0.4 0.5 6.7 6.8 16335	
0.4 0.5 7.1 7.2 11124	
0.4 0.5 7.8 7.9 3869	
0.4 0.5 8.4 8.5 1090	
0.4 0.5 9.0 9.1 227	
0.4 0.5 9.7 9.8 14	
0.5 0.6 -0.6 -0.5 2137	
0.5 0.6 -1.7 -1.6 8945	
0.5 0.6 -10.5 -10.4 2	
0.5 0.6 -2.0 -1.9 12790	
0.5 0.6 -2.3 -2.2 16549	
0.5 0.6 -3.4 -3.3 21109	
0.5 0.6 -3.8 -3.7 17848	
0.5 0.6 -4.9 -4.8 14610	
0.5 0.6 -5.1 -5.0 15651	
0.5 0.6 -6.6 -6.5 17754	
0.5 0.6 -7.7 -7.6 5246	
0.5 0.6 -8.0 -7.9 3085	
0.5 0.6 -8.3 -8.2 1655	
0.5 0.6 -9.4 -9.3 90	
0.5 0.6 -9.8 -9.7 10	
0.5 0.6 0.0 0.1 1738	
0.5 0.6 0.7 0.8 2651	
0.5 0.6 1.3 1.4 5966	
0.5 0.6 10.2 10.3 3	
0.5 0.6 2.6 2.7 20704	
0.5 0.6 2.9 3.0 21849	
0.5 0.6 3.2 3.3 21592	
0.5 0.6 4.5 4.6 13687	
0.5 0.6 5.6 5.7 19817	
0.5 0.6 5.9 6.0 20633	
0.5 0.6 6.2 6.3 20020	
0.5 0.6 7.5 7.6 6172	
0.5 0.6 8.1 8.2 2097	
0.5 0.6 8.8 8.9 347	
0.5 0.6 9.4 9.5 64	
0.6 0.7 -0.5 -0.4 2281	
0.6 0.7 -0.9 -0.8 3197	
0.6 0.7 -1.1 -1.0 4046	
0.6 0.7 -2.2 -2.1 14591	
0.6 0.7 -2.6 -2.5 18958	
0.6 0.7 -3.7 -3.6 18207	
0.6 0.7 -4.0 -3.9 15801	
0.6 0.7 -4.3 -4.2 13957	
0.6 0.7 -5.4 -5.3 16696	
0.6 0.7 -6.9 -6.8 13452	
0.6 0.7 -7.1 -7.0 11326	
0.6 0.7 -8.2 -8.1 1924	
0.6 0.7 -8.6 -8.5 751	
0.6 0.7 -9.7 -9.6 27	
0.6 0.7 0.4 0.5 2237	
0.6 0.7 1.0 1.1 4009	
0.6 0.7 1.7 1.8 9771	
0.6 0.7 10.1 10.2 3	
0.6 0.7 2.3 2.4 17066	
0.6 0.7 3.4 3.5 19521	
0.6 0.7 3.9 4.0 15691	
0.6 0.7 4.0 4.1 15090	
0.6 0.7 4.7 4.8 13519	
0.6 0.7 5.3 5.4 17071	
0.6 0.7 6.6 6.7 15773	
0.6 0.7 6.9 7.0 12326	
0.6 0.7 7.2 7.3 8923	
0.6 0.7 8.5 8.6 772	
0.6 0.7 9.6 9.7 16	
0.6 0.7 9.9 10.0 9	
0.7 0.8 -0.8 -0.7 3082	
0.7 0.8 -1.4 -1.3 5881	
0.7 0.8 -2.5 -2.4 17058	
0.7 0.8 -2.9 -2.8 19791	
0.7 0.8 -3.1 -3.0 20058	
0.7 0.8 -4.2 -4.1 13461	
0.7 0.8 -4.6 -4.5 12352	
0.7 0.8 -5.7 -5.6 17573	
0.7 0.8 -6.0 -5.9 18311	
0.7 0.8 -6.3 -6.2 17409	
0.7 0.8 -6.8 -6.7 13614	
0.7 0.8 -7.4 -7.3 7178	
0.7 0.8 -8.5 -8.4 921	
0.7 0.8 -8.9 -8.8 304	
0.7 0.8 -9.1 -9.0 190	
0.7 0.8 0.1 0.2 2492	
0.7 0.8 0.8 0.9 3165	
0.7 0.8 1.2 1.3 5190	
0.7 0.8 1.4 1.5 6587	
0.7 0.8 2.5 2.6 18127	
0.7 0.8 3.1 3.2 19948	
0.7 0.8 3.8 3.9 15709	
0.7 0.8 4.4 4.5 12383	
0.7 0.8 5.0 5.1 13914	
0.7 0.8 5.7 5.8 18002	
0.7 0.8 6.3 6.4 17269	
0.7 0.8 7.4 7.5 6322	
0.7 0.8 8.0 8.1 2249	
0.7 0.8 8.7 8.8 428	
0.7 0.8 9.3 9.4 66	
0.8 0.9 -0.2 -0.1 2710	
0.8 0.9 -1.3 -1.2 5184	
0.8 0.9 -1.7 -1.6 8224	
0.8 0.9 -10.2 -10.1 5	
0.8 0.9 -2.0 -1.9 11341	
0.8 0.9 -2.8 -2.7 18450	
0.8 0.9 -3.4 -3.3 18386	
0.8 0.9 -4.5 -4.4 11561	
0.8 0.9 -4.9 -4.8 12045	
0.8 0.9 -5.1 -5.0 12776	
0.8 0.9 -6.2 -6.1 16547	
0.8 0.9 -7.7 -7.6 4348	
0.8 0.9 -8.0 -7.9 2576	
0.8 0.9 -8.8 -8.7 393	
0.8 0.9 -9.4 -9.3 58	
0.8 0.9 0.3 0.4 2927	
0.8 0.9 1.6 1.7 8182	
0.8 0.9 1.9 2.0 11339	
0.8 0.9 2.2 2.3 14602	
0.8 0.9 3.5 3.6 17240	
0.8 0.9 4.1 4.2 12931	
0.8 0.9 4.8 4.9 12046	
0.8 0.9 5.2 5.3 14098	
0.8 0.9 6.5 6.6 14363	
0.8 0.9 7.1 7.2 8769	
0.8 0.9 7.8 7.9 3126	
0.8 0.9 8.4 8.5 861	
0.8 0.9 9.0 9.1 154	
0.8 0.9 9.7 9.8 16	
0.9 1.0 -0.9 -0.8 3807	
0.9 1.0 -1.1 -1.0 4504	
0.9 1.0 -1.5 -1.4 6471	
0.9 1.0 -10.4 -10.3 2	
0.9 1.0 -2.6 -2.5 16808	
0.9 1.0 -3.2 -3.1 18162	
0.9 1.0 -4.0 -3.9 13413	
0.9 1.0 -4.3 -4.2 11667	
0.9 1.0 -5.4 -5.3 13432	
0.9 1.0 -5.8 -5.7 15250	
0.9 1.0 -6.9 -6.8 10325	
0.9 1.0 -7.1 -7.0 8733	
0.9 1.0 -7.5 -7.4 5348	
0.9 1.0 -8.6 -8.5 578	
0.9 1.0 -9.2 -9.1 93	
0.9 1.0 0.2 0.3 3294	
0.9 1.0 1.5 1.6 7299	
0.9 1.0 2.1 2.2 13013	
0.9 1.0 2.8 2.9 18161	
0.9 1.0 3.2 3.3 17939	
0.9 1.0 4.5 4.6 10607	
0.9 1.0 5.1 5.2 12385	
0.9 1.0 5.8 5.9 15417	
0.9 1.0 6.4 6.5 13677	
0.9 1.0 7.0 7.1 8743	
0.9 1.0 7.7 7.8 3362	
0.9 1.0 8.1 8.2 1526	
0.9 1.0 8.3 8.4 994	
0.9 1.0 9.4 9.5 42	
1.0 1.1 -0.1 0.0 3941	
1.0 1.1 -0.4 -0.3 4050	
1.0 1.1 -0.9 -0.8 4221	
1.0 1.1 -1.5 -1.4 6645	
1.0 1.1 -10.5 -10.4 2	
1.0 1.1 -2.6 -2.5 15997	
1.0 1.1 -3.2 -3.1 17781	
1.0 1.1 -4.3 -4.2 11106	
1.0 1.1 -4.7 -4.6 9772	
1.0 1.1 -5.8 -5.7 13811	
1.0 1.1 -6.4 -6.3 12923	
1.0 1.1 -6.9 -6.8 9669	
1.0 1.1 -7.5 -7.4 4841	
1.0 1.1 -8.6 -8.5 565	
1.0 1.1 -9.2 -9.1 84	
1.0 1.1 0.1 0.2 3991	
1.0 1.1 0.8 0.9 4242	
1.0 1.1 1.4 1.5 6478	
1.0 1.1 10.0 10.1 2	
1.0 1.1 2.5 2.6 15772	
1.0 1.1 3.1 3.2 17582	
1.0 1.1 3.8 3.9 13467	
1.0 1.1 4.4 4.5 10333	
1.0 1.1 5.0 5.1 10934	
1.0 1.1 5.7 5.8 13702	
1.0 1.1 6.3 6.4 12979	
1.0 1.1 7.4 7.5 4710	
1.0 1.1 7.6 7.7 3527	
1.0 1.1 7.9 8.0 2043	
1.0 1.1 8.0 8.1 1731	
1.0 1.1 8.7 8.8 321	
1.0 1.1 9.3 9.4 49	
1.0 1.1 9.9 10.0 5	
1.1 1.2 -0.3 -0.2 4679	
1.1 1.2 -1.8 -1.7 8534	
1.1 1.2 -2.9 -2.8 16368	
1.1 1.2 -3.1 -3.0 16788	
1.1 1.2 -3.5 -3.4 15390	
1.1 1.2 -4.6 -4.5 9328	
1.1 1.2 -5.2 -5.1 10320	
1.1 1.2 -6.0 -5.9 12462	
1.1 1.2 -6.3 -6.2 12275	
1.1 1.2 -7.8 -7.7 2577	
1.1 1.2 -8.9 -8.8 213	
1.1 1.2 -9.1 -9.0 105	
1.1 1.2 -9.5 -9.4 27	
1.1 1.2 0.3 0.4 4731	
1.1 1.2 1.6 1.7 7679	
1.1 1.2 1.9 2.0 10338	
1.1 1.2 2.2 2.3 12807	
1.1 1.2 3.5 3.6 14896	
1.1 1.2 4.1 4.2 10913	
1.1 1.2 4.8 4.9 9294	
1.1 1.2 5.4 5.5 11528	
1.1 1.2 6.5 6.6 10666	
1.1 1.2 7.1 7.2 6356	
1.1 1.2 7.8 7.9 2106	
1.1 1.2 8.4 8.5 559	
1.1 1.2 9.0 9.1 105	
1.1 1.2 9.7 9.8 10	
1.2 1.3 -0.6 -0.5 5310	
1.2 1.3 -1.2 -1.1 5586	
1.2 1.3 -1.7 -1.6 7678	
1.2 1.3 -2.0 -1.9 10252	
1.2 1.3 -2.3 -2.2 12784	
1.2 1.3 -3.4 -3.3 15555	
1.2 1.3 -3.8 -3.7 13124	
1.2 1.3 -4.9 -4.8 8556	
1.2 1.3 -5.1 -5.0 9018	
1.2 1.3 -5.5 -5.4 10184	
1.2 1.3 -6.6 -6.5 9387	
1.2 1.3 -7.2 -7.1 5533	
1.2 1.3 -8.0 -7.9 1637	
1.2 1.3 -8.3 -8.2 860	
1.2 1.3 -9.4 -9.3 41	
1.2 1.3 -9.8 -9.7 14	
1.2 1.3 0.0 0.1 5530	
1.2 1.3 0.7 0.8 5362	
1.2 1.3 1.3 1.4 6157	
1.2 1.3 2.6 2.7 15198	
1.2 1.3 2.9 3.0 16136	
1.2 1.3 3.2 3.3 15653	
1.2 1.3 4.3 4.4 9362	
1.2 1.3 5.6 5.7 10871	
1.2 1.3 5.9 6.0 11106	
1.2 1.3 6.2 6.3 10565	
1.2 1.3 7.5 7.6 3295	
1.2 1.3 8.1 8.2 1028	
1.2 1.3 8.8 8.9 200	
1.2 1.3 9.2 9.3 61	
1.3 1.4 -0.9 -0.8 5916	
1.3 1.4 -1.1 -1.0 5952	
1.3 1.4 -10.2 -10.1 5	
1.3 1.4 -10.7 -10.6 1	
1.3 1.4 -2.6 -2.5 14543	
1.3 1.4 -3.7 -3.6 13179	
1.3 1.4 -4.0 -3.9 10975	
1.3 1.4 -4.3 -4.2 9275	
1.3 1.4 -5.4 -5.3 8672	
1.3 1.4 -5.8 -5.7 9774	
1.3 1.4 -6.9 -6.8 6637	
1.3 1.4 -7.1 -7.0 5523	
1.3 1.4 -7.5 -7.4 3391	
1.3 1.4 -8.6 -8.5 362	
1.3 1.4 -9.7 -9.6 8	
1.3 1.4 0.4 0.5 6249	
1.3 1.4 1.0 1.1 5833	
1.3 1.4 1.7 1.8 8560	
1.3 1.4 2.1 2.2 11665	
1.3 1.4 3.4 3.5 14621	
1.3 1.4 4.0 4.1 10624	
1.3 1.4 4.7 4.8 7726	
1.3 1.4 5.3 5.4 8919	
1.3 1.4 6.6 6.7 7795	
1.3 1.4 6.9 7.0 6211	
1.3 1.4 7.0 7.1 5581	
1.3 1.4 8.3 8.4 624	
1.3 1.4 9.6 9.7 11	
1.4 1.5 -0.3 -0.2 7457	
1.4 1.5 -1.4 -1.3 6994	
1.4 1.5 -10.2 -10.1 3	
1.4 1.5 -2.5 -2.4 13793	
1.4 1.5 -2.9 -2.8 15364	
1.4 1.5 -3.1 -3.0 15799	
1.4 1.5 -4.2 -4.1 9549	
1.4 1.5 -4.6 -4.5 7442	
1.4 1.5 -5.7 -5.6 8363	
1.4 1.5 -6.0 -5.9 8322	
1.4 1.5 -6.3 -6.2 8237	
1.4 1.5 -7.4 -7.3 3404	
1.4 1.5 -8.9 -8.8 144	
1.4 1.5 -9.1 -9.0 83	
1.4 1.5 0.8 0.9 6568	
1.4 1.5 1.2 1.3 6654	
1.4 1.5 2.5 2.6 14221	
1.4 1.5 3.1 3.2 15556	
1.4 1.5 3.8 3.9 11717	
1.4 1.5 4.4 4.5 8034	
1.4 1.5 5.0 5.1 7238	
1.4 1.5 5.7 5.8 8506	
1.4 1.5 6.1 6.2 8419	
1.4 1.5 6.8 6.9 5949	
1.4 1.5 7.4 7.5 2950	
1.4 1.5 8.0 8.1 974	
1.4 1.5 8.7 8.8 203	
1.4 1.5 9.3 9.4 20	
1.5 1.6 -0.1 0.0 8803	
1.5 1.6 -0.2 -0.1 8455	
1.5 1.6 -0.6 -0.5 8019	
1.5 1.6 -1.7 -1.6 8364	
1.5 1.6 -10.7 -10.6 1	
1.5 1.6 -2.0 -1.9 10116	
1.5 1.6 -2.8 -2.7 15236	
1.5 1.6 -3.4 -3.3 14808	
1.5 1.6 -4.5 -4.4 7575	
1.5 1.6 -4.9 -4.8 6499	
1.5 1.6 -5.1 -5.0 6499	
1.5 1.6 -6.2 -6.1 7217	
1.5 1.6 -6.6 -6.5 6117	
1.5 1.6 -7.7 -7.6 1841	
1.5 1.6 -8.0 -7.9 1085	
1.5 1.6 -8.3 -8.2 576	
1.5 1.6 -8.8 -8.7 145	
1.5 1.6 -9.4 -9.3 20	
1.5 1.6 0.3 0.4 8485	
1.5 1.6 1.6 1.7 8336	
1.5 1.6 1.9 2.0 10340	
1.5 1.6 10.2 10.3 3	
1.5 1.6 2.2 2.3 12381	
1.5 1.6 3.5 3.6 13738	
1.5 1.6 4.6 4.7 6872	
1.5 1.6 4.9 5.0 6413	
1.5 1.6 5.2 5.3 6771	
1.5 1.6 6.5 6.6 6277	
1.5 1.6 7.1 7.2 3789	
1.5 1.6 7.8 7.9 1330	
1.5 1.6 8.4 8.5 371	
1.5 1.6 9.5 9.6 16	
1.5 1.6 9.7 9.8 6	
1.6 1.7 -0.5 -0.4 9186	
1.6 1.7 -0.9 -0.8 8193	
1.6 1.7 -1.1 -1.0 7890	
1.6 1.7 -2.2 -2.1 12083	
1.6 1.7 -3.7 -3.6 13032	
1.6 1.7 -4.0 -3.9 10888	
1.6 1.7 -4.8 -4.7 6164	
1.6 1.7 -5.4 -5.3 5864	
1.6 1.7 -6.5 -6.4 5528	
1.6 1.7 -6.9 -6.8 4360	
1.6 1.7 -7.1 -7.0 3503	
1.6 1.7 -8.2 -8.1 616	
1.6 1.7 -9.7 -9.6 10	
1.6 1.7 0.0 0.1 9777	
1.6 1.7 0.7 0.8 8321	
1.6 1.7 1.3 1.4 7808	
1.6 1.7 10.1 10.2 1	
1.6 1.7 2.4 2.5 13857	
1.6 1.7 2.9 3.0 15729	
1.6 1.7 3.0 3.1 15668	
1.6 1.7 3.7 3.8 12396	
1.6 1.7 4.3 4.4 7828	
1.6 1.7 5.6 5.7 6252	
1.6 1.7 5.9 6.0 6356	
1.6 1.7 6.2 6.3 5948	
1.6 1.7 7.5 7.6 1929	
1.6 1.7 8.6 8.7 194	
1.6 1.7 8.9 9.0 84	
1.6 1.7 9.2 9.3 22	
1.7 1.8 -0.8 -0.7 9446	
1.7 1.8 -1.4 -1.3 8503	
1.7 1.8 -2.5 -2.4 14274	
1.7 1.8 -3.1 -3.0 16268	
1.7 1.8 -3.6 -3.5 14134	
1.7 1.8 -4.2 -4.1 9286	
1.7 1.8 -5.3 -5.2 5154	
1.7 1.8 -5.7 -5.6 5553	
1.7 1.8 -6.8 -6.7 3952	
1.7 1.8 -7.4 -7.3 2071	
1.7 1.8 -8.5 -8.4 262	
1.7 1.8 -9.1 -9.0 40	
1.7 1.8 -9.6 -9.5 15	
1.7 1.8 0.2 0.3 10971	
1.7 1.8 0.4 0.5 10578	
1.7 1.8 1.5 1.6 8894	
1.7 1.8 2.1 2.2 12319	
1.7 1.8 2.8 2.9 16286	
1.7 1.8 3.4 3.5 14643	
1.7 1.8 4.0 4.1 9978	
1.7 1.8 4.7 4.8 5859	
1.7 1.8 5.3 5.4 5168	
1.7 1.8 6.4 6.5 4756	
1.7 1.8 7.0 7.1 2941	
1.7 1.8 7.7 7.8 1158	
1.7 1.8 8.3 8.4 339	
1.7 1.8 9.6 9.7 5	
1.8 1.9 -0.2 -0.1 12573	
1.8 1.9 -1.0 -0.9 10119	
1.8 1.9 -1.3 -1.2 9063	
1.8 1.9 -1.7 -1.6 9937	
1.8 1.9 -2.8 -2.7 16421	
1.8 1.9 -3.9 -3.8 12170	
1.8 1.9 -4.5 -4.4 7025	
1.8 1.9 -5.6 -5.5 4572	
1.8 1.9 -6.2 -6.1 4243	
1.8 1.9 -7.0 -6.9 2720	
1.8 1.9 -7.3 -7.2 1993	
1.8 1.9 -7.7 -7.6 1103	
1.8 1.9 -8.8 -8.7 92	
1.8 1.9 -9.9 -9.8 2	
1.8 1.9 0.6 0.7 11054	
1.8 1.9 0.9 1.0 9861	
1.8 1.9 1.2 1.3 9259	
1.8 1.9 2.5 2.6 15567	
1.8 1.9 3.1 3.2 16523	
1.8 1.9 3.8 3.9 11934	
1.8 1.9 4.2 4.3 8760	
1.8 1.9 5.5 5.6 4635	
1.8 1.9 6.1 6.2 4309	
1.8 1.9 6.8 6.9 2990	
1.8 1.9 7.4 7.5 1494	
1.8 1.9 8.0 8.1 578	
1.8 1.9 8.7 8.8 86	
1.8 1.9 9.1 9.2 37	
1.9 2.0 -0.1 0.0 14188	
1.9 2.0 -0.9 -0.8 11257	
1.9 2.0 -1.1 -1.0 10559	
1.9 2.0 -2.2 -2.1 13353	
1.9 2.0 -2.6 -2.5 15953	
1.9 2.0 -3.7 -3.6 14395	
1.9 2.0 -4.0 -3.9 11343	
1.9 2.0 -4.3 -4.2 8730	
1.9 2.0 -5.4 -5.3 3917	
1.9 2.0 -6.9 -6.8 2436	
1.9 2.0 -7.1 -7.0 2108	
1.9 2.0 -8.2 -8.1 340	
1.9 2.0 -8.6 -8.5 129	
1.9 2.0 -9.7 -9.6 2	
1.9 2.0 0.5 0.6 12759	
1.9 2.0 1.1 1.2 10269	
1.9 2.0 1.8 1.9 11472	
1.9 2.0 2.2 2.3 14188	
1.9 2.0 3.5 3.6 15185	
1.9 2.0 4.1 4.2 9810	
1.9 2.0 4.8 4.9 4971	
1.9 2.0 5.4 5.5 4072	
1.9 2.0 6.0 6.1 3933	
1.9 2.0 6.7 6.8 2748	
1.9 2.0 7.1 7.2 1819	
1.9 2.0 7.3 7.4 1408	
1.9 2.0 8.4 8.5 158	
1.9 2.0 9.0 9.1 42	
1.9 2.0 9.7 9.8 2	
1.9 2.0 9.9 10.0 1	
10.0 10.1 -0.3 -0.2 8	
10.0 10.1 -1.4 -1.3 2	
10.0 10.1 -2.9 -2.8 1	
10.0 10.1 0.1 0.2 5	
10.0 10.1 0.8 0.9 5	
10.0 10.1 1.4 1.5 3	
10.0 10.1 2.5 2.6 1	
10.1 10.2 -1.6 -1.5 1	
10.1 10.2 0.6 0.7 3	
10.1 10.2 0.9 1.0 3	
10.1 10.2 1.2 1.3 2	
10.1 10.2 2.5 2.6 1	
10.2 10.3 -0.3 -0.2 6	
10.2 10.3 -1.4 -1.3 4	
10.2 10.3 0.9 1.0 1	
10.2 10.3 1.2 1.3 4	
10.3 10.4 -1.2 -1.1 1	
10.3 10.4 -1.6 -1.5 1	
10.3 10.4 0.6 0.7 1	
10.3 10.4 0.9 1.0 1	
10.6 10.7 -0.8 -0.7 1	
10.6 10.7 0.2 0.3 1	
2.0 2.1 -0.9 -0.8 12336	
2.0 2.1 -1.1 -1.0 11360	
2.0 2.1 -1.5 -1.4 10708	
2.0 2.1 -2.6 -2.5 16757	
2.0 2.1 -3.2 -3.1 18090	
2.0 2.1 -3.7 -3.6 15014	
2.0 2.1 -4.0 -3.9 11694	
2.0 2.1 -4.3 -4.2 8987	
2.0 2.1 -5.4 -5.3 3514	
2.0 2.1 -5.8 -5.7 3260	
2.0 2.1 -6.9 -6.8 2082	
2.0 2.1 -7.1 -7.0 1682	
2.0 2.1 -7.5 -7.4 1024	
2.0 2.1 -8.6 -8.5 120	
2.0 2.1 -9.2 -9.1 14	
2.0 2.1 0.4 0.5 14363	
2.0 2.1 1.5 1.6 10757	
2.0 2.1 2.1 2.2 14117	
2.0 2.1 2.8 2.9 18190	
2.0 2.1 3.4 3.5 16464	
2.0 2.1 4.0 4.1 10759	
2.0 2.1 4.7 4.8 5328	
2.0 2.1 5.3 5.4 3501	
2.0 2.1 6.6 6.7 2364	
2.0 2.1 6.9 7.0 1963	
2.0 2.1 7.0 7.1 1704	
2.0 2.1 7.7 7.8 632	
2.0 2.1 8.3 8.4 228	
2.0 2.1 9.6 9.7 6	
2.1 2.2 -0.3 -0.2 16518	
2.1 2.2 -1.4 -1.3 11802	
2.1 2.2 -1.8 -1.7 12359	
2.1 2.2 -2.9 -2.8 19130	
2.1 2.2 -3.1 -3.0 19289	
2.1 2.2 -4.6 -4.5 6387	
2.1 2.2 -5.7 -5.6 2799	
2.1 2.2 -6.0 -5.9 2490	
2.1 2.2 -6.3 -6.2 2357	
2.1 2.2 -7.4 -7.3 969	
2.1 2.2 -7.8 -7.7 531	
2.1 2.2 -8.9 -8.8 34	
2.1 2.2 -9.1 -9.0 20	
2.1 2.2 -9.5 -9.4 4	
2.1 2.2 0.6 0.7 14797	
2.1 2.2 0.9 1.0 12934	
2.1 2.2 1.2 1.3 11734	
2.1 2.2 2.5 2.6 17805	
2.1 2.2 3.1 3.2 18982	
2.1 2.2 3.8 3.9 13648	
2.1 2.2 4.4 4.5 7437	
2.1 2.2 5.5 5.6 2831	
2.1 2.2 6.1 6.2 2479	
2.1 2.2 6.8 6.9 1644	
2.1 2.2 7.4 7.5 858	
2.1 2.2 8.0 8.1 280	
2.1 2.2 8.7 8.8 46	
2.1 2.2 9.3 9.4 9	
2.2 2.3 -0.2 -0.1 18283	
2.2 2.3 -0.6 -0.5 16424	
2.2 2.3 -1.7 -1.6 12852	
2.2 2.3 -2.0 -1.9 14163	
2.2 2.3 -2.3 -2.2 16375	
2.2 2.3 -3.4 -3.3 19103	
2.2 2.3 -4.9 -4.8 4454	
2.2 2.3 -5.1 -5.0 3632	
2.2 2.3 -6.2 -6.1 2069	
2.2 2.3 -6.6 -6.5 1651	
2.2 2.3 -7.7 -7.6 519	
2.2 2.3 -8.0 -7.9 302	
2.2 2.3 -8.3 -8.2 132	
2.2 2.3 -9.4 -9.3 6	
2.2 2.3 0.3 0.4 17673	
2.2 2.3 1.6 1.7 12671	
2.2 2.3 1.9 2.0 14270	
2.2 2.3 2.2 2.3 16523	
2.2 2.3 3.3 3.4 18863	
2.2 2.3 4.6 4.7 5869	
2.2 2.3 4.9 5.0 4097	
2.2 2.3 5.2 5.3 3182	
2.2 2.3 6.5 6.6 1705	
2.2 2.3 7.1 7.2 978	
2.2 2.3 7.8 7.9 370	
2.2 2.3 8.2 8.3 166	
2.2 2.3 9.5 9.6 3	
2.3 2.4 -0.5 -0.4 18383	
2.3 2.4 -0.9 -0.8 15567	
2.3 2.4 -1.1 -1.0 14394	
2.3 2.4 -2.2 -2.1 16492	
2.3 2.4 -2.6 -2.5 19571	
2.3 2.4 -3.7 -3.6 16968	
2.3 2.4 -4.0 -3.9 13440	
2.3 2.4 -4.3 -4.2 9834	
2.3 2.4 -4.8 -4.7 5156	
2.3 2.4 -5.4 -5.3 2501	
2.3 2.4 -6.5 -6.4 1434	
2.3 2.4 -6.9 -6.8 1053	
2.3 2.4 -7.1 -7.0 897	
2.3 2.4 -8.2 -8.1 151	
2.3 2.4 -8.6 -8.5 63	
2.3 2.4 -9.7 -9.6 1	
2.3 2.4 0.0 0.1 19592	
2.3 2.4 0.7 0.8 16410	
2.3 2.4 1.1 1.2 13818	
2.3 2.4 2.4 2.5 18973	
2.3 2.4 3.0 3.1 21075	
2.3 2.4 3.7 3.8 15930	
2.3 2.4 4.3 4.4 8915	
2.3 2.4 5.6 5.7 2074	
2.3 2.4 5.9 6.0 1789	
2.3 2.4 6.0 6.1 1705	
2.3 2.4 7.3 7.4 604	
2.3 2.4 8.6 8.7 41	
2.3 2.4 8.9 9.0 15	
2.3 2.4 9.2 9.3 10	
2.4 2.5 -0.1 0.0 21221	
2.4 2.5 -0.8 -0.7 17010	
2.4 2.5 -1.4 -1.3 13706	
2.4 2.5 -10.4 -10.3 1	
2.4 2.5 -2.5 -2.4 19824	
2.4 2.5 -2.9 -2.8 21579	
2.4 2.5 -3.1 -3.0 21743	
2.4 2.5 -4.2 -4.1 11497	
2.4 2.5 -5.7 -5.6 1743	
2.4 2.5 -6.0 -5.9 1495	
2.4 2.5 -6.8 -6.7 931	
2.4 2.5 -7.4 -7.3 462	
2.4 2.5 -8.5 -8.4 47	
2.4 2.5 -8.9 -8.8 20	
2.4 2.5 -9.1 -9.0 12	
2.4 2.5 0.2 0.3 20441	
2.4 2.5 1.5 1.6 13839	
2.4 2.5 2.1 2.2 17321	
2.4 2.5 2.8 2.9 21828	
2.4 2.5 3.4 3.5 19581	
2.4 2.5 4.0 4.1 12732	
2.4 2.5 4.7 4.8 5300	
2.4 2.5 5.1 5.2 2946	
2.4 2.5 5.8 5.9 1539	
2.4 2.5 6.4 6.5 1119	
2.4 2.5 7.0 7.1 754	
2.4 2.5 7.7 7.8 244	
2.4 2.5 8.3 8.4 79	
2.4 2.5 9.6 9.7 4	
2.4 2.5 9.9 10.0 1	
2.5 2.6 -0.2 -0.1 22019	
2.5 2.6 -1.3 -1.2 14617	
2.5 2.6 -1.7 -1.6 14619	
2.5 2.6 -2.8 -2.7 22177	
2.5 2.6 -3.4 -3.3 21058	
2.5 2.6 -4.5 -4.4 7975	
2.5 2.6 -5.1 -5.0 3312	
2.5 2.6 -5.6 -5.5 1659	
2.5 2.6 -6.2 -6.1 1043	
2.5 2.6 -7.3 -7.2 453	
2.5 2.6 -7.7 -7.6 217	
2.5 2.6 -8.8 -8.7 23	
2.5 2.6 -9.4 -9.3 2	
2.5 2.6 0.6 0.7 18925	
2.5 2.6 0.9 1.0 16530	
2.5 2.6 1.2 1.3 14711	
2.5 2.6 2.5 2.6 21202	
2.5 2.6 3.6 3.7 18322	
2.5 2.6 4.2 4.3 10480	
2.5 2.6 5.5 5.6 1712	
2.5 2.6 6.1 6.2 1124	
2.5 2.6 6.8 6.9 639	
2.5 2.6 7.4 7.5 314	
2.5 2.6 8.7 8.8 17	
2.5 2.6 9.1 9.2 12	
2.5 2.6 9.8 9.9 1	
2.6 2.7 -0.5 -0.4 21526	
2.6 2.7 -1.6 -1.5 14968	
2.6 2.7 -2.2 -2.1 18230	
2.6 2.7 -3.0 -2.9 23528	
2.6 2.7 -3.3 -3.2 22832	
2.6 2.7 -3.7 -3.6 18606	
2.6 2.7 -4.8 -4.7 5244	
2.6 2.7 -5.9 -5.8 1109	
2.6 2.7 -6.5 -6.4 742	
2.6 2.7 -7.6 -7.5 234	
2.6 2.7 -8.2 -8.1 66	
2.6 2.7 -9.0 -8.9 11	
2.6 2.7 -9.3 -9.2 2	
2.6 2.7 0.3 0.4 21901	
2.6 2.7 1.4 1.5 14890	
2.6 2.7 1.6 1.7 14903	
2.6 2.7 1.9 2.0 16685	
2.6 2.7 2.0 2.1 17638	
2.6 2.7 2.7 2.8 22911	
2.6 2.7 3.3 3.4 21953	
2.6 2.7 4.6 4.7 6350	
2.6 2.7 4.9 5.0 3920	
2.6 2.7 5.2 5.3 2384	
2.6 2.7 6.5 6.6 669	
2.6 2.7 7.6 7.7 191	
2.6 2.7 7.9 8.0 117	
2.6 2.7 8.2 8.3 47	
2.7 2.8 -0.4 -0.3 22779	
2.7 2.8 -0.8 -0.7 19365	
2.7 2.8 -1.9 -1.8 16346	
2.7 2.8 -2.1 -2.0 17742	
2.7 2.8 -2.5 -2.4 21624	
2.7 2.8 -3.6 -3.5 20471	
2.7 2.8 -4.2 -4.1 12419	
2.7 2.8 -5.0 -4.9 3844	
2.7 2.8 -5.3 -5.2 2253	
2.7 2.8 -6.4 -6.3 595	
2.7 2.8 -6.8 -6.7 386	
2.7 2.8 -7.9 -7.8 106	
2.7 2.8 -8.1 -8.0 68	
2.7 2.8 -8.5 -8.4 31	
2.7 2.8 -9.6 -9.5 1	
2.7 2.8 0.5 0.6 21480	
2.7 2.8 1.1 1.2 16421	
2.7 2.8 1.8 1.9 16607	
2.7 2.8 2.4 2.5 21666	
2.7 2.8 3.0 3.1 23751	
2.7 2.8 3.7 3.8 17954	
2.7 2.8 4.3 4.4 9713	
2.7 2.8 5.4 5.5 1651	
2.7 2.8 6.0 6.1 785	
2.7 2.8 6.7 6.8 406	
2.7 2.8 7.3 7.4 248	
2.7 2.8 8.6 8.7 17	
2.7 2.8 8.9 9.0 11	
2.7 2.8 9.2 9.3 1	
2.8 2.9 -0.7 -0.6 20724	
2.8 2.9 -1.0 -0.9 18106	
2.8 2.9 -1.3 -1.2 15968	
2.8 2.9 -2.4 -2.3 20685	
2.8 2.9 -2.8 -2.7 23747	
2.8 2.9 -3.9 -3.8 16730	
2.8 2.9 -4.1 -4.0 14066	
2.8 2.9 -4.5 -4.4 8574	
2.8 2.9 -5.6 -5.5 1270	
2.8 2.9 -6.2 -6.1 573	
2.8 2.9 -6.7 -6.6 351	
2.8 2.9 -7.0 -6.9 285	
2.8 2.9 -7.3 -7.2 211	
2.8 2.9 -8.4 -8.3 23	
2.8 2.9 -8.8 -8.7 11	
2.8 2.9 -9.9 -9.8 1	
2.8 2.9 0.2 0.3 23643	
2.8 2.9 1.5 1.6 15429	
2.8 2.9 2.1 2.2 19005	
2.8 2.9 2.8 2.9 24042	
2.8 2.9 3.2 3.3 23512	
2.8 2.9 4.5 4.6 7344	
2.8 2.9 5.1 5.2 2657	
2.8 2.9 5.8 5.9 777	
2.8 2.9 6.4 6.5 423	
2.8 2.9 7.0 7.1 249	
2.8 2.9 7.7 7.8 105	
2.8 2.9 8.1 8.2 57	
2.8 2.9 9.4 9.5 2	
2.9 3.0 -0.5 -0.4 22747	
2.9 3.0 -0.9 -0.8 19326	
2.9 3.0 -1.1 -1.0 17496	
2.9 3.0 -2.2 -2.1 19267	
2.9 3.0 -3.7 -3.6 19678	
2.9 3.0 -4.0 -3.9 15163	
2.9 3.0 -4.8 -4.7 5486	
2.9 3.0 -5.4 -5.3 1785	
2.9 3.0 -6.5 -6.4 344	
2.9 3.0 -6.9 -6.8 207	
2.9 3.0 -7.1 -7.0 168	
2.9 3.0 -8.2 -8.1 36	
2.9 3.0 -8.6 -8.5 15	
2.9 3.0 0.1 0.2 24406	
2.9 3.0 0.8 0.9 19339	
2.9 3.0 1.2 1.3 16161	
2.9 3.0 2.5 2.6 22888	
2.9 3.0 3.1 3.2 24095	
2.9 3.0 3.8 3.9 16836	
2.9 3.0 4.4 4.5 8546	
2.9 3.0 5.0 5.1 3161	
2.9 3.0 5.7 5.8 860	
2.9 3.0 6.1 6.2 516	
2.9 3.0 6.3 6.4 350	
2.9 3.0 7.4 7.5 114	
2.9 3.0 8.0 8.1 35	
2.9 3.0 8.7 8.8 8	
2.9 3.0 9.3 9.4 1	
3.0 3.1 -0.5 -0.4 22753	
3.0 3.1 -0.9 -0.8 19375	
3.0 3.1 -1.1 -1.0 17650	
3.0 3.1 -2.2 -2.1 19244	
3.0 3.1 -2.6 -2.5 22629	
3.0 3.1 -3.7 -3.6 19529	
3.0 3.1 -4.0 -3.9 15472	
3.0 3.1 -4.3 -4.2 11142	
3.0 3.1 -5.4 -5.3 1682	
3.0 3.1 -6.9 -6.8 178	
3.0 3.1 -7.1 -7.0 148	
3.0 3.1 -8.2 -8.1 29	
3.0 3.1 -8.6 -8.5 6	
3.0 3.1 0.5 0.6 22155	
3.0 3.1 1.1 1.2 16746	
3.0 3.1 1.8 1.9 16599	
3.0 3.1 2.4 2.5 21964	
3.0 3.1 3.0 3.1 24421	
3.0 3.1 3.7 3.8 17995	
3.0 3.1 4.3 4.4 9765	
3.0 3.1 5.6 5.7 983	
3.0 3.1 5.9 6.0 508	
3.0 3.1 6.0 6.1 446	
3.0 3.1 6.7 6.8 199	
3.0 3.1 7.3 7.4 74	
3.0 3.1 8.6 8.7 9	
3.0 3.1 8.9 9.0 4	
3.0 3.1 9.2 9.3 2	
3.1 3.2 -0.8 -0.7 20013	
3.1 3.2 -1.4 -1.3 15777	
3.1 3.2 -2.5 -2.4 21576	
3.1 3.2 -2.9 -2.8 23601	
3.1 3.2 -3.1 -3.0 24037	
3.1 3.2 -4.2 -4.1 12141	
3.1 3.2 -4.6 -4.5 7193	
3.1 3.2 -5.7 -5.6 858	
3.1 3.2 -6.0 -5.9 457	
3.1 3.2 -6.3 -6.2 301	
3.1 3.2 -6.8 -6.7 153	
3.1 3.2 -7.4 -7.3 68	
3.1 3.2 -8.5 -8.4 11	
3.1 3.2 -8.9 -8.8 4	
3.1 3.2 0.2 0.3 24014	
3.1 3.2 1.5 1.6 15583	
3.1 3.2 2.1 2.2 19193	
3.1 3.2 2.8 2.9 23406	
3.1 3.2 3.4 3.5 21284	
3.1 3.2 4.5 4.6 7228	
3.1 3.2 5.1 5.2 2460	
3.1 3.2 5.8 5.9 580	
3.1 3.2 6.4 6.5 219	
3.1 3.2 7.0 7.1 93	
3.1 3.2 7.7 7.8 33	
3.1 3.2 8.3 8.4 10	
3.2 3.3 -0.2 -0.1 24206	
3.2 3.3 -1.7 -1.6 15368	
3.2 3.3 -2.0 -1.9 16993	
3.2 3.3 -2.8 -2.7 23265	
3.2 3.3 -3.4 -3.3 21792	
3.2 3.3 -4.5 -4.4 8354	
3.2 3.3 -4.9 -4.8 4259	
3.2 3.3 -5.1 -5.0 2975	
3.2 3.3 -6.2 -6.1 294	
3.2 3.3 -7.7 -7.6 23	
3.2 3.3 -8.0 -7.9 14	
3.2 3.3 -8.8 -8.7 1	
3.2 3.3 0.6 0.7 20584	
3.2 3.3 0.9 1.0 17781	
3.2 3.3 1.2 1.3 15791	
3.2 3.3 2.3 2.4 20424	
3.2 3.3 3.6 3.7 18673	
3.2 3.3 3.9 4.0 14784	
3.2 3.3 4.2 4.3 10665	
3.2 3.3 5.5 5.6 1024	
3.2 3.3 6.1 6.2 280	
3.2 3.3 6.8 6.9 103	
3.2 3.3 7.2 7.3 67	
3.2 3.3 8.5 8.6 7	
3.2 3.3 9.1 9.2 1	
3.3 3.4 -0.1 0.0 23635	
3.3 3.4 -0.5 -0.4 21906	
3.3 3.4 -1.1 -1.0 16768	
3.3 3.4 -1.6 -1.5 14989	
3.3 3.4 -2.2 -2.1 17900	
3.3 3.4 -3.3 -3.2 21785	
3.3 3.4 -3.7 -3.6 18259	
3.3 3.4 -4.8 -4.7 4925	
3.3 3.4 -5.4 -5.3 1502	
3.3 3.4 -6.5 -6.4 148	
3.3 3.4 -7.1 -7.0 66	
3.3 3.4 -8.2 -8.1 8	
3.3 3.4 -9.7 -9.6 1	
3.3 3.4 0.1 0.2 23627	
3.3 3.4 1.4 1.5 14909	
3.3 3.4 2.0 2.1 17314	
3.3 3.4 2.7 2.8 22438	
3.3 3.4 3.3 3.4 21157	
3.3 3.4 4.6 4.7 5940	
3.3 3.4 4.9 5.0 3399	
3.3 3.4 5.0 5.1 2812	
3.3 3.4 5.2 5.3 1811	
3.3 3.4 6.3 6.4 151	
3.3 3.4 7.6 7.7 24	
3.3 3.4 7.9 8.0 15	
3.3 3.4 8.2 8.3 7	
3.4 3.5 -0.8 -0.7 18649	
3.4 3.5 -1.9 -1.8 15359	
3.4 3.5 -2.5 -2.4 19466	
3.4 3.5 -3.6 -3.5 18633	
3.4 3.5 -4.2 -4.1 11197	
3.4 3.5 -5.0 -4.9 3260	
3.4 3.5 -5.3 -5.2 1772	
3.4 3.5 -5.7 -5.6 643	
3.4 3.5 -6.8 -6.7 47	
3.4 3.5 -7.4 -7.3 29	
3.4 3.5 -7.9 -7.8 7	
3.4 3.5 -8.5 -8.4 8	
3.4 3.5 0.5 0.6 20583	
3.4 3.5 1.1 1.2 15373	
3.4 3.5 1.8 1.9 14989	
3.4 3.5 2.4 2.5 19688	
3.4 3.5 3.0 3.1 21695	
3.4 3.5 3.7 3.8 16394	
3.4 3.5 4.1 4.2 11020	
3.4 3.5 4.8 4.9 3913	
3.4 3.5 5.4 5.5 1024	
3.4 3.5 6.0 6.1 282	
3.4 3.5 6.7 6.8 71	
3.4 3.5 7.3 7.4 33	
3.4 3.5 8.6 8.7 2	
3.4 3.5 9.0 9.1 1	
3.5 3.6 -0.2 -0.1 22025	
3.5 3.6 -1.0 -0.9 16279	
3.5 3.6 -1.3 -1.2 14425	
3.5 3.6 -2.4 -2.3 18251	
3.5 3.6 -2.8 -2.7 20577	
3.5 3.6 -3.9 -3.8 14355	
3.5 3.6 -4.1 -4.0 11857	
3.5 3.6 -4.5 -4.4 7139	
3.5 3.6 -5.6 -5.5 804	
3.5 3.6 -6.2 -6.1 174	
3.5 3.6 -7.0 -6.9 31	
3.5 3.6 -7.3 -7.2 19	
3.5 3.6 -8.8 -8.7 1	
3.5 3.6 0.2 0.3 21264	
3.5 3.6 1.5 1.6 13616	
3.5 3.6 2.6 2.7 20170	
3.5 3.6 3.2 3.3 20013	
3.5 3.6 4.5 4.6 6293	
3.5 3.6 5.1 5.2 2066	
3.5 3.6 5.8 5.9 418	
3.5 3.6 6.4 6.5 106	
3.5 3.6 7.7 7.8 12	
3.5 3.6 8.1 8.2 3	
3.5 3.6 8.8 8.9 1	
3.6 3.7 -0.5 -0.4 19692	
3.6 3.7 -1.6 -1.5 13161	
3.6 3.7 -2.7 -2.6 19007	
3.6 3.7 -3.0 -2.9 19346	
3.6 3.7 -3.3 -3.2 18981	
3.6 3.7 -4.4 -4.3 7747	
3.6 3.7 -4.8 -4.7 4242	
3.6 3.7 -5.9 -5.8 382	
3.6 3.7 -6.1 -6.0 231	
3.6 3.7 -6.5 -6.4 85	
3.6 3.7 -7.6 -7.5 15	
3.6 3.7 -8.2 -8.1 7	
3.6 3.7 -9.0 -8.9 1	
3.6 3.7 0.4 0.5 19568	
3.6 3.7 0.6 0.7 18277	
3.6 3.7 0.9 1.0 15842	
3.6 3.7 1.0 1.1 14904	
3.6 3.7 1.7 1.8 13358	
3.6 3.7 2.3 2.4 17145	
3.6 3.7 3.6 3.7 15768	
3.6 3.7 3.9 4.0 12337	
3.6 3.7 4.2 4.3 8869	
3.6 3.7 5.5 5.6 848	
3.6 3.7 6.6 6.7 45	
3.6 3.7 6.9 7.0 28	
3.6 3.7 7.2 7.3 17	
3.6 3.7 8.5 8.6 3	
3.7 3.8 -0.4 -0.3 19163	
3.7 3.8 -1.9 -1.8 12916	
3.7 3.8 -2.1 -2.0 13960	
3.7 3.8 -3.2 -3.1 17991	
3.7 3.8 -3.6 -3.5 15868	
3.7 3.8 -4.7 -4.6 4635	
3.7 3.8 -5.0 -4.9 2613	
3.7 3.8 -5.3 -5.2 1452	
3.7 3.8 -6.4 -6.3 89	
3.7 3.8 -6.8 -6.7 31	
3.7 3.8 -7.9 -7.8 5	
3.7 3.8 -8.1 -8.0 3	
3.7 3.8 0.1 0.2 20360	
3.7 3.8 0.8 0.9 15585	
3.7 3.8 1.4 1.5 12416	
3.7 3.8 2.0 2.1 13920	
3.7 3.8 2.7 2.8 17879	
3.7 3.8 3.3 3.4 17097	
3.7 3.8 4.4 4.5 6339	
3.7 3.8 5.0 5.1 2211	
3.7 3.8 5.7 5.8 417	
3.7 3.8 6.3 6.4 109	
3.7 3.8 7.6 7.7 6	
3.7 3.8 7.9 8.0 1	
3.7 3.8 8.2 8.3 2	
3.8 3.9 -0.1 0.0 19561	
3.8 3.9 -0.7 -0.6 16554	
3.8 3.9 -1.0 -0.9 14235	
3.8 3.9 -1.3 -1.2 12248	
3.8 3.9 -2.4 -2.3 14721	
3.8 3.9 -3.5 -3.4 15221	
3.8 3.9 -3.9 -3.8 11754	
3.8 3.9 -4.1 -4.0 9455	
3.8 3.9 -5.2 -5.1 1687	
3.8 3.9 -5.6 -5.5 641	
3.8 3.9 -6.7 -6.6 30	
3.8 3.9 -7.0 -6.9 15	
3.8 3.9 -7.3 -7.2 8	
3.8 3.9 -8.4 -8.3 2	
3.8 3.9 0.5 0.6 17151	
3.8 3.9 1.1 1.2 12808	
3.8 3.9 1.8 1.9 11989	
3.8 3.9 2.2 2.3 14362	
3.8 3.9 3.5 3.6 14171	
3.8 3.9 4.1 4.2 8542	
3.8 3.9 4.8 4.9 3005	
3.8 3.9 5.4 5.5 897	
3.8 3.9 6.0 6.1 162	
3.8 3.9 6.7 6.8 14	
3.8 3.9 7.1 7.2 2	
3.8 3.9 7.3 7.4 11	
3.9 4.0 -0.5 -0.4 17086	
3.9 4.0 -1.6 -1.5 10883	
3.9 4.0 -2.2 -2.1 12373	
3.9 4.0 -3.3 -3.2 14883	
3.9 4.0 -3.7 -3.6 12229	
3.9 4.0 -4.8 -4.7 3381	
3.9 4.0 -5.4 -5.3 978	
3.9 4.0 -5.9 -5.8 278	
3.9 4.0 -6.5 -6.4 51	
3.9 4.0 -7.6 -7.5 1	
3.9 4.0 0.2 0.3 18112	
3.9 4.0 1.5 1.6 10906	
3.9 4.0 2.1 2.2 12382	
3.9 4.0 2.8 2.9 15454	
3.9 4.0 3.4 3.5 13886	
3.9 4.0 4.0 4.1 8784	
3.9 4.0 4.7 4.8 3233	
3.9 4.0 5.3 5.4 947	
3.9 4.0 6.4 6.5 52	
3.9 4.0 7.0 7.1 11	
3.9 4.0 7.7 7.8 3	
4.0 4.1 -0.5 -0.4 16094	
4.0 4.1 -0.9 -0.8 13522	
4.0 4.1 -1.1 -1.0 12097	
4.0 4.1 -2.2 -2.1 11099	
4.0 4.1 -3.7 -3.6 11129	
4.0 4.1 -4.0 -3.9 8686	
4.0 4.1 -4.8 -4.7 3053	
4.0 4.1 -5.4 -5.3 853	
4.0 4.1 -6.5 -6.4 43	
4.0 4.1 -6.9 -6.8 7	
4.0 4.1 -7.1 -7.0 4	
4.0 4.1 -8.2 -8.1 2	
4.0 4.1 0.1 0.2 17478	
4.0 4.1 0.8 0.9 13395	
4.0 4.1 1.4 1.5 10097	
4.0 4.1 2.0 2.1 10916	
4.0 4.1 2.7 2.8 13593	
4.0 4.1 3.3 3.4 12981	
4.0 4.1 4.6 4.7 3519	
4.0 4.1 4.9 5.0 2063	
4.0 4.1 5.0 5.1 1703	
4.0 4.1 5.7 5.8 355	
4.0 4.1 6.3 6.4 47	
4.0 4.1 7.6 7.7 3	
4.0 4.1 7.9 8.0 1	
4.1 4.2 -0.8 -0.7 13430	
4.1 4.2 -1.4 -1.3 9817	
4.1 4.2 -2.5 -2.4 11377	
4.1 4.2 -3.1 -3.0 12574	
4.1 4.2 -3.6 -3.5 10668	
4.1 4.2 -4.2 -4.1 6521	
4.1 4.2 -5.3 -5.2 983	
4.1 4.2 -5.7 -5.6 355	
4.1 4.2 -6.8 -6.7 10	
4.1 4.2 -7.4 -7.3 1	
4.1 4.2 0.5 0.6 14977	
4.1 4.2 1.1 1.2 10742	
4.1 4.2 1.8 1.9 9494	
4.1 4.2 2.4 2.5 11432	
4.1 4.2 3.5 3.6 10725	
4.1 4.2 4.1 4.2 6525	
4.1 4.2 4.8 4.9 2283	
4.1 4.2 5.4 5.5 678	
4.1 4.2 6.0 6.1 124	
4.1 4.2 6.7 6.8 15	
4.1 4.2 7.3 7.4 2	
4.1 4.2 8.9 9.0 1	
4.2 4.3 -0.2 -0.1 16087	
4.2 4.3 -1.0 -0.9 11697	
4.2 4.3 -1.3 -1.2 9731	
4.2 4.3 -1.7 -1.6 8602	
4.2 4.3 -2.8 -2.7 10927	
4.2 4.3 -3.9 -3.8 7649	
4.2 4.3 -4.5 -4.4 3863	
4.2 4.3 -5.6 -5.5 462	
4.2 4.3 -6.2 -6.1 76	
4.2 4.3 -7.3 -7.2 3	
4.2 4.3 -8.8 -8.7 1	
4.2 4.3 0.2 0.3 15888	
4.2 4.3 1.3 1.4 9171	
4.2 4.3 2.6 2.7 10754	
4.2 4.3 2.9 3.0 11088	
4.2 4.3 3.2 3.3 10566	
4.2 4.3 4.5 4.6 3358	
4.2 4.3 5.1 5.2 1139	
4.2 4.3 5.8 5.9 190	
4.2 4.3 6.2 6.3 53	
4.2 4.3 7.5 7.6 1	
4.3 4.4 -0.5 -0.4 14732	
4.3 4.4 -1.6 -1.5 8060	
4.3 4.4 -2.2 -2.1 8091	
4.3 4.4 -3.0 -2.9 9583	
4.3 4.4 -3.3 -3.2 9392	
4.3 4.4 -4.8 -4.7 2113	
4.3 4.4 -5.9 -5.8 179	
4.3 4.4 -6.1 -6.0 89	
4.3 4.4 -6.5 -6.4 21	
4.3 4.4 0.4 0.5 14459	
4.3 4.4 1.0 1.1 10565	
4.3 4.4 1.7 1.8 7745	
4.3 4.4 2.3 2.4 8922	
4.3 4.4 3.6 3.7 7727	
4.3 4.4 3.9 4.0 6170	
4.3 4.4 4.0 4.1 5493	
4.3 4.4 4.2 4.3 4326	
4.3 4.4 5.3 5.4 651	
4.3 4.4 6.6 6.7 23	
4.3 4.4 6.9 7.0 3	
4.3 4.4 7.2 7.3 2	
4.4 4.5 -0.4 -0.3 14993	
4.4 4.5 -0.8 -0.7 12260	
4.4 4.5 -1.9 -1.8 7158	
4.4 4.5 -2.1 -2.0 7245	
4.4 4.5 -2.5 -2.4 8039	
4.4 4.5 -3.6 -3.5 7231	
4.4 4.5 -4.2 -4.1 4266	
4.4 4.5 -4.7 -4.6 2165	
4.4 4.5 -5.0 -4.9 1288	
4.4 4.5 -5.3 -5.2 697	
4.4 4.5 -6.4 -6.3 39	
4.4 4.5 -6.8 -6.7 2	
4.4 4.5 0.1 0.2 15630	
4.4 4.5 0.8 0.9 11530	
4.4 4.5 1.4 1.5 7894	
4.4 4.5 2.0 2.1 7097	
4.4 4.5 2.7 2.8 8506	
4.4 4.5 3.1 3.2 8375	
4.4 4.5 3.8 3.9 5772	
4.4 4.5 4.4 4.5 2898	
4.4 4.5 5.0 5.1 1053	
4.4 4.5 5.7 5.8 174	
4.4 4.5 6.3 6.4 27	
4.4 4.5 7.6 7.7 1	
4.5 4.6 -0.7 -0.6 13183	
4.5 4.6 -1.0 -0.9 10735	
4.5 4.6 -1.3 -1.2 8660	
4.5 4.6 -2.4 -2.3 6666	
4.5 4.6 -2.8 -2.7 7325	
4.5 4.6 -3.9 -3.8 4947	
4.5 4.6 -4.1 -4.0 4057	
4.5 4.6 -5.6 -5.5 270	
4.5 4.6 -6.7 -6.6 8	
4.5 4.6 -7.0 -6.9 6	
4.5 4.6 -7.3 -7.2 1	
4.5 4.6 0.5 0.6 13619	
4.5 4.6 1.6 1.7 6892	
4.5 4.6 1.8 1.9 6460	
4.5 4.6 2.2 2.3 6648	
4.5 4.6 3.5 3.6 6350	
4.5 4.6 4.1 4.2 3738	
4.5 4.6 4.8 4.9 1357	
4.5 4.6 5.4 5.5 341	
4.5 4.6 6.7 6.8 8	
4.5 4.6 7.1 7.2 4	
4.6 4.7 -1.2 -1.1 9241	
4.6 4.7 -1.6 -1.5 6814	
4.6 4.7 -2.7 -2.6 6148	
4.6 4.7 -3.0 -2.9 6272	
4.6 4.7 -3.3 -3.2 5939	
4.6 4.7 -4.4 -4.3 2423	
4.6 4.7 -5.5 -5.4 311	
4.6 4.7 -5.9 -5.8 95	
4.6 4.7 -6.1 -6.0 57	
4.6 4.7 -7.2 -7.1 2	
4.6 4.7 -7.6 -7.5 1	
4.6 4.7 0.0 0.1 15959	
4.6 4.7 0.7 0.8 12355	
4.6 4.7 1.3 1.4 8022	
4.6 4.7 2.6 2.7 6180	
4.6 4.7 2.9 3.0 6219	
4.6 4.7 3.2 3.3 6108	
4.6 4.7 4.5 4.6 1884	
4.6 4.7 5.6 5.7 192	
4.6 4.7 5.9 6.0 93	
4.6 4.7 6.2 6.3 26	
4.6 4.7 7.5 7.6 2	
4.7 4.8 -0.1 0.0 15924	
4.7 4.8 -0.4 -0.3 15520	
4.7 4.8 -1.5 -1.4 7264	
4.7 4.8 -1.9 -1.8 5618	
4.7 4.8 -2.1 -2.0 5268	
4.7 4.8 -3.2 -3.1 5170	
4.7 4.8 -3.6 -3.5 4534	
4.7 4.8 -4.7 -4.6 1330	
4.7 4.8 -5.0 -4.9 777	
4.7 4.8 -5.8 -5.7 117	
4.7 4.8 -6.4 -6.3 23	
4.7 4.8 0.4 0.5 14689	
4.7 4.8 1.0 1.1 10178	
4.7 4.8 1.7 1.8 5803	
4.7 4.8 2.3 2.4 5232	
4.7 4.8 3.4 3.5 4565	
4.7 4.8 4.0 4.1 2987	
4.7 4.8 4.7 4.8 1117	
4.7 4.8 5.3 5.4 332	
4.7 4.8 6.6 6.7 7	
4.7 4.8 6.9 7.0 2	
4.8 4.9 -0.3 -0.2 16200	
4.8 4.9 -0.7 -0.6 13626	
4.8 4.9 -1.0 -0.9 11217	
4.8 4.9 -1.8 -1.7 5531	
4.8 4.9 -2.4 -2.3 4545	
4.8 4.9 -3.5 -3.4 3942	
4.8 4.9 -4.1 -4.0 2469	
4.8 4.9 -5.2 -5.1 461	
4.8 4.9 -6.3 -6.2 28	
4.8 4.9 -6.7 -6.6 2	
4.8 4.9 -7.0 -6.9 1	
4.8 4.9 0.1 0.2 16426	
4.8 4.9 0.8 0.9 12026	
4.8 4.9 1.2 1.3 8549	
4.8 4.9 2.5 2.6 4524	
4.8 4.9 3.1 3.2 4458	
4.8 4.9 3.8 3.9 3025	
4.8 4.9 4.4 4.5 1515	
4.8 4.9 5.0 5.1 516	
4.8 4.9 5.7 5.8 88	
4.8 4.9 6.1 6.2 30	
4.8 4.9 6.3 6.4 16	
4.9 5.0 -0.5 -0.4 16001	
4.9 5.0 -1.6 -1.5 6466	
4.9 5.0 -2.2 -2.1 4064	
4.9 5.0 -2.7 -2.6 3887	
4.9 5.0 -3.0 -2.9 3721	
4.9 5.0 -3.3 -3.2 3488	
4.9 5.0 -4.4 -4.3 1430	
4.9 5.0 -4.8 -4.7 791	
4.9 5.0 -5.9 -5.8 62	
4.9 5.0 -6.1 -6.0 32	
4.9 5.0 -6.5 -6.4 9	
4.9 5.0 0.5 0.6 14987	
4.9 5.0 1.1 1.2 9434	
4.9 5.0 1.8 1.9 4925	
4.9 5.0 2.4 2.5 3812	
4.9 5.0 3.0 3.1 3788	
4.9 5.0 3.7 3.8 2714	
4.9 5.0 4.3 4.4 1407	
4.9 5.0 5.4 5.5 176	
4.9 5.0 6.0 6.1 34	
4.9 5.0 6.7 6.8 4	
5.0 5.1 -0.5 -0.4 16448	
5.0 5.1 -1.6 -1.5 6498	
5.0 5.1 -2.2 -2.1 3768	
5.0 5.1 -3.0 -2.9 3114	
5.0 5.1 -3.3 -3.2 2862	
5.0 5.1 -3.7 -3.6 2397	
5.0 5.1 -4.8 -4.7 572	
5.0 5.1 -5.4 -5.3 188	
5.0 5.1 -5.9 -5.8 42	
5.0 5.1 -6.5 -6.4 11	
5.0 5.1 0.4 0.5 16419	
5.0 5.1 1.0 1.1 10920	
5.0 5.1 1.7 1.8 5192	
5.0 5.1 2.3 2.4 3497	
5.0 5.1 3.6 3.7 2353	
5.0 5.1 3.9 4.0 1889	
5.0 5.1 4.0 4.1 1695	
5.0 5.1 4.7 4.8 646	
5.0 5.1 5.3 5.4 201	
5.0 5.1 6.6 6.7 5	
5.1 5.2 -0.4 -0.3 17686	
5.1 5.2 -0.8 -0.7 14669	
5.1 5.2 -1.9 -1.8 4609	
5.1 5.2 -2.1 -2.0 3840	
5.1 5.2 -2.5 -2.4 2938	
5.1 5.2 -3.6 -3.5 2165	
5.1 5.2 -4.2 -4.1 1223	
5.1 5.2 -5.0 -4.9 371	
5.1 5.2 -5.3 -5.2 166	
5.1 5.2 -6.8 -6.7 2	
5.1 5.2 0.1 0.2 18799	
5.1 5.2 0.8 0.9 13371	
5.1 5.2 1.4 1.5 7456	
5.1 5.2 2.5 2.6 2888	
5.1 5.2 3.1 3.2 2396	
5.1 5.2 3.8 3.9 1687	
5.1 5.2 4.4 4.5 867	
5.1 5.2 5.0 5.1 308	
5.1 5.2 5.7 5.8 47	
5.1 5.2 6.3 6.4 11	
5.1 5.2 7.4 7.5 1	
5.2 5.3 -0.7 -0.6 16215	
5.2 5.3 -1.0 -0.9 12958	
5.2 5.3 -1.3 -1.2 9369	
5.2 5.3 -2.4 -2.3 2769	
5.2 5.3 -2.8 -2.7 2277	
5.2 5.3 -3.9 -3.8 1381	
5.2 5.3 -4.1 -4.0 1090	
5.2 5.3 -4.5 -4.4 659	
5.2 5.3 -5.6 -5.5 75	
5.2 5.3 -6.2 -6.1 16	
5.2 5.3 -6.7 -6.6 2	
5.2 5.3 -7.0 -6.9 1	
5.2 5.3 0.3 0.4 18644	
5.2 5.3 1.6 1.7 5941	
5.2 5.3 1.9 2.0 4165	
5.2 5.3 2.2 2.3 2957	
5.2 5.3 3.5 3.6 1689	
5.2 5.3 4.1 4.2 1017	
5.2 5.3 4.8 4.9 359	
5.2 5.3 5.2 5.3 175	
5.2 5.3 5.4 5.5 87	
5.2 5.3 6.5 6.6 3	
5.2 5.3 7.1 7.2 1	
5.3 5.4 -1.6 -1.5 6772	
5.3 5.4 -2.7 -2.6 2081	
5.3 5.4 -3.0 -2.9 1747	
5.3 5.4 -3.3 -3.2 1598	
5.3 5.4 -4.4 -4.3 634	
5.3 5.4 -4.8 -4.7 334	
5.3 5.4 -5.9 -5.8 29	
5.3 5.4 -6.1 -6.0 13	
5.3 5.4 0.0 0.1 20964	
5.3 5.4 0.7 0.8 15811	
5.3 5.4 1.3 1.4 8799	
5.3 5.4 2.6 2.7 2038	
5.3 5.4 2.9 3.0 1797	
5.3 5.4 3.2 3.3 1598	
5.3 5.4 4.3 4.4 585	
5.3 5.4 5.6 5.7 37	
5.3 5.4 5.9 6.0 17	
5.3 5.4 6.2 6.3 5	
5.4 5.5 -0.1 0.0 21697	
5.4 5.5 -0.4 -0.3 20440	
5.4 5.5 -1.5 -1.4 7734	
5.4 5.5 -1.9 -1.8 4586	
5.4 5.5 -2.1 -2.0 3445	
5.4 5.5 -3.2 -3.1 1353	
5.4 5.5 -3.6 -3.5 1006	
5.4 5.5 -4.7 -4.6 294	
5.4 5.5 -5.0 -4.9 189	
5.4 5.5 -5.3 -5.2 102	
5.4 5.5 -6.4 -6.3 4	
5.4 5.5 0.4 0.5 19648	
5.4 5.5 1.0 1.1 12797	
5.4 5.5 1.7 1.8 5291	
5.4 5.5 2.1 2.2 3068	
5.4 5.5 2.8 2.9 1581	
5.4 5.5 3.4 3.5 1168	
5.4 5.5 4.0 4.1 684	
5.4 5.5 4.7 4.8 266	
5.4 5.5 5.3 5.4 79	
5.4 5.5 6.6 6.7 3	
5.5 5.6 -0.7 -0.6 18254	
5.5 5.6 -1.0 -0.9 14481	
5.5 5.6 -1.8 -1.7 5246	
5.5 5.6 -2.4 -2.3 2216	
5.5 5.6 -3.5 -3.4 915	
5.5 5.6 -3.9 -3.8 656	
5.5 5.6 -4.1 -4.0 525	
5.5 5.6 -5.2 -5.1 72	
5.5 5.6 -5.6 -5.5 32	
5.5 5.6 -6.7 -6.6 1	
5.5 5.6 -7.0 -6.9 1	
5.5 5.6 0.6 0.7 18166	
5.5 5.6 0.8 0.9 15780	
5.5 5.6 1.2 1.3 10450	
5.5 5.6 2.5 2.6 1774	
5.5 5.6 3.1 3.2 1055	
5.5 5.6 3.8 3.9 680	
5.5 5.6 4.4 4.5 341	
5.5 5.6 5.7 5.8 24	
5.5 5.6 6.1 6.2 5	
5.6 5.7 -1.2 -1.1 12267	
5.6 5.7 -2.3 -2.2 2364	
5.6 5.7 -2.7 -2.6 1314	
5.6 5.7 -3.0 -2.9 983	
5.6 5.7 -3.8 -3.7 568	
5.6 5.7 -4.4 -4.3 284	
5.6 5.7 -5.5 -5.4 44	
5.6 5.7 -5.9 -5.8 17	
5.6 5.7 -6.1 -6.0 9	
5.6 5.7 0.3 0.4 21705	
5.6 5.7 1.6 1.7 6100	
5.6 5.7 1.9 2.0 3811	
5.6 5.7 2.2 2.3 2348	
5.6 5.7 3.5 3.6 670	
5.6 5.7 4.6 4.7 174	
5.6 5.7 4.9 5.0 92	
5.6 5.7 5.2 5.3 47	
5.6 5.7 6.5 6.6 3	
5.7 5.8 -0.4 -0.3 22149	
5.7 5.8 -0.9 -0.8 16389	
5.7 5.8 -1.5 -1.4 8638	
5.7 5.8 -2.6 -2.5 1412	
5.7 5.8 -3.2 -3.1 648	
5.7 5.8 -4.3 -4.2 255	
5.7 5.8 -4.7 -4.6 155	
5.7 5.8 -5.8 -5.7 13	
5.7 5.8 0.0 0.1 23794	
5.7 5.8 0.7 0.8 17763	
5.7 5.8 1.3 1.4 9820	
5.7 5.8 2.4 2.5 1661	
5.7 5.8 2.9 3.0 860	
5.7 5.8 3.0 3.1 777	
5.7 5.8 3.7 3.8 445	
5.7 5.8 4.3 4.4 202	
5.7 5.8 5.6 5.7 15	
5.7 5.8 5.9 6.0 8	
5.7 5.8 6.2 6.3 2	
5.8 5.9 -0.3 -0.2 23072	
5.8 5.9 -1.8 -1.7 5406	
5.8 5.9 -2.9 -2.8 799	
5.8 5.9 -3.1 -3.0 669	
5.8 5.9 -3.5 -3.4 453	
5.8 5.9 -4.6 -4.5 143	
5.8 5.9 -5.2 -5.1 51	
5.8 5.9 -6.0 -5.9 6	
5.8 5.9 -6.3 -6.2 2	
5.8 5.9 -6.7 -6.6 1	
5.8 5.9 0.2 0.3 23038	
5.8 5.9 1.5 1.6 7295	
5.8 5.9 2.1 2.2 2732	
5.8 5.9 2.8 2.9 818	
5.8 5.9 3.4 3.5 461	
5.8 5.9 4.0 4.1 255	
5.8 5.9 4.7 4.8 90	
5.8 5.9 5.3 5.4 34	
5.9 6.0 -1.2 -1.1 12476	
5.9 6.0 -1.6 -1.5 7444	
5.9 6.0 -2.7 -2.6 1035	
5.9 6.0 -3.0 -2.9 636	
5.9 6.0 -3.3 -3.2 456	
5.9 6.0 -4.4 -4.3 142	
5.9 6.0 -5.9 -5.8 5	
5.9 6.0 -6.1 -6.0 1	
5.9 6.0 0.1 0.2 23804	
5.9 6.0 0.8 0.9 16815	
5.9 6.0 1.4 1.5 8535	
5.9 6.0 2.0 2.1 3142	
5.9 6.0 2.7 2.8 835	
5.9 6.0 3.3 3.4 423	
5.9 6.0 4.4 4.5 108	
5.9 6.0 5.0 5.1 39	
5.9 6.0 5.7 5.8 8	
5.9 6.0 6.3 6.4 2	
6.0 6.1 -0.5 -0.4 21564	
6.0 6.1 -1.6 -1.5 7379	
6.0 6.1 -2.2 -2.1 2579	
6.0 6.1 -2.7 -2.6 947	
6.0 6.1 -3.0 -2.9 513	
6.0 6.1 -3.3 -3.2 370	
6.0 6.1 -4.4 -4.3 105	
6.0 6.1 -4.8 -4.7 39	
6.0 6.1 -5.9 -5.8 4	
6.0 6.1 -6.1 -6.0 6	
6.0 6.1 0.0 0.1 24019	
6.0 6.1 0.7 0.8 18026	
6.0 6.1 1.3 1.4 9677	
6.0 6.1 2.6 2.7 953	
6.0 6.1 2.9 3.0 539	
6.0 6.1 3.0 3.1 451	
6.0 6.1 3.7 3.8 201	
6.0 6.1 4.3 4.4 88	
6.0 6.1 5.6 5.7 7	
6.0 6.1 5.9 6.0 3	
6.0 6.1 6.2 6.3 2	
6.1 6.2 -0.4 -0.3 22383	
6.1 6.2 -0.8 -0.7 17889	
6.1 6.2 -1.9 -1.8 4374	
6.1 6.2 -2.1 -2.0 3031	
6.1 6.2 -3.6 -3.5 211	
6.1 6.2 -4.7 -4.6 35	
6.1 6.2 -5.0 -4.9 28	
6.1 6.2 -5.3 -5.2 12	
6.1 6.2 0.4 0.5 21422	
6.1 6.2 1.5 1.6 7092	
6.1 6.2 2.1 2.2 2463	
6.1 6.2 2.8 2.9 586	
6.1 6.2 3.4 3.5 219	
6.1 6.2 4.0 4.1 104	
6.1 6.2 4.7 4.8 35	
6.1 6.2 5.3 5.4 9	
6.1 6.2 6.9 7.0 1	
6.2 6.3 -0.7 -0.6 19010	
6.2 6.3 -1.0 -0.9 14746	
6.2 6.3 -1.3 -1.2 10702	
6.2 6.3 -2.4 -2.3 1529	
6.2 6.3 -3.5 -3.4 158	
6.2 6.3 -3.9 -3.8 116	
6.2 6.3 -4.1 -4.0 77	
6.2 6.3 -5.2 -5.1 17	
6.2 6.3 -5.6 -5.5 3	
6.2 6.3 0.6 0.7 18783	
6.2 6.3 0.9 1.0 14765	
6.2 6.3 1.2 1.3 10692	
6.2 6.3 2.5 2.6 987	
6.2 6.3 3.1 3.2 268	
6.2 6.3 3.8 3.9 97	
6.2 6.3 4.2 4.3 64	
6.2 6.3 4.4 4.5 41	
6.2 6.3 5.5 5.6 8	
6.2 6.3 6.1 6.2 1	
6.3 6.4 -0.1 0.0 22568	
6.3 6.4 -1.2 -1.1 11721	
6.3 6.4 -1.6 -1.5 6906	
6.3 6.4 -2.7 -2.6 735	
6.3 6.4 -3.0 -2.9 426	
6.3 6.4 -3.8 -3.7 86	
6.3 6.4 -4.4 -4.3 40	
6.3 6.4 -5.5 -5.4 5	
6.3 6.4 -5.9 -5.8 1	
6.3 6.4 0.3 0.4 20898	
6.3 6.4 1.6 1.7 5846	
6.3 6.4 1.9 2.0 3348	
6.3 6.4 2.2 2.3 1878	
6.3 6.4 3.3 3.4 160	
6.3 6.4 4.6 4.7 15	
6.3 6.4 4.9 5.0 14	
6.3 6.4 5.2 5.3 4	
6.3 6.4 6.5 6.6 1	
6.4 6.5 -0.4 -0.3 20227	
6.4 6.5 -1.5 -1.4 7611	
6.4 6.5 -2.1 -2.0 2675	
6.4 6.5 -3.2 -3.1 216	
6.4 6.5 -4.3 -4.2 32	
6.4 6.5 -4.7 -4.6 16	
6.4 6.5 -5.0 -4.9 10	
6.4 6.5 -5.8 -5.7 2	
6.4 6.5 0.0 0.1 21559	
6.4 6.5 0.7 0.8 16393	
6.4 6.5 1.1 1.2 11067	
6.4 6.5 1.8 1.9 3968	
6.4 6.5 2.4 2.5 1137	
6.4 6.5 3.0 3.1 277	
6.4 6.5 3.7 3.8 63	
6.4 6.5 4.3 4.4 21	
6.4 6.5 5.6 5.7 3	
6.4 6.5 5.9 6.0 1	
6.5 6.6 -0.3 -0.2 19745	
6.5 6.6 -0.7 -0.6 16587	
6.5 6.6 -1.8 -1.7 4325	
6.5 6.6 -2.4 -2.3 1326	
6.5 6.6 -3.5 -3.4 98	
6.5 6.6 -4.6 -4.5 9	
6.5 6.6 -5.2 -5.1 3	
6.5 6.6 0.2 0.3 19605	
6.5 6.6 1.5 1.6 6092	
6.5 6.6 2.1 2.2 2137	
6.5 6.6 2.8 2.9 397	
6.5 6.6 3.4 3.5 112	
6.5 6.6 4.7 4.8 13	
6.5 6.6 5.1 5.2 2	
6.5 6.6 5.8 5.9 1	
6.6 6.7 -0.6 -0.5 16417	
6.6 6.7 -1.2 -1.1 10036	
6.6 6.7 -2.0 -1.9 2860	
6.6 6.7 -2.3 -2.2 1471	
6.6 6.7 -2.7 -2.6 593	
6.6 6.7 -3.8 -3.7 41	
6.6 6.7 -4.9 -4.8 3	
6.6 6.7 -5.5 -5.4 3	
6.6 6.7 -6.6 -6.5 1	
6.6 6.7 0.6 0.7 15558	
6.6 6.7 0.9 1.0 12501	
6.6 6.7 1.2 1.3 8928	
6.6 6.7 2.5 2.6 776	
6.6 6.7 3.6 3.7 54	
6.6 6.7 3.9 4.0 21	
6.6 6.7 4.2 4.3 14	
6.6 6.7 5.5 5.6 2	
6.7 6.8 -0.9 -0.8 12713	
6.7 6.8 -1.1 -1.0 10315	
6.7 6.8 -1.5 -1.4 6290	
6.7 6.8 -2.6 -2.5 713	
6.7 6.8 -3.2 -3.1 147	
6.7 6.8 -4.0 -3.9 37	
6.7 6.8 -4.3 -4.2 11	
6.7 6.8 0.3 0.4 16877	
6.7 6.8 1.4 1.5 6395	
6.7 6.8 1.9 2.0 2707	
6.7 6.8 2.0 2.1 2277	
6.7 6.8 2.7 2.8 387	
6.7 6.8 3.3 3.4 96	
6.7 6.8 4.6 4.7 5	
6.7 6.8 4.9 5.0 7	
6.7 6.8 5.2 5.3 1	
6.8 6.9 -0.1 0.0 16880	
6.8 6.9 -0.3 -0.2 16171	
6.8 6.9 -1.4 -1.3 6724	
6.8 6.9 -1.8 -1.7 3605	
6.8 6.9 -2.9 -2.8 318	
6.8 6.9 -3.1 -3.0 188	
6.8 6.9 -3.5 -3.4 39	
6.8 6.9 -4.6 -4.5 8	
6.8 6.9 0.5 0.6 14409	
6.8 6.9 1.1 1.2 8546	
6.8 6.9 1.8 1.9 3031	
6.8 6.9 2.4 2.5 807	
6.8 6.9 3.0 3.1 181	
6.8 6.9 3.7 3.8 35	
6.8 6.9 4.3 4.4 8	
6.8 6.9 5.4 5.5 1	
6.9 7.0 -1.2 -1.1 7795	
6.9 7.0 -2.7 -2.6 475	
6.9 7.0 -3.0 -2.9 220	
6.9 7.0 -3.8 -3.7 24	
6.9 7.0 -4.4 -4.3 12	
6.9 7.0 0.4 0.5 13645	
6.9 7.0 1.0 1.1 8867	
6.9 7.0 1.7 1.8 3236	
6.9 7.0 2.3 2.4 927	
6.9 7.0 3.4 3.5 46	
6.9 7.0 4.0 4.1 9	
6.9 7.0 4.7 4.8 2	
7.0 7.1 -1.2 -1.1 7083	
7.0 7.1 -1.6 -1.5 4146	
7.0 7.1 -2.7 -2.6 416	
7.0 7.1 -3.0 -2.9 194	
7.0 7.1 -3.3 -3.2 62	
7.0 7.1 -4.4 -4.3 2	
7.0 7.1 0.3 0.4 12897	
7.0 7.1 1.6 1.7 3630	
7.0 7.1 1.9 2.0 1983	
7.0 7.1 2.0 2.1 1730	
7.0 7.1 2.7 2.8 341	
7.0 7.1 3.3 3.4 60	
7.0 7.1 4.6 4.7 3	
7.0 7.1 4.9 5.0 2	
7.0 7.1 5.2 5.3 1	
7.1 7.2 -0.4 -0.3 11589	
7.1 7.2 -1.5 -1.4 4312	
7.1 7.2 -1.9 -1.8 2183	
7.1 7.2 -2.1 -2.0 1556	
7.1 7.2 -3.2 -3.1 91	
7.1 7.2 -3.6 -3.5 26	
7.1 7.2 -4.7 -4.6 2	
7.1 7.2 0.5 0.6 10505	
7.1 7.2 1.1 1.2 6232	
7.1 7.2 1.8 1.9 2244	
7.1 7.2 2.4 2.5 630	
7.1 7.2 3.0 3.1 102	
7.1 7.2 3.7 3.8 11	
7.1 7.2 4.3 4.4 2	
7.2 7.3 -0.1 0.0 10851	
7.2 7.3 -0.3 -0.2 10651	
7.2 7.3 -0.7 -0.6 8830	
7.2 7.3 -1.0 -0.9 7075	
7.2 7.3 -1.8 -1.7 2374	
7.2 7.3 -2.4 -2.3 719	
7.2 7.3 -3.5 -3.4 30	
7.2 7.3 -3.9 -3.8 12	
7.2 7.3 -4.1 -4.0 8	
7.2 7.3 0.2 0.3 10666	
7.2 7.3 1.5 1.6 3300	
7.2 7.3 2.1 2.2 1078	
7.2 7.3 2.8 2.9 182	
7.2 7.3 3.2 3.3 53	
7.2 7.3 3.4 3.5 32	
7.3 7.4 -0.6 -0.5 8201	
7.3 7.4 -1.2 -1.1 4823	
7.3 7.4 -2.3 -2.2 765	
7.3 7.4 -2.7 -2.6 298	
7.3 7.4 -3.8 -3.7 6	
7.3 7.4 -4.4 -4.3 1	
7.3 7.4 0.6 0.7 7838	
7.3 7.4 0.9 1.0 6106	
7.3 7.4 1.2 1.3 4386	
7.3 7.4 2.3 2.4 636	
7.3 7.4 3.6 3.7 9	
7.3 7.4 3.9 4.0 3	
7.3 7.4 4.2 4.3 7	
7.4 7.5 -0.9 -0.8 5791	
7.4 7.5 -1.1 -1.0 4718	
7.4 7.5 -1.5 -1.4 2985	
7.4 7.5 -2.6 -2.5 285	
7.4 7.5 -3.2 -3.1 73	
7.4 7.5 -4.0 -3.9 5	
7.4 7.5 -4.7 -4.6 1	
7.4 7.5 0.1 0.2 8170	
7.4 7.5 0.8 0.9 5820	
7.4 7.5 1.4 1.5 2843	
7.4 7.5 2.0 2.1 985	
7.4 7.5 2.7 2.8 210	
7.4 7.5 3.3 3.4 36	
7.4 7.5 5.0 5.1 1	
7.5 7.6 -0.3 -0.2 6984	
7.5 7.6 -1.4 -1.3 2868	
7.5 7.6 -1.8 -1.7 1563	
7.5 7.6 -2.9 -2.8 124	
7.5 7.6 -3.1 -3.0 68	
7.5 7.6 -3.5 -3.4 24	
7.5 7.6 -4.6 -4.5 1	
7.5 7.6 0.5 0.6 6247	
7.5 7.6 1.1 1.2 3638	
7.5 7.6 1.8 1.9 1341	
7.5 7.6 2.4 2.5 366	
7.5 7.6 3.7 3.8 6	
7.5 7.6 4.1 4.2 1	
7.6 7.7 -0.6 -0.5 5263	
7.6 7.7 -1.7 -1.6 1615	
7.6 7.7 -2.0 -1.9 910	
7.6 7.7 -2.3 -2.2 496	
7.6 7.7 -3.4 -3.3 23	
7.6 7.7 -3.8 -3.7 5	
7.6 7.7 0.2 0.3 5845	
7.6 7.7 1.5 1.6 1830	
7.6 7.7 2.6 2.7 183	
7.6 7.7 2.9 3.0 81	
7.6 7.7 3.2 3.3 37	
7.7 7.8 -0.1 0.0 5252	
7.7 7.8 -0.9 -0.8 3559	
7.7 7.8 -1.1 -1.0 3042	
7.7 7.8 -2.2 -2.1 507	
7.7 7.8 -2.6 -2.5 201	
7.7 7.8 -3.7 -3.6 6	
7.7 7.8 -4.0 -3.9 1	
7.7 7.8 -4.3 -4.2 1	
7.7 7.8 0.4 0.5 4598	
7.7 7.8 0.9 1.0 3277	
7.7 7.8 1.0 1.1 2913	
7.7 7.8 1.7 1.8 1180	
7.7 7.8 2.3 2.4 338	
7.7 7.8 3.6 3.7 5	
7.7 7.8 3.9 4.0 4	
7.7 7.8 4.2 4.3 1	
7.8 7.9 -0.3 -0.2 4113	
7.8 7.9 -0.8 -0.7 3284	
7.8 7.9 -1.4 -1.3 1819	
7.8 7.9 -2.5 -2.4 201	
7.8 7.9 -2.9 -2.8 68	
7.8 7.9 -3.1 -3.0 44	
7.8 7.9 0.1 0.2 4218	
7.8 7.9 0.8 0.9 3074	
7.8 7.9 1.4 1.5 1513	
7.8 7.9 2.0 2.1 559	
7.8 7.9 2.7 2.8 89	
7.8 7.9 3.3 3.4 21	
7.9 8.0 -0.6 -0.5 3062	
7.9 8.0 -1.2 -1.1 1832	
7.9 8.0 -2.0 -1.9 495	
7.9 8.0 -2.3 -2.2 291	
7.9 8.0 -2.7 -2.6 118	
7.9 8.0 -3.8 -3.7 2	
7.9 8.0 0.0 0.1 3619	
7.9 8.0 0.7 0.8 2686	
7.9 8.0 1.3 1.4 1481	
7.9 8.0 2.4 2.5 186	
7.9 8.0 3.0 3.1 32	
7.9 8.0 3.7 3.8 3	
8.0 8.1 -1.2 -1.1 1542	
8.0 8.1 -2.3 -2.2 245	
8.0 8.1 -2.7 -2.6 86	
8.0 8.1 -3.0 -2.9 50	
8.0 8.1 -3.8 -3.7 1	
8.0 8.1 0.6 0.7 2356	
8.0 8.1 0.9 1.0 1936	
8.0 8.1 1.0 1.1 1686	
8.0 8.1 1.7 1.8 630	
8.0 8.1 2.3 2.4 190	
8.0 8.1 3.6 3.7 2	
8.0 8.1 3.9 4.0 1	
8.0 8.1 4.2 4.3 1	
8.1 8.2 -0.4 -0.3 2274	
8.1 8.2 -1.5 -1.4 830	
8.1 8.2 -2.1 -2.0 277	
8.1 8.2 -2.6 -2.5 94	
8.1 8.2 -3.2 -3.1 10	
8.1 8.2 -4.3 -4.2 2	
8.1 8.2 0.1 0.2 2279	
8.1 8.2 0.8 0.9 1556	
8.1 8.2 1.4 1.5 820	
8.1 8.2 2.0 2.1 305	
8.1 8.2 2.7 2.8 48	
8.1 8.2 3.3 3.4 11	
8.1 8.2 4.4 4.5 1	
8.2 8.3 -0.3 -0.2 1901	
8.2 8.3 -0.7 -0.6 1509	
8.2 8.3 -1.8 -1.7 422	
8.2 8.3 -2.9 -2.8 50	
8.2 8.3 -3.5 -3.4 5	
8.2 8.3 0.5 0.6 1634	
8.2 8.3 1.1 1.2 987	
8.2 8.3 1.8 1.9 313	
8.2 8.3 2.4 2.5 89	
8.2 8.3 3.5 3.6 3	
8.3 8.4 -0.6 -0.5 1265	
8.3 8.4 -1.2 -1.1 776	
8.3 8.4 -2.0 -1.9 249	
8.3 8.4 -2.3 -2.2 108	
8.3 8.4 -3.4 -3.3 5	
8.3 8.4 0.2 0.3 1427	
8.3 8.4 1.3 1.4 604	
8.3 8.4 2.6 2.7 55	
8.3 8.4 2.9 3.0 23	
8.3 8.4 3.2 3.3 9	
8.4 8.5 -0.9 -0.8 856	
8.4 8.5 -1.1 -1.0 748	
8.4 8.5 -1.5 -1.4 422	
8.4 8.5 -2.6 -2.5 51	
8.4 8.5 -3.7 -3.6 1	
8.4 8.5 -4.0 -3.9 1	
8.4 8.5 -4.3 -4.2 1	
8.4 8.5 0.4 0.5 1061	
8.4 8.5 1.0 1.1 666	
8.4 8.5 1.7 1.8 239	
8.4 8.5 2.3 2.4 69	
8.4 8.5 3.9 4.0 1	
8.4 8.5 4.0 4.1 1	
8.5 8.6 -0.3 -0.2 879	
8.5 8.6 -1.4 -1.3 363	
8.5 8.6 -2.9 -2.8 21	
8.5 8.6 -3.1 -3.0 7	
8.5 8.6 0.1 0.2 935	
8.5 8.6 0.8 0.9 667	
8.5 8.6 1.4 1.5 308	
8.5 8.6 2.0 2.1 105	
8.5 8.6 2.7 2.8 19	
8.5 8.6 3.1 3.2 5	
8.5 8.6 3.8 3.9 3	
8.6 8.7 -0.1 0.0 779	
8.6 8.7 -0.2 -0.1 707	
8.6 8.7 -0.6 -0.5 608	
8.6 8.7 -1.7 -1.6 191	
8.6 8.7 -2.0 -1.9 119	
8.6 8.7 -2.3 -2.2 53	
8.6 8.7 -2.8 -2.7 11	
8.6 8.7 -3.4 -3.3 3	
8.6 8.7 0.5 0.6 583	
8.6 8.7 1.6 1.7 189	
8.6 8.7 1.9 2.0 95	
8.6 8.7 2.2 2.3 74	
8.6 8.7 3.5 3.6 1	
8.7 8.8 -0.5 -0.4 488	
8.7 8.8 -0.9 -0.8 374	
8.7 8.8 -1.1 -1.0 341	
8.7 8.8 -2.2 -2.1 55	
8.7 8.8 -2.6 -2.5 19	
8.7 8.8 0.0 0.1 503	
8.7 8.8 0.7 0.8 416	
8.7 8.8 1.3 1.4 178	
8.7 8.8 2.6 2.7 16	
8.7 8.8 2.9 3.0 5	
8.7 8.8 3.2 3.3 5	
8.8 8.9 -0.8 -0.7 321	
8.8 8.9 -1.4 -1.3 160	
8.8 8.9 -2.5 -2.4 23	
8.8 8.9 -3.1 -3.0 2	
8.8 8.9 0.4 0.5 390	
8.8 8.9 1.0 1.1 270	
8.8 8.9 1.7 1.8 84	
8.8 8.9 2.3 2.4 25	
8.8 8.9 3.4 3.5 1	
8.9 9.0 -0.6 -0.5 279	
8.9 9.0 -1.2 -1.1 154	
8.9 9.0 -1.7 -1.6 76	
8.9 9.0 -2.0 -1.9 48	
8.9 9.0 -2.3 -2.2 25	
8.9 9.0 -3.4 -3.3 4	
8.9 9.0 0.3 0.4 292	
8.9 9.0 1.4 1.5 114	
8.9 9.0 2.0 2.1 43	
8.9 9.0 2.7 2.8 3	
9.0 9.1 -0.6 -0.5 213	
9.0 9.1 -1.2 -1.1 94	
9.0 9.1 -2.0 -1.9 28	
9.0 9.1 -2.3 -2.2 12	
9.0 9.1 -2.7 -2.6 12	
9.0 9.1 0.0 0.1 217	
9.0 9.1 0.7 0.8 185	
9.0 9.1 1.3 1.4 96	
9.0 9.1 2.6 2.7 5	
9.0 9.1 2.9 3.0 2	
9.0 9.1 3.2 3.3 2	
9.1 9.2 -0.9 -0.8 108	
9.1 9.2 -1.1 -1.0 90	
9.1 9.2 -1.5 -1.4 58	
9.1 9.2 -2.6 -2.5 12	
9.1 9.2 -3.2 -3.1 3	
9.1 9.2 0.4 0.5 142	
9.1 9.2 1.0 1.1 96	
9.1 9.2 1.7 1.8 26	
9.1 9.2 2.3 2.4 12	
9.1 9.2 3.6 3.7 2	
9.2 9.3 -0.3 -0.2 127	
9.2 9.3 -1.4 -1.3 69	
9.2 9.3 -1.8 -1.7 29	
9.2 9.3 -2.9 -2.8 2	
9.2 9.3 -3.1 -3.0 3	
9.2 9.3 0.1 0.2 126	
9.2 9.3 0.8 0.9 81	
9.2 9.3 1.4 1.5 40	
9.2 9.3 2.5 2.6 7	
9.2 9.3 3.1 3.2 1	
9.3 9.4 -0.2 -0.1 90	
9.3 9.4 -0.6 -0.5 72	
9.3 9.4 -1.7 -1.6 21	
9.3 9.4 -2.0 -1.9 16	
9.3 9.4 -2.3 -2.2 5	
9.3 9.4 0.3 0.4 73	
9.3 9.4 1.6 1.7 22	
9.3 9.4 1.9 2.0 12	
9.3 9.4 2.2 2.3 3	
9.4 9.5 -0.5 -0.4 39	
9.4 9.5 -0.9 -0.8 42	
9.4 9.5 -1.1 -1.0 30	
9.4 9.5 -2.2 -2.1 6	
9.4 9.5 -2.6 -2.5 2	
9.4 9.5 0.0 0.1 63	
9.4 9.5 0.7 0.8 46	
9.4 9.5 1.3 1.4 28	
9.4 9.5 2.6 2.7 1	
9.5 9.6 -0.8 -0.7 30	
9.5 9.6 -1.4 -1.3 17	
9.5 9.6 -2.5 -2.4 2	
9.5 9.6 0.4 0.5 42	
9.5 9.6 1.0 1.1 23	
9.5 9.6 1.7 1.8 10	
9.5 9.6 2.1 2.2 4	
9.5 9.6 2.8 2.9 3	
9.6 9.7 -0.2 -0.1 29	
9.6 9.7 -1.3 -1.2 10	
9.6 9.7 -1.7 -1.6 6	
9.6 9.7 -2.0 -1.9 9	
9.6 9.7 -2.8 -2.7 2	
9.6 9.7 -3.4 -3.3 1	
9.6 9.7 0.6 0.7 29	
9.6 9.7 0.9 1.0 24	
9.6 9.7 1.2 1.3 12	
9.7 9.8 -0.5 -0.4 19	
9.7 9.8 -1.6 -1.5 11	
9.7 9.8 -2.2 -2.1 2	
9.7 9.8 0.3 0.4 19	
9.7 9.8 1.6 1.7 4	
9.7 9.8 1.9 2.0 3	
9.7 9.8 2.2 2.3 5	
9.8 9.9 -0.8 -0.7 12	
9.8 9.9 -1.9 -1.8 2	
9.8 9.9 0.0 0.1 19	
9.8 9.9 0.7 0.8 18	
9.8 9.9 1.3 1.4 5	
9.8 9.9 2.4 2.5 1	
9.9 10.0 -0.5 -0.4 9	
9.9 10.0 -1.1 -1.0 5	
9.9 10.0 -1.6 -1.5 3	
9.9 10.0 0.3 0.4 6	
9.9 10.0 1.4 1.5 2	
