x
0.00945199728521611
0.00983641570264217
0.0106367863837372
0.00986796217431725
0.00959761131473892
0.0090639986423741
0.0102753166679707
0.00972140560800821
0.0100588222298852
0.00972763809361524
0.00913131801659343
0.0101873036406186
0.010282558625108
0.0100233575887356
0.0102754083408678
0.0100184552321674
0.0101574481576445
0.00952491409140554
0.00924220183407585
0.00984177162289385
0.0101186202803049
0.00972497002146639
0.00947211860764138
0.0106649868672373
0.00955970146796939
0.0101688597519474
0.00909114008031781
0.0095523678733494
0.0103036051167865
0.00974293690083413
0.00968597193700711
0.0102799136039886
0.00930756014217756
0.00954395751753754
0.0100049438934664
0.00932672430454509
0.0103254734760982
0.0106263547236936
0.010051091371028
0.00981428418127977
0.0104901462567457
0.00943537008270656
0.00998542212271851
0.00993528679459791
0.0100231495342632
0.0098605078541452
0.00951382639279762
0.0100450453700793
0.0100366493104451
0.00968530218864817
0.0103646183788349
0.00963937358744665
0.0096766375227715
0.00973518151031958
0.00924658805030758
0.00955197291947818
0.00982164469543921
0.0094998701918318
0.0099908811266755
0.00902395417364444
0.0103412513634279
0.00985838296206694
0.00986423492730991
0.010175324709997
0.0099946149390544
0.00967092756454878
0.0103564737169965
0.010377621597844
0.0102040462001993
0.0101441229578269
0.00960109750647743
0.0105094925048464
0.0100635939939284
0.00988529245053026
0.00939131663374672
0.010454139742221
0.00953524351760177
0.0100660696208331
0.0101193159604171
0.0100501021557849
0.00972149062148937
0.0103444551944469
0.00993864092269644
0.0101699503584889
0.00964075642119397
0.0102023609673828
0.00951002192634915
0.00955021697747535
0.0100339256220772
0.01121713088093
0.00948481536681112
0.00996663567499611
0.010328455073064
0.00936188031306846
0.0103902640627244
0.00940840861974833
0.0109710158419601
0.0101690146841197
0.0100123643309955
0.00916987440277392
0.00967212436054471
0.0101436649317074
0.00975893187498867
0.0100536545656325
0.00996436652864335
0.00954360188398575
0.00984065927983036
0.0103676921955849
0.0100422237474708
0.00967712138516704
0.0102635190022895
0.0100530463265329
0.0105108334206502
0.00929448241287424
0.0103458488786885
0.00998236307872325
0.0107082235921437
0.0101713788683432
0.00979977119630141
0.00959791061447753
0.0100269490789779
0.0100094188702457
0.00937898220105417
0.010282790237763
0.0104662139114612
0.0093524763039831
0.00998816284262307
0.00940315315343127
0.0103141830902725
0.0098463511295416
0.0103814365764903
0.00951985898522852
0.00938813424917144
0.00955378264221288
0.0102578002572016
0.00972085671086862
0.00949428507404963
0.0101876239457178
0.0100792783243619
0.0106895904079022
0.00965879071270846
0.00973712828892114
0.00998414340486447
0.0104131921177083
0.0102729384743933
0.00974814455605072
0.00922360499160988
0.0104725243863802
0.0102454621519973
0.0101112670120645
0.0103587140257223
0.00997786653241517
0.00967812042700483
0.010164813613278
0.00943185739834319
0.00984471429899428
0.0101023295723943
0.00992261302217941
0.00924068278091531
0.0104805286212687
0.010292927126452
0.0106807929307184
0.00993797032321853
0.00963458687566369
0.00928414001401146
0.0100959203479012
0.0106395289079239
0.0106242714670837
0.0101501496080974
0.00999465766159465
0.0100802708171237
0.00981736890699333
0.00951111029737737
0.0091265083262572
0.00986106061929147
0.00992365176090064
0.00981604260056733
0.00975422651993399
0.00997417397166761
0.0111741877668855
0.0100017500075363
0.0102569492186773
0.0102464355061574
0.0104618602920536
0.010201559168159
0.0103616864443995
0.010190968513749
0.0103648275838966
0.0106224466303519
0.0100575596651257
0.00977753539640391
0.0106265524109574
0.00928816571976774
0.0109019520381969
0.008757613095185
0.0101084383452825
0.0099914265681359
0.0102271692167174
0.00951972731094259
0.00943951441173753
0.00933522006747657
0.0105098906459206
0.00919067873546715
0.00912485833184812
0.00955454572632987
0.00954192575892484
0.00954533427726524
0.0100258304965759
0.0101926734436737
0.010203576460811
0.00958068333313344
0.0100223991550807
0.0104756629235589
0.00980158352273671
0.00973848660826388
0.00982913412996874
0.0104928765781333
0.00960133283855857
0.0107476665102652
0.0101939578589827
0.0103618120302296
0.0100115668230729
0.00937149376202931
0.0100101067562716
0.0095486071662785
0.0101533154157773
0.0100839024256995
0.0105149381142119
0.0102448947290372
0.0101665848634546
0.00952118253002713
0.00977738841706922
0.00976117526481033
0.0106738123374522
0.0100562738126385
0.00964276397143452
0.00972724040913409
0.00973617689980585
0.00947528891848971
0.00986981028036812
0.00924069261304774
0.0101309189701896
0.00942144149394396
0.0103813361916178
0.00926540169977235
0.00976532767627538
0.00990413479033025
0.00965684795489953
0.0104122739448133
0.0104161807684648
0.0098456098496414
0.010355064922018
0.0102612074243638
0.0101233858141991
0.0102918584731118
0.00888437232878887
0.0094628562569952
0.00908514915480422
0.0104992456533141
0.0094797347761174
0.00999876303081773
0.00956669104192107
0.00961009714968796
0.00980688810583384
0.0102485812853549
0.00964528842301931
0.0100885865950273
0.0104567545582812
0.0106480093793281
0.00950122992677886
0.0103869435066709
0.0101158118106651
0.00957035421125685
0.0101412503411644
0.00997447990068904
0.0103164077616742
0.00983881455869149
0.00969672257100541
0.00933263779028526
0.00996925372049319
0.0103712589711626
0.00989281328644975
0.00940763462106477
0.00930025958561846
0.00932124085587088
0.010425879602743
0.0100802931634758
0.00905638665981003
0.00981248167523749
0.0108438718290854
0.0101124816191157
0.00902281888898059
0.00993352341371663
0.0105750859817054
0.00990465018434951
0.00985198645697769
0.00930002474440175
0.00980000289640527
0.00992720513954722
0.00993933803046938
0.0105237608478733
0.0104045646412912
0.0104106730848954
0.00967298789091188
0.00933992153303701
0.0099916781079947
0.00954981075657141
0.0105002324976261
0.0098526175755473
0.0100836424868719
0.0091721399447308
0.0099782654336469
0.00995678639527829
0.0105360132806213
0.0100561338777682
0.00988533740089884
0.00970254282900616
0.0108940283027891
0.0100755736860157
0.0098832993810781
0.00991298475650079
0.0102315149153714
0.00942803831852027
0.00986822614451164
0.0101328598365639
0.0100113764423066
0.0101791570221757
0.00926695799290892
0.0103008427759425
0.00940313593337028
0.0104441805099206
0.00961951714745447
0.0103797474089121
0.0104510813947781
0.0100153584456486
0.0102542907041951
0.00918325155360638
0.0109262918779989
0.0100255082393258
0.00983242417713808
0.0105739883149209
0.0112726103347723
0.00982471421669725
0.0101015749473018
0.0094693733193007
0.00970172203886538
0.00978994477554171
0.00941585435664834
0.0105339912643612
0.00963862584121931
0.00993124428168562
0.00965325018794051
0.00958651387312831
0.0108913206488112
0.009084796044545
0.0106161907497777
0.0106178489947311
0.00995335432262041
0.00907670768915595
0.0103223133803384
0.0105062191945279
0.00949753162321146
0.00980564968737911
0.00991073586366506
0.00982914409795756
0.00989989303973951
0.00963684689382433
0.0105762240597952
0.00978850881513751
0.0089217883014465
0.0101205841424673
0.00980667281583141
0.00986567239102527
0.00983994794659477
0.00976498015640512
0.0101419211766204
0.00974224101939964
0.0105201099301833
0.0107558798721831
0.010075876521416
0.0103157998303934
0.00949895609911844
0.0105850638393313
0.0100372443799863
0.0102707578210551
0.0102739786793666
0.0101547915455544
0.00924128284999996
0.00959154328447723
0.01025262032916
0.00990633416450183
0.0107075409638754
0.0098792625082143
0.0103068683736266
0.00995827459619684
0.00900660621256747
0.00981076107432092
0.00988043398456556
0.00945821591998943
0.0104623690285946
0.0103030234207849
0.00991624998499386
0.0105654131729268
0.00973077096474602
0.00951523516637852
0.0102965327964556
0.0103518418703673
0.00935634848221719
0.00991981951790103
0.00951502414396947
0.0106497457988191
0.0100207900665701
0.00986803531194546
0.0098299057311134
0.0102005157540604
0.0102697086917615
0.0105817546232054
0.00944550580058717
0.00902943366135024
0.00970702745139783
0.0101936165599933
0.00971173109208073
0.00995281273748115
0.0103663994559653
0.0106344057402567
0.010660586461833
0.0103687659229467
0.0102742599902263
0.00916280618705391
0.0105313575826717
0.00996935926498298
0.0101132147278022
0.0100516927333315
0.00900007854393037
0.0101015981942246
0.00955661750871332
0.00913513865668874
0.0107916844862203
0.0101706757163158
0.0094909222007371
0.00997946391025243
0.00918892858854062
0.0107224072720577
0.00904261758119262
0.0098109294812922
0.00898717824021969
0.0100075433927966
0.0101871456426691
0.00944492985660447
0.00985237940883853
0.0095455630359221
0.00954125146359506
0.00960765843451134
0.00938361553948899
0.0108157986497372
0.010079623173483
0.0102322399949354
0.00886387603007822
0.00984040238959015
0.00981733449268818
0.0102552221597219
0.0100918790246018
0.00996262813041664
0.00983905427901856
0.00922823864395904
0.010131724646745
0.0102691171800385
0.0104080631949471
0.00971913495947256
0.010350110491494
0.0101884459796133
0.0110902346158157
0.0102505431838887
0.00962672727859565
0.00923471808043614
0.00986287089297357
0.0109850263654715
0.00931122517140765
0.00997612518440009
0.0105314919265052
0.010307310680749
0.00977268732157248
0.0100828251716247
0.00966659806940099
0.00947966278410064
0.00977444555777598
0.0099723969376785
0.0098111996217846
0.0097063832763205
0.0102715226495008
0.0102621549849129
0.00982897393531394
0.00926384404999372
0.00952780961503125
0.00986410360880034
0.0107908075926152
0.010383984503132
0.0104441963924896
0.00978252617427573
0.0100376102383917
0.00966304057590738
0.0091326578718791
0.00971967452510525
0.00968516009156343
0.00973888106869286
0.00962942836007461
0.00964223027324891
0.010724748917489
0.0102567915354964
0.0105469245196638
0.00938790572272519
0.00949467454634755
0.00915726396808479
0.0103389031846697
0.0097335636546275
0.00981340682342759
0.0101524221282302
0.00937720270362337
0.0101120257413254
0.0101392090937278
0.0104062701649085
0.00968571147178707
0.00963990864912551
0.0102759609200484
0.0101777378254442
0.0104285811076933
0.0096483950861168
0.00993327057281978
0.0103240854766006
0.00994493146702187
0.0104382249320845
0.00950775481092495
0.0110157317223043
0.0103890638425258
0.00866113541166976
0.00971622913787018
0.00968971816281428
0.0106839231706393
0.00988238421332247
0.00989848231677121
0.0100880508966504
0.00940031517700412
0.0104183045107378
0.00988549628379652
0.00962694347220385
0.0103170560174592
0.0113687444136316
0.0100742771573635
0.00962464648002013
0.00965732252509001
0.010171686290572
0.0100659126123352
0.0100302002710144
0.0100860077621231
0.010691157042448
0.0101299316345208
0.00868767754860838
0.010227985924369
0.0104416566548508
0.0103665423209905
0.00959602563348016
0.00970467920665066
0.0100520696418318
0.0101448796756448
0.010534634528205
0.0097384653815606
0.00948123886154779
0.0102847357687378
0.0101181263445992
0.0100028787236585
0.010155573345105
0.00974287709404885
0.0100122683169254
0.00990966119551874
0.010337660733664
0.00940066442297565
0.00906591397449945
0.00928749255636248
0.00920104663951888
0.0103013766082526
0.011166347397392
0.0101506727438346
0.00963950459812626
0.00950041444163747
0.0101854292685974
0.0102610413364146
0.00925786541550963
0.00905687474980578
0.0097630497486012
0.00991063044824139
0.0100887346783487
0.0100467285698008
0.00989003679395471
0.0101320166338247
0.0110338922414567
0.01008306421019
0.0100712369614829
0.0104656282014933
0.0099001894813443
0.00983605278101444
0.0100257439733506
0.0104886910889091
0.011070009193835
0.01093354397169
0.0100625366156512
0.00948386526333491
0.0100588026850171
0.0100358222321041
0.0099206997420282
0.00956263710783142
0.00995195923344423
0.0102028603033045
0.00965437460038316
0.0103268051553329
0.0101766062112704
0.00909652515103921
0.00984770132136406
0.00958066155780543
0.0103484766261984
0.0098458365182771
0.00957227120558683
0.00990503714047121
0.00963670328601523
0.0103483428795963
0.0101175173837201
0.00961744191878503
0.0089401308786978
0.0107025085947276
0.00989680313886191
0.00956464771163536
0.00995884654989456
0.00969436721430099
0.0104820998474197
0.00995788791344706
0.00962001293980052
0.00973240882064222
0.0098630570415767
0.0102038255208831
0.00938406170140266
0.0107068315186235
0.010914892409155
0.00938709785901576
0.00972419761549585
0.0104046339775008
0.0100841186228746
0.0100005317420081
0.0090344688448976
0.00954846132201314
0.00999924233513799
0.0104796799415634
0.010230533876293
0.00924963881818022
0.0100216656072405
0.0102672435006907
0.0102725767763113
0.0101626985094609
0.0108152196684507
0.00948891841206476
0.00918827859819782
0.0101073082289436
0.00986160145901357
0.0100944202235823
0.0103919511195398
0.0100969868604477
0.00989102014622262
0.010870557871424
0.00924884000261973
0.0103930386662083
0.0105873827978874
0.00866165406693061
0.0101796336935226
0.00987112845573961
0.0088347775100901
0.0094555222451585
0.010362987416245
0.00983397718477527
0.00963908464664545
0.00983660528052431
0.0102900159128046
0.0107073301691404
0.00994186852059377
0.0108774789864092
0.00922625393337573
0.0101425910511918
0.0103593323349959
0.0107808357738509
0.00968106333696215
0.00951528268893969
0.0101536629261759
0.00982615248574721
0.00994880896369872
0.00931768617498806
0.0103732096694804
0.00941132944924065
0.00979267249837172
0.0101360859152665
0.0098250314954182
0.010351159099265
0.0097864530836728
0.0100421461336719
0.00996892849256631
0.00912826638842091
0.0106250687838334
0.0105679937511503
0.00972192541049997
0.010442775546607
0.00983757665921803
0.00968071147019856
0.00868351674792034
0.0101133054392319
0.00964837674823165
0.00975399012751586
0.0109129331380092
0.00951533466103518
0.010121819361562
0.010241681044777
0.0106605396301533
0.0098587356610051
0.0105650047924723
0.00972900163519342
0.00995341273968417
0.00926550372129759
0.00986607868336335
0.00900214671664588
0.0100239050193103
0.00913367645607346
0.010821332806982
0.0102794240300514
0.00981141269761946
0.0106227625388039
0.00952441715224636
0.00896516186769142
0.0101115373957418
0.00988401235251257
0.0093923981693683
0.00947464055261922
0.00949262476324397
0.00974629238928097
0.0106216563892664
0.0101362957902282
0.0102826586283888
0.0102594038156139
0.00957986305195043
0.010145250723674
0.0101009103969634
0.00983814578598459
0.0105058512197255
0.00995129621689072
0.0101681430516705
0.00899058055550882
0.00910923091254759
0.0109755146643837
0.0105937335152859
0.0099556737629524
0.00892828226772068
0.010686896084534
0.00979280783315768
0.00981797149484982
0.00908577333188453
0.00982550249800916
0.00982635190430112
0.0100320021235914
0.010110935586829
0.00976717211856747
0.00959012993830833
0.00925428929699195
0.0103377332315382
0.0092899057288107
0.0100017553417305
0.0100718792053182
0.0109101762882285
0.00937028469385041
0.00971475765602639
0.00990318147891814
0.0093966746865044
0.0101262382158276
0.0110063758419559
0.00975580039376287
0.0101510654721202
0.0105305687000601
0.00959981517475233
0.0104368049060083
0.0100789662834962
0.00925678813845686
0.0107147186767333
0.00987818321810447
0.00960698920377142
0.00935626497068017
0.00966142929902291
0.00973379779342095
0.00972867756187341
0.0099311553040986
0.0095740840629215
0.00922696791279673
0.010470369389251
0.010150935512907
0.0103139908081907
0.0110163928333769
0.0101523488107984
0.00966560703622964
0.00948875043360892
0.00973043282665076
0.00965902540521237
0.00960032887950796
0.0108793659494716
0.0102366739745062
0.0092360779091693
0.0100145286230847
0.00975841320274665
0.0102324183612822
0.00991769115321326
0.00992746244756334
0.0106874220505672
0.0098312095879938
0.0094956880892777
0.0103208308934818
0.0104075328178649
0.0102157019084464
0.0106343810158668
0.00973115259256032
0.0106542251878148
0.00946023882397843
0.00983890092260927
0.0104128853559062
0.0097667365665688
0.0100899184208761
0.0100899571758297
0.00995018459148675
0.00961454290969338
0.0101824874555894
0.0103590413223394
0.0101051087022892
0.010663774893947
0.00985676174597029
0.0100972170162196
0.0108563292562199
0.00960155642524121
0.00979772363338101
0.010023820716523
0.0103702430429355
0.0101804146295397
0.00964078518782544
0.00998314202583945
0.0101261847749176
0.00985797857351247
0.00975657441902026
0.010064224287109
0.0107582551546797
0.0106162112415367
0.00929581385356821
0.00963127352701987
0.0104568180381034
0.00976268413350041
0.00994418653676317
0.00965538637277836
0.00995249730606344
0.00961599797674735
0.0104623744739873
0.0104051252341796
0.0100361413553334
0.00931409830905195
0.0103838582973054
0.0101949401253769
0.0104087317103364
0.00986953557279759
0.00992971059042588
0.0103784712004482
0.0105697227518198
0.00989892679071503
0.00943506981458705
0.0106923869545412
0.00994798795421199
0.0102140046047699
0.00932921396887125
0.00982117804952029
0.0101439856299201
0.00978378495587439
0.0100213909526706
0.0100000771024321
0.00963789706315705
0.00979940621509217
0.0102274767192981
0.00943916810068902
0.0102923925002776
0.00909075501344584
0.00976718476171531
0.00976817299467761
0.00981997273859826
0.00911990732149913
0.0099283007199528
0.0102400931895555
0.00997506982332381
0.00954332431209584
0.00992391958466732
0.010245633011879
0.00949453666182749
0.00904624231661197
0.00930244623987581
0.00951347705703356
0.00947685128631986
0.00977752630396924
0.00916553705782595
0.00972604184599081
0.00886712188960095
0.0096520732762124
0.0109435728246256
0.00973628083827189
0.0103918063753171
0.0101382122357596
0.00968750358758201
0.0100430297490747
0.0104459347740316
0.00969893074540339
0.00958692491146474
0.0105376628904634
0.00927611247424285
0.0107068306383829
0.00914942064807177
0.0100551491919296
0.010343020433152
0.00941931298515895
0.00956103208185149
0.010810530200628
0.0107198959032099
0.0105155034128208
0.00962486571754215
0.00948214905657144
0.0102365491797889
0.0102414813635747
0.00949855530876551
0.00998258998033965
0.0102243744084394
0.00953479482812524
0.0101237159733794
0.00999041242463995
0.0107397475862754
0.00946529545603585
0.0106234338489463
0.00995151220238252
0.00933440357954163
0.01023159841407
0.0108565318041413
0.00965423010535414
0.0109169413545707
0.00981362556858899
0.00997313007591311
0.00897786457358713
0.0107795599719447
0.00953511089476962
0.00965937829541505
0.00967404933401115
0.0104184577144762
0.00969518014218422
0.00996351679720322
0.00960797038113608
0.00951614701114707
0.00911891383656922
0.0107952663484342
0.00983745009575558
0.00932951959131066
0.00912064406103897
0.0101324666456363
0.00993825379711022
0.0101915029129009
0.0104553896204763
0.0100211237116714
0.0100882905523806
0.0107640898809516
0.00981134386879174
0.0103437433520119
0.00925667935544998
0.00995934710364838
0.00970971500072309
0.00972269202919994
0.00936430917665551
0.0103359074030807
0.0103316567891924
0.0106055921041644
0.00965208949397872
0.0094895683591655
0.0104247722670909
0.00998285831340411
0.0106686191684974
0.0100082909424231
0.00973227779648732
0.00929605252160957
0.0100404941582079
0.00943054354870414
0.0105563895773943
0.0101827602391535
0.00960149046272552
0.0105234759849394
0.00920594068343019
0.0098967074219109
0.00983684072091403
0.00972452203872647
0.00965512081909447
0.00942879591849561
0.00967120322853117
0.0102104505768714
